758
  8.9888790230871344e-05  0  0  0  0  2  0  0  1  0  0  0  0  0  0  0  0
 -4.6146374992050079e-10  0  0  0  0  0  0  0  0  0  0  1  1  0  0  1  0
 -3.5216276718801100e-06  0  0  0  3  0  0  0  0  0  0  0  0  0  0  0  2
 -1.0323156876655506e-09  1  0  0  0  0  0  1  0  0  1  0  0  0  0  0  0
  3.6418994534360712e-02  1  0  0  1  3  0  0  0  0  0  0  0  0  0  0  0
 -8.5049927576696115e-06  0  0  1  0  0  0  0  0  0  0  0  0  0  0  1  3
  7.6364134493444712e-03  2  0  0  1  0  0  2  0  0  0  0  0  0  0  0  0
 -1.7216578582555542e-02  0  0  1  0  1  1  2  0  0  0  0  0  0  0  0  0
  1.0023640340825936e-02  0  1  0  1  0  3  0  0  0  0  0  0  0  0  0  0
  2.3264454073093788e-03  0  2  0  0  2  0  0  1  0  0  0  0  0  0  0  0
 -1.4025199752029459e-04  1  1  1  0  0  0  0  0  0  0  2  0  0  0  0  0
  2.2639709390638857e-10  0  0  0  1  0  0  1  0  0  0  0  0  0  0  1  0
  1.3226748501404849e-10  0  0  0  0  0  1  0  1  0  0  0  0  0  1  0  0
  9.0348393889493626e-06  0  0  0  2  0  0  0  0  0  0  0  0  0  0  2  1
 -1.1952171961630445e-05  0  0  0  3  0  0  0  0  0  0  2  0  0  0  0  0
  6.5956025543019642e-04  0  0  1  0  0  0  0  0  0  2  1  1  0  0  0  0
 -5.7427843459610408e-06  0  0  1  0  0  0  0  0  0  0  0  0  1  1  0  2
  1.7368617084837297e-05  1  1  1  0  0  0  0  0  0  0  0  0  0  2  0  0
 -1.0032118158312108e-06  0  0  0  0  0  0  0  0  0  0  0  3  0  0  0  0
 -2.6145558514822143e-07  0  0  3  0  0  0  0  0  0  0  0  0  1  1  0  0
 -1.5490139239689320e-04  0  0  1  0  0  0  0  0  0  0  3  1  0  0  0  0
 -9.6475377002491550e-03  0  0  2  0  0  2  0  1  0  0  0  0  0  0  0  0
  2.5574730032846792e-05  0  0  2  1  0  0  0  0  2  0  0  0  0  0  0  0
 -2.1049689223757297e-02  1  1  0  1  1  1  0  0  0  0  0  0  0  0  0  0
 -1.6202547678122976e-02  0  1  0  0  0  3  0  1  0  0  0  0  0  0  0  0
  1.5265947596726980e-07  0  0  0  0  0  0  0  1  0  0  0  0  0  0  0  0
 -2.4170569616688347e-06  0  0  2  1  0  0  0  0  0  0  0  0  0  0  0  2
 -5.9309110334169881e-11  0  0  1  0  1  0  0  0  0  1  0  0  0  0  0  0
  3.4370845797449887e-10  0  0  0  0  0  0  0  0  0  0  0  1  0  0  0  2
  1.5925907774633322e-10  0  0  0  0  0  0  0  0  0  0  1  0  0  0  1  1
  6.1618446779345715e-06  0  2  0  1  0  0  0  0  2  0  0  0  0  0  0  0
 -1.3124862514575578e-06  0  0  0  3  0  0  0  0  0  0  0  0  0  0  2  0
 -1.5941103035638032e-02  0  1  1  0  1  2  0  0  0  0  0  0  0  0  0  0
 -1.3498025736227367e-10  0  0  0  0  2  0  0  0  0  0  0  0  0  0  0  1
  8.9751428123302707e-05  0  0  0  0  0  0  0  0  0  0  0  0  0  4  0  1
 -7.3628766221816986e-12  0  0  1  0  0  1  0  0  0  0  0  0  1  0  0  0
 -6.9138253742122153e-06  2  1  0  0  0  0  0  0  0  0  0  0  0  1  0  1
  1.3221704234717328e-11  0  1  0  0  0  0  0  0  1  0  0  0  0  0  1  0
 -3.3345086222566962e-05  1  0  0  0  0  0  0  0  0  0  0  0  0  1  1  2
 -2.7344636771151000e-03  0  0  0  1  0  0  4  0  0  0  0  0  0  0  0  0
  2.4552572482389810e-07  4  0  0  0  0  0  0  0  0  0  0  0  0  0  0  1
  1.7582739469683081e-02  0  1  1  0  1  0  2  0  0  0  0  0  0  0  0  0
  8.4377664638780687e-08  0  0  1  0  0  0  0  0  1  1  0  0  0  0  0  0
 -1.7483552529852352e-10  0  0  0  0  0  0  0  0  0  0  0  1  2  0  0  0
  1.4025199752029459e-04  1  1  1  0  0  0  0  0  0  2  0  0  0  0  0  0
 -2.4788743917286971e-02  0  0  0  0  2  0  2  1  0  0  0  0  0  0  0  0
  2.7614487174311214e-05  1  0  0  0  0  0  0  0  0  0  0  0  1  0  2  1
  1.0496929748705473e-04  0  0  0  2  0  0  0  0  0  0  2  1  0  0  0  0
 -7.8436675544466420e-07  0  0  1  2  0  0  0  0  0  0  0  0  1  1  0  0
  1.4488757756554611e-07  0  0  0  1  0  0  0  0  0  0  0  0  0  0  0  2
 -1.6861697644348473e-05  1  1  0  1  0  0  0  0  0  0  0  0  0  0  1  1
 -2.2575480158892277e-03  0  1  0  3  0  1  0  0  0  0  0  0  0  0  0  0
 -7.9522226950792390e-05  0  0  0  0  0  0  0  0  0  0  0  0  0  2  2  1
  4.9476202110217937e-06  0  0  0  4  0  0  0  0  0  0  0  1  0  0  0  0
  4.8516333227940803e-04  1  0  0  0  0  0  0  0  0  3  1  0  0  0  0  0
 -1.2261976890943037e-02  1  0  2  0  0  1  1  0  0  0  0  0  0  0  0  0
 -2.7601413778407597e-04  0  1  1  0  0  0  0  0  0  1  1  1  0  0  0  0
  2.3785532127581548e-05  2  1  0  1  0  0  0  0  0  1  0  0  0  0  0  0
 -1.7367511346461581e-05  0  0  1  1  0  0  0  0  0  0  0  0  0  2  1  0
 -6.3221759498878512e-07  0  0  0  1  0  0  0  0  0  2  0  0  0  0  0  0
 -2.5762352726609566e-05  0  0  0  1  0  0  0  0  0  0  0  0  0  4  0  0
  9.4788466379587556e-08  0  0  4  0  0  0  0  0  0  0  0  0  0  0  0  1
 -1.6832895142036857e-05  0  0  1  1  0  0  0  0  0  0  0  0  2  0  1  0
 -8.5049927576696098e-06  0  0  1  0  0  0  0  0  0  0  0  0  0  0  3  1
  9.7206143952890899e-05  0  0  1  1  0  0  0  0  1  1  0  1  0  0  0  0
  1.5510492218567233e-02  0  1  0  1  2  1  0  0  0  0  0  0  0  0  0  0
  3.3269488249292275e-03  0  0  2  0  0  0  0  3  0  0  0  0  0  0  0  0
 -5.9179285486796282e-06  0  3  0  0  0  0  0  0  1  0  1  0  0  0  0  0
 -2.4645953883918161e-03  1  1  3  0  0  0  0  0  0  0  0  0  0  0  0  0
 -1.6222995063026559e-04  2  0  0  1  0  0  0  0  2  0  0  0  0  0  0  0
  3.2180848087166292e-10  0  0  0  0  0  0  0  1  0  0  0  0  0  0  0  2
 -9.8645056677703208e-03  0  0  0  3  0  0  0  2  0  0  0  0  0  0  0  0
 -2.6739550401959231e-09  0  0  0  0  0  0  0  1  2  0  0  0  0  0  0  0
  8.9653020015540725e-03  0  1  0  0  0  1  0  3  0  0  0  0  0  0  0  0
  7.5794895943024042e-08  0  0  1  0  0  0  0  0  0  0  0  0  0  0  1  1
  2.2218571839366739e-12  0  0  1  0  0  0  0  0  0  1  0  0  1  0  0  0
 -4.8990265551376402e-06  0  0  3  0  0  0  0  0  1  1  0  0  0  0  0  0
 -5.0819205051175957e-04  1  1  0  0  0  0  0  0  2  0  1  0  0  0  0  0
 -8.8224213714293251e-08  0  0  2  0  0  0  0  0  0  0  0  1  0  0  0  0
 -2.5356640524418027e-05  0  1  0  0  0  0  0  0  0  0  0  0  1  0  1  2
  1.6754332386562684e-10  0  0  0  0  0  2  0  0  0  0  0  0  0  0  0  1
 -1.3162350103527003e-04  0  1  0  0  0  0  0  0  1  0  3  0  0  0  0  0
  5.5347269204211595e-12  0  0  0  0  0  1  1  0  0  0  0  0  1  0  0  0
 -5.2468889409246959e-04  1  1  0  0  0  0  0  0  0  2  1  0  0  0  0  0
  2.8805448581900740e-02  1  0  0  0  1  0  2  1  0  0  0  0  0  0  0  0
 -1.0818762585311757e-03  0  3  0  0  0  1  0  1  0  0  0  0  0  0  0  0
  6.5014551307414647e-06  0  0  2  1  0  0  0  0  0  0  0  0  0  0  0  0
  2.7933657370331617e-02  0  0  0  0  1  1  1  2  0  0  0  0  0  0  0  0
 -1.2894608782250211e-05  0  2  2  0  0  0  0  0  0  0  0  1  0  0  0  0
  5.8618299354865511e-02  1  0  0  2  1  0  0  1  0  0  0  0  0  0  0  0
 -1.0454251157896732e-02  1  0  1  0  0  3  0  0  0  0  0  0  0  0  0  0
 -7.8287292807220356e-05  0  0  0  0  0  0  0  0  0  0  0  0  2  0  2  1
  4.1760075050206345e-04  2  0  0  0  0  0  0  0  0  2  0  1  0  0  0  0
  5.6970394939268021e-04  2  0  0  0  0  0  0  0  2  0  0  1  0  0  0  0
  4.8603071976445449e-05  0  0  2  0  0  0  0  0  1  1  1  0  0  0  0  0
  4.1973474139889427e-12  0  1  0  0  0  0  0  0  0  0  1  0  1  0  0  0
  3.2913708286253397e-10  0  1  0  0  1  0  0  0  0  0  1  0  0  0  0  0
  2.4170569616688339e-06  0  0  2  1  0  0  0  0  0  0  0  0  2  0  0  0
 -3.5419587174962634e-03  1  2  0  0  1  0  0  1  0  0  0  0  0  0  0  0
  6.5420138253874268e-06  0  1  0  0  0  0  0  0  0  0  0  0  0  1  0  3
 -1.9529324751114525e-02  1  1  1  0  0  0  2  0  0  0  0  0  0  0  0  0
 -3.0869009108183492e-06  0  1  0  3  0  0  0  0  0  1  0  0  0  0  0  0
  3.0932142656619400e-02  1  0  0  1  1  2  0  0  0  0  0  0  0  0  0  0
  3.0786953759671328e-02  0  0  1  0  0  2  1  1  0  0  0  0  0  0  0  0
 -5.1971952069518849e-11  0  0  0  1  1  0  0  0  0  0  0  0  1  0  0  0
 -4.7142273076072674e-03  0  2  0  1  0  2  0  0  0  0  0  0  0  0  0  0
  7.8637462421192347e-07  0  3  0  0  0  0  0  0  0  0  0  0  0  1  0  1
  2.9218865271185493e-06  2  2  0  0  0  0  0  0  0  0  0  1  0  0  0  0
 -1.0284309103681611e-04  0  1  1  1  0  0  0  0  1  0  0  1  0  0  0  0
  7.1404997881247606e-03  0  2  0  0  0  2  0  1  0  0  0  0  0  0  0  0
  1.1163541594833345e-02  1  1  0  2  0  0  1  0  0  0  0  0  0  0  0  0
  2.4438446405160560e-05  0  2  0  0  0  0  0  0  0  0  0  3  0  0  0  0
 -6.5461871402817663e-05  2  0  0  0  0  0  0  0  1  1  1  0  0  0  0  0
  3.9047932712224328e-12  0  0  1  0  0  0  0  0  0  0  0  1  0  0  1  0
 -2.5574730032846796e-05  0  0  2  1  0  0  0  0  0  0  0  2  0  0  0  0
 -3.0843408721413442e-02  1  1  0  0  2  0  1  0  0  0  0  0  0  0  0  0
 -6.3821719572798737e-05  1  0  0  2  0  0  0  0  0  1  1  0  0  0  0  0
  1.3863153067588412e-05  0  1  1  0  0  0  0  0  0  0  0  0  1  0  0  2
  2.4142742371945312e-06  0  0  0  0  0  0  0  0  0  2  0  1  0  0  0  0
 -1.1547394519223923e-05  1  0  0  1  0  0  0  0  0  0  0  0  1  0  2  0
 -1.6496014472545578e-08  0  0  2  0  0  0  0  0  0  0  0  0  0  0  0  1
 -1.5935127474991845e-08  0  2  0  0  0  0  0  0  0  0  0  0  0  0  0  1
 -1.5841266386402784e-02  0  0  0  0  0  2  0  3  0  0  0  0  0  0  0  0
 -5.2090836021102007e-12  0  1  0  0  0  0  1  0  0  0  0  0  1  0  0  0
 -8.3446119419012196e-05  1  0  1  1  0  0  0  0  0  1  0  1  0  0  0  0
 -7.2695565170142125e-07  2  0  2  0  0  0  0  0  0  0  0  0  0  0  0  1
 -3.8696510278823931e-06  2  0  1  1  0  0  0  0  0  0  0  0  0  0  1  0
 -3.5491935490311773e-02  1  1  0  1  0  0  1  1  0  0  0  0  0  0  0  0
  1.0818762585311755e-03  0  3  0  0  1  0  1  0  0  0  0  0  0  0  0  0
  4.7668939957080837e-05  0  1  0  0  1  0  1  0  0  0  0  0  0  0  0  0
 -6.4822807775321364e-06  0  2  0  0  0  0  0  0  0  0  0  0  2  0  0  1
 -1.2185990991063497e-06  0  2  0  0  0  0  0  1  0  0  0  0  0  0  0  0
  2.6494504412563927e-05  1  1  0  0  0  0  0  0  0  0  0  0  0  0  1  2
 -2.2973909788086770e-02  1  0  1  1  0  1  0  1  0  0  0  0  0  0  0  0
 -3.0620035746334436e-11  0  0  0  0  0  0  2  0  0  0  0  0  0  0  0  1
  5.8530564433858364e-03  0  2  0  1  0  0  2  0  0  0  0  0  0  0  0  0
  3.0101774865150990e-08  0  4  0  0  0  0  0  0  0  0  0  0  0  0  0  1
 -3.6287010157188541e-02  0  0  0  1  1  1  1  1  0  0  0  0  0  0  0  0
 -5.3912760021540516e-05  1  1  0  0  0  0  0  0  0  0  0  0  2  0  1  0
  1.3410539149879051e-05  1  0  1  2  0  0  0  0  0  1  0  0  0  0  0  0
 -1.1195495388155187e-02  0  2  0  0  1  1  1  0  0  0  0  0  0  0  0  0
 -1.0674279939707470e-05  0  0  2  0  0  0  0  1  0  0  0  0  0  0  0  0
  1.9909039116716034e-10  0  0  0  0  0  0  0  0  1  0  0  1  1  0  0  0
  3.4687391929207711e-09  0  0  0  0  0  0  0  1  0  0  0  2  0  0  0  0
  4.7075502854753559e-04  0  0  0  1  0  0  0  0  0  2  2  0  0  0  0  0
 -2.0595242548678577e-04  0  0  1  1  0  0  0  0  0  2  1  0  0  0  0  0
  7.2593978971799308e-06  0  1  0  1  0  1  0  0  0  0  0  0  0  0  0  0
 -7.0346360304493943e-05  0  0  0  0  1  1  1  0  0  0  0  0  0  0  0  0
  1.1447498771128560e-07  3  0  1  0  0  0  0  0  0  0  0  0  0  1  0  0
  6.0420838084592320e-03  0  0  2  1  2  0  0  0  0  0  0  0  0  0  0  0
  3.1925590795751259e-05  0  0  1  0  0  0  1  1  0  0  0  0  0  0  0  0
 -2.2966962191888886e-10  0  0  0  0  0  0  0  0  0  1  0  0  0  1  0  1
  4.5309159159185468e-05  2  0  0  0  0  0  0  0  0  0  0  0  0  2  0  1
  9.0041030622573393e-03  0  0  2  0  0  0  2  1  0  0  0  0  0  0  0  0
  1.0302068783646136e-07  0  1  0  1  0  0  0  0  0  1  0  0  0  0  0  0
  2.9071756934310143e-10  0  0  0  0  0  0  0  0  1  1  0  0  0  0  1  0
  3.4844511908683898e-07  0  0  0  0  0  0  0  0  0  0  0  0  2  0  0  1
 -1.0398580456896395e-07  0  0  0  1  0  0  0  0  0  0  0  0  0  2  0  0
  4.4029623560453291e-07  1  0  3  0  0  0  0  0  0  0  0  0  0  1  0  0
  3.6188952631433237e-05  0  0  0  1  0  0  0  0  0  0  0  0  2  0  2  0
 -7.7874535809318592e-05  2  1  0  0  0  0  0  0  0  1  0  1  0  0  0  0
 -1.0032118158312108e-06  0  0  0  0  0  0  0  0  0  0  2  1  0  0  0  0
 -6.7643654976314635e-11  0  0  0  0  0  0  0  0  0  1  0  0  1  0  1  0
 -1.7368617084837300e-05  1  1  1  0  0  0  0  0  0  0  0  0  0  0  0  2
  5.8003983967056624e-05  0  2  1  0  0  0  0  0  0  0  1  1  0  0  0  0
  2.3524489352217575e-05  2  0  0  1  0  0  0  0  0  0  0  0  0  0  0  2
 -3.5274816707550334e-04  0  0  0  2  0  0  0  0  2  0  0  1  0  0  0  0
 -1.0141178466693841e-02  2  1  1  0  1  0  0  0  0  0  0  0  0  0  0  0
 -6.9439258579824569e-04  0  0  0  1  0  0  0  0  2  2  0  0  0  0  0  0
  2.8205178023280493e-02  1  1  0  0  0  0  1  2  0  0  0  0  0  0  0  0
  2.5588784313211686e-04  0  0  0  0  0  0  0  0  0  0  2  3  0  0  0  0
 -6.3061379049477676e-05  2  0  0  2  0  0  0  0  0  0  0  1  0  0  0  0
 -1.3987690384395278e-02  0  0  0  0  1  3  1  0  0  0  0  0  0  0  0  0
 -1.9965041249739050e-05  2  0  0  0  0  0  0  0  0  0  0  0  0  0  0  3
  2.7522847249451324e-03  0  0  0  0  0  0  0  0  2  2  0  1  0  0  0  0
  4.2460839697397432e-06  0  0  1  1  0  0  0  0  0  0  0  0  1  1  0  1
  6.5862965979297917e-06  1  0  1  1  0  0  0  0  0  0  0  0  1  0  1  0
 -2.2749765547939635e-06  0  2  0  1  0  0  0  0  0  0  0  0  0  0  0  2
  8.9474775308841913e-03  0  0  0  0  1  1  3  0  0  0  0  0  0  0  0  0
 -2.4170569616688331e-06  0  0  2  1  0  0  0  0  0  0  0  0  0  0  2  0
 -1.8811128765852579e-10  0  0  0  0  1  0  0  0  0  0  0  0  0  1  1  0
 -1.3622558071216347e-05  0  0  3  0  0  0  0  0  0  0  1  1  0  0  0  0
 -1.2047726288395066e-07  1  1  0  0  0  0  0  0  0  0  0  0  0  0  1  0
 -1.0016615272518773e-02  0  0  2  0  2  0  0  1  0  0  0  0  0  0  0  0
  2.7562749968904904e-07  2  2  0  0  0  0  0  0  0  0  0  0  0  0  0  1
 -4.1593362171529546e-11  1  0  0  0  0  0  0  0  0  0  1  0  0  1  0  0
 -1.3875907402751807e-04  0  2  0  0  0  0  0  3  0  0  0  0  0  0  0  0
 -1.4025199752029459e-04  1  1  1  0  0  0  0  0  0  0  0  2  0  0  0  0
 -5.7427843459610408e-06  0  0  1  0  0  0  0  0  0  0  0  0  1  1  2  0
  1.2015644207580395e-02  1  1  2  0  0  0  1  0  0  0  0  0  0  0  0  0
  2.2959368019067279e-05  0  1  0  0  0  0  0  0  0  0  0  0  3  0  1  0
 -5.3772848921626487e-11  1  0  0  0  0  0  0  0  0  1  0  0  0  0  1  0
 -3.0234411346022862e-06  1  3  0  0  0  0  0  0  0  0  1  0  0  0  0  0
  3.4169606116018092e-07  1  0  0  1  0  0  0  0  1  0  0  0  0  0  0  0
 -1.0141178466693839e-02  1  2  1  0  0  1  0  0  0  0  0  0  0  0  0  0
  3.5165478939366161e-02  0  1  0  1  1  0  1  1  0  0  0  0  0  0  0  0
 -1.9525393898740407e-02  2  0  0  0  0  0  0  3  0  0  0  0  0  0  0  0
 -2.3041745526744357e-03  1  3  0  0  0  0  1  0  0  0  0  0  0  0  0  0
  5.1230732532971027e-07  0  0  1  0  0  0  0  0  0  0  1  1  0  0  0  0
  1.3208887068135991e-06  0  1  1  2  0  0  0  0  0  0  0  0  1  0  0  0
  8.4026533640527961e-03  0  0  0  3  2  0  0  0  0  0  0  0  0  0  0  0
 -9.3059972090434255e-06  0  1  1  0  0  0  0  0  0  0  0  0  1  2  0  0
  6.6227954200732864e-07  0  2  0  1  0  0  0  0  0  0  0  0  0  2  0  0
 -7.8637462421192347e-07  0  3  0  0  0  0  0  0  0  0  0  0  1  0  1  0
 -9.1375574666423427e-04  0  3  1  0  1  0  0  0  0  0  0  0  0  0  0  0
 -1.5941103035638036e-02  1  0  1  0  2  1  0  0  0  0  0  0  0  0  0  0
  1.7534223560163439e-05  0  2  1  0  0  0  0  0  1  1  0  0  0  0  0  0
  4.4701797166263501e-06  0  1  3  0  0  0  0  0  1  0  0  0  0  0  0  0
 -2.6605173781626955e-06  1  2  1  0  0  0  0  0  0  0  0  0  0  1  0  0
  8.8144861246269954e-05  0  0  0  1  0  0  0  0  0  0  0  0  2  0  0  2
  3.7877816837408956e-02  2  0  0  1  0  0  0  2  0  0  0  0  0  0  0  0
 -8.0691348927781104e-10  0  0  0  0  2  0  0  0  0  0  0  1  0  0  0  0
  5.8170158238686823e-05  0  0  0  2  0  0  0  0  1  1  1  0  0  0  0  0
  3.3117877813941154e-11  1  0  0  0  0  0  0  0  0  0  0  1  1  0  0  0
 -1.0498287289905099e-10  1  0  0  0  0  0  1  0  0  0  0  0  0  1  0  0
 -2.5334356306126495e-02  0  0  0  0  0  2  2  1  0  0  0  0  0  0  0  0
  5.1068798476032817e-05  0  0  0  1  0  0  0  2  0  0  0  0  0  0  0  0
  7.7874535809318592e-05  2  1  0  0  0  0  0  0  1  0  1  0  0  0  0  0
 -3.3137121306338262e-06  0  0  1  2  0  0  0  0  0  0  0  0  0  0  1  1
 -1.5747772127701265e-08  1  0  1  0  0  0  0  0  0  0  0  0  0  1  0  0
 -4.0193527985103825e-04  0  0  0  1  0  0  0  0  4  0  0  0  0  0  0  0
 -2.4288160925748565e-09  0  0  0  0  1  0  0  0  0  1  1  0  0  0  0  0
 -1.2455730328927738e-07  1  0  0  0  0  0  0  0  0  0  0  0  1  0  0  1
  1.2909828021452402e-03  0  0  0  1  0  0  0  0  2  0  0  2  0  0  0  0
 -1.3033781344156223e-03  1  0  0  0  0  0  0  0  3  0  0  1  0  0  0  0
 -5.5657126435198675e-05  0  0  0  1  2  0  0  0  0  0  0  0  0  0  0  0
  7.2814384712393284e-10  0  0  0  0  0  0  1  0  0  0  1  1  0  0  0  0
  1.7534223560163439e-05  2  0  1  0  0  0  0  0  1  1  0  0  0  0  0  0
  5.8003983967056617e-05  2  0  1  0  0  0  0  0  0  0  1  1  0  0  0  0
 -1.5490139239689318e-04  0  0  1  0  0  0  0  0  0  0  1  3  0  0  0  0
 -8.2185746581833665e-13  0  1  0  0  0  0  0  1  0  0  0  0  0  1  0  0
 -3.2385833373193168e-06  1  1  0  1  0  0  0  0  0  0  0  0  1  1  0  0
  4.5959757218519602e-07  1  0  0  0  0  0  0  0  0  1  1  0  0  0  0  0
 -1.1420802206240802e-06  0  1  2  1  0  0  0  0  0  0  0  0  0  1  0  0
  3.0397063450382121e-03  0  0  0  4  0  0  0  1  0  0  0  0  0  0  0  0
  2.7873731347947856e-11  0  0  1  0  0  0  0  1  0  0  0  0  0  0  1  0
  2.6785125468170554e-06  0  0  0  3  0  0  0  0  0  0  0  0  2  0  0  0
  3.0786953759671328e-02  0  0  1  0  2  0  1  1  0  0  0  0  0  0  0  0
 -6.6697705313882136e-11  0  0  0  1  0  1  0  0  0  0  0  0  0  1  0  0
  1.3162350103527001e-04  0  1  0  0  0  0  0  0  0  1  0  3  0  0  0  0
  1.3410539149879051e-05  0  1  1  2  0  0  0  0  1  0  0  0  0  0  0  0
  2.0675703477709144e-05  0  0  0  3  0  0  0  0  0  2  0  0  0  0  0  0
 -1.9348255139411965e-06  0  2  2  0  0  0  0  0  0  0  0  0  0  0  0  1
 -1.2703632694184475e-07  0  0  0  0  0  0  0  0  0  0  0  0  0  0  0  3
 -6.0755390416626763e-08  0  2  0  0  0  0  0  0  0  0  0  1  0  0  0  0
  2.8302202441660863e-02  0  1  0  0  0  1  2  1  0  0  0  0  0  0  0  0
 -1.0633374407481471e-06  0  3  0  1  0  0  0  0  0  1  0  0  0  0  0  0
  1.2871893006432804e-10  0  0  0  0  1  0  0  0  0  0  0  0  1  0  0  1
 -5.7201808453455926e-07  1  1  0  0  0  0  0  0  0  0  1  0  0  0  0  0
 -1.2027260344071048e-05  0  1  2  1  0  0  0  0  0  1  0  0  0  0  0  0
  4.4701797166263501e-06  1  0  3  0  0  0  0  0  0  1  0  0  0  0  0  0
  4.1724696965263755e-11  0  1  0  0  1  0  0  0  0  0  0  0  0  0  1  0
 -5.5830729724918118e-05  0  0  0  1  0  0  0  0  0  0  0  0  2  2  0  0
  4.4494621716690132e-04  0  0  0  1  0  0  0  0  2  0  2  0  0  0  0  0
  6.9092681622522076e-08  0  0  0  1  0  0  0  0  0  0  0  0  0  0  2  0
 -1.5847168952888445e-08  0  0  0  0  0  0  0  0  0  0  0  0  1  1  1  0
  1.0947797390383123e-04  0  0  1  0  0  0  0  0  1  3  0  0  0  0  0  0
  9.7703134678706462e-07  0  2  1  0  0  0  0  0  0  0  0  0  1  1  0  0
 -1.2217408331168947e-02  2  0  0  0  1  1  1  0  0  0  0  0  0  0  0  0
 -2.4815080597088392e-02  0  1  0  0  2  1  0  1  0  0  0  0  0  0  0  0
 -3.6722806445068940e-04  0  0  0  5  0  0  0  0  0  0  0  0  0  0  0  0
 -1.6004039857255233e-10  0  0  0  0  0  0  1  0  1  1  0  0  0  0  0  0
  6.9369156185187917e-05  0  0  2  0  0  0  0  0  0  0  2  1  0  0  0  0
 -1.4530459523536364e-05  1  0  0  0  0  0  0  0  0  0  0  0  0  1  3  0
  2.2973909788086770e-02  1  0  1  1  1  0  1  0  0  0  0  0  0  0  0  0
  2.6356797598009819e-06  1  1  0  2  0  0  0  0  0  0  0  0  0  0  1  0
  7.3811198313123456e-03  0  0  0  0  0  0  2  3  0  0  0  0  0  0  0  0
 -3.5806692634691661e-02  1  0  1  0  1  0  1  1  0  0  0  0  0  0  0  0
  3.9047932712224384e-12  0  0  1  0  0  0  0  0  0  0  1  0  0  0  0  1
 -7.0817086667806940e-03  0  0  1  2  1  1  0  0  0  0  0  0  0  0  0  0
 -1.2523225360578469e-03  1  0  0  0  0  0  0  0  1  2  0  1  0  0  0  0
  2.5288429857292958e-05  1  0  0  1  0  0  0  0  0  0  0  0  1  2  0  0
  1.4025199752029459e-04  1  1  1  0  0  0  0  0  2  0  0  0  0  0  0  0
  9.9808464747876829e-03  0  0  0  2  0  0  2  1  0  0  0  0  0  0  0  0
  1.5658000712115792e-02  0  0  0  2  0  0  0  3  0  0  0  0  0  0  0  0
  2.0015793107707784e-02  1  0  1  0  0  1  2  0  0  0  0  0  0  0  0  0
 -2.7235546245117745e-10  0  0  0  0  0  0  2  0  0  0  0  1  0  0  0  0
  2.3351687075499304e-03  4  0  0  0  0  0  0  1  0  0  0  0  0  0  0  0
  6.0232262592995742e-06  0  0  1  1  0  0  0  0  0  0  0  0  0  0  3  0
  4.0031586215415575e-02  1  0  0  1  0  1  1  1  0  0  0  0  0  0  0  0
  1.0133647623896410e-09  1  0  0  0  0  0  0  1  1  0  0  0  0  0  0  0
  3.2784370725243686e-05  1  1  1  0  0  0  0  0  0  0  0  0  0  0  0  0
 -1.7413534769171171e-03  0  2  0  1  2  0  0  0  0  0  0  0  0  0  0  0
  2.6576581892945987e-06  0  0  0  2  0  0  0  0  0  0  0  0  1  1  1  0
 -6.5862965979297925e-06  1  0  1  1  0  0  0  0  0  0  0  0  0  1  0  1
 -4.1723059709506091e-05  0  1  2  0  0  0  0  0  1  0  1  0  0  0  0  0
 -1.9398886089626615e-07  0  3  0  1  0  0  0  0  0  0  0  0  0  1  0  0
 -5.6042748735865481e-10  0  0  0  1  1  0  0  0  1  0  0  0  0  0  0  0
 -2.2285515223204410e-04  0  0  0  1  0  0  0  0  0  0  0  4  0  0  0  0
  3.1940385599882851e-05  1  0  0  0  0  0  0  0  0  0  0  0  2  1  1  0
  2.5743053976423019e-05  1  0  0  1  0  0  0  0  0  0  0  0  3  0  0  0
 -7.7859121638017422e-05  1  0  0  0  0  0  0  0  0  0  0  0  3  0  0  1
  3.4989765829018243e-05  0  0  2  0  0  0  0  0  0  0  0  3  0  0  0  0
 -1.3126021211834903e-03  0  0  0  0  0  0  0  0  0  2  2  1  0  0  0  0
  6.5014551307414638e-06  0  0  0  3  0  0  0  0  0  0  0  0  0  0  0  0
 -4.9499144146771678e-11  0  0  0  1  0  0  0  0  0  1  0  0  0  1  0  0
 -3.5517396189165866e-11  0  0  0  0  0  0  0  0  2  0  0  0  0  0  0  1
  5.9371442532261525e-06  0  0  2  2  0  0  0  0  0  0  0  1  0  0  0  0
  3.9580961688174350e-06  0  0  3  1  0  0  0  0  0  0  1  0  0  0  0  0
 -8.4696809002647916e-05  0  0  0  0  0  0  0  0  0  0  0  0  2  0  0  3
  4.6429113873341819e-05  1  0  0  0  0  0  0  0  0  0  0  0  1  0  0  3
  6.0794126900764231e-04  0  0  4  0  0  0  0  1  0  0  0  0  0  0  0  0
 -3.0068376998308565e-05  0  0  0  1  0  0  0  0  0  0  0  0  4  0  0  0
 -6.7904570802699315e-10  0  0  0  1  0  1  0  0  0  1  0  0  0  0  0  0
 -7.4170164474728387e-06  0  1  0  1  0  0  0  0  0  0  0  0  0  1  0  2
 -3.9092624219964168e-04  0  0  0  0  0  0  0  0  3  1  1  0  0  0  0  0
  4.3463520024699455e-04  0  1  0  0  0  0  0  0  1  2  1  0  0  0  0  0
 -2.5789217564500419e-05  2  0  1  1  0  0  0  0  0  0  1  0  0  0  0  0
 -3.1865321664427203e-02  1  1  0  0  0  2  1  0  0  0  0  0  0  0  0  0
  1.1796723342516161e-10  0  0  0  0  1  0  1  0  0  0  0  0  0  1  0  0
  2.2218571839366582e-12  0  0  1  0  0  0  0  0  1  0  0  0  0  1  0  0
 -1.0335176709982159e-10  0  0  0  0  0  0  0  0  0  0  2  0  0  0  0  1
 -3.8224218593110862e-03  0  0  3  0  0  0  1  1  0  0  0  0  0  0  0  0
  3.3259795013395051e-07  0  0  0  0  0  0  0  0  0  0  0  0  0  2  0  1
  6.0420838084592303e-03  0  0  2  1  0  2  0  0  0  0  0  0  0  0  0  0
  1.2206692910930099e-10  1  0  0  0  1  0  0  0  0  0  0  0  0  0  0  1
 -9.1375574666423438e-04  3  0  1  0  0  1  0  0  0  0  0  0  0  0  0  0
 -4.0867674213649042e-05  0  0  1  2  0  0  0  0  0  0  1  1  0  0  0  0
  2.3661628624254251e-03  2  2  0  0  0  0  0  1  0  0  0  0  0  0  0  0
 -8.8513730899133630e-06  1  0  1  0  0  0  0  0  0  0  0  0  0  3  0  0
 -1.3859140163811741e-05  0  0  0  1  0  0  0  0  0  0  0  0  1  1  1  1
 -2.6299080953023202e-05  0  0  0  0  0  0  2  1  0  0  0  0  0  0  0  0
 -4.9488043417636738e-08  0  0  0  2  0  0  0  0  0  0  0  0  0  0  0  1
 -1.3241250331717167e-02  1  0  0  2  0  1  1  0  0  0  0  0  0  0  0  0
  1.2495435642908597e-02  2  0  1  0  0  0  1  1  0  0  0  0  0  0  0  0
  1.0086273516412324e-10  0  0  0  0  0  1  1  0  1  0  0  0  0  0  0  0
  2.4317650760305692e-03  0  0  3  1  0  0  1  0  0  0  0  0  0  0  0  0
  1.8089694164399054e-05  1  0  0  2  0  0  0  0  0  0  0  0  1  0  0  1
 -2.9399670894147268e-10  0  0  0  0  0  0  0  1  0  0  0  0  0  2  0  0
 -1.0839828891794933e-05  0  0  0  1  0  2  0  0  0  0  0  0  0  0  0  0
 -3.0211745018899398e-02  1  0  0  0  0  1  1  2  0  0  0  0  0  0  0  0
  2.5779350079340466e-04  0  1  0  1  0  0  0  0  1  0  1  1  0  0  0  0
  5.0515147589275740e-04  1  0  0  0  0  0  0  0  1  0  2  1  0  0  0  0
  3.7915386551835033e-07  0  0  3  1  0  0  0  0  0  0  0  0  0  0  1  0
  1.3208887068135991e-06  1  0  1  2  0  0  0  0  0  0  0  0  0  1  0  0
  1.0947797390383122e-04  0  0  1  0  0  0  0  0  3  1  0  0  0  0  0  0
  1.7623340586336713e-02  1  0  0  0  0  3  1  0  0  0  0  0  0  0  0  0
  5.9617771308011094e-04  0  0  0  0  0  0  0  0  1  1  1  2  0  0  0  0
 -1.1655592928219656e-04  2  0  0  1  0  0  0  0  0  2  0  0  0  0  0  0
  1.2889675039670233e-04  1  0  1  0  0  0  0  0  0  1  0  2  0  0  0  0
 -1.1970365078556478e-04  1  0  1  0  0  0  0  0  0  3  0  0  0  0  0  0
  2.7194576081821931e-11  1  0  0  0  0  0  0  0  1  0  0  0  0  0  0  1
  4.4817297543403735e-05  0  0  1  0  1  1  0  0  0  0  0  0  0  0  0  0
  2.4317650760305692e-03  0  0  1  3  0  0  1  0  0  0  0  0  0  0  0  0
 -1.2257407117034854e-02  1  0  0  3  1  0  0  0  0  0  0  0  0  0  0  0
 -5.1354148168179044e-05  1  0  0  1  0  0  0  0  0  0  0  0  1  0  0  2
 -1.2771880170380807e-05  0  0  0  0  0  0  0  0  0  0  0  0  1  3  1  0
 -2.2560732876082568e-04  2  0  0  0  0  0  0  0  0  0  0  3  0  0  0  0
 -4.2293883631883746e-07  1  2  0  1  0  0  0  0  0  0  0  0  1  0  0  0
 -1.3356568605087147e-11  0  1  0  0  0  0  0  0  0  1  0  0  0  0  0  1
 -2.1213200848229111e-06  0  2  0  0  0  0  0  0  0  0  0  0  1  1  1  0
  2.9089397428418100e-10  0  0  0  0  0  0  0  1  0  0  0  0  0  0  2  0
 -5.8245384091581607e-04  0  2  0  2  0  0  0  1  0  0  0  0  0  0  0  0
 -2.8302202441660863e-02  0  1  0  0  1  0  1  2  0  0  0  0  0  0  0  0
 -1.2771880170380805e-05  0  0  0  0  0  0  0  0  0  0  0  0  3  1  1  0
 -2.8480236094903011e-07  0  0  0  0  0  0  0  0  1  1  1  0  0  0  0  0
  2.4377552702727051e-05  1  1  0  2  0  0  0  0  0  0  1  0  0  0  0  0
  8.0403077965962898e-06  0  1  0  1  0  0  0  0  0  0  0  0  2  1  0  0
 -1.1486954894043383e-02  0  1  2  0  1  0  1  0  0  0  0  0  0  0  0  0
 -3.1795522839910294e-02  2  0  0  1  2  0  0  0  0  0  0  0  0  0  0  0
 -1.5019661213304938e-09  1  0  0  0  0  1  0  0  0  0  1  0  0  0  0  0
  6.5085051082599446e-02  0  0  0  1  2  0  0  2  0  0  0  0  0  0  0  0
 -2.5488970055161398e-06  0  1  0  2  0  0  0  0  0  0  0  0  1  0  1  0
  2.5574730032846796e-05  0  0  2  1  0  0  0  0  0  2  0  0  0  0  0  0
 -4.3463520024699450e-04  0  1  0  0  0  0  0  0  2  1  0  1  0  0  0  0
 -6.6091152310397671e-11  0  1  0  0  0  1  0  0  0  0  0  0  0  0  0  1
 -1.9075939421932413e-02  1  0  0  1  1  0  2  0  0  0  0  0  0  0  0  0
 -2.4391932694055047e-05  2  1  1  0  0  0  0  0  1  0  0  0  0  0  0  0
  1.2495435642908595e-02  0  2  1  0  0  0  1  1  0  0  0  0  0  0  0  0
  8.1044751950307289e-04  0  3  0  1  0  1  0  0  0  0  0  0  0  0  0  0
 -8.8513730899133630e-06  0  1  1  0  0  0  0  0  0  0  0  0  3  0  0  0
  1.2794392156605843e-04  0  0  0  0  0  0  0  0  0  0  4  1  0  0  0  0
 -7.3445612890137848e-04  0  0  2  3  0  0  0  0  0  0  0  0  0  0  0  0
  1.5716054835723874e-03  0  0  0  0  0  0  0  0  4  0  0  1  0  0  0  0
 -5.1124121332960667e-05  1  1  0  0  0  0  1  0  0  0  0  0  0  0  0  0
 -7.8306636238327735e-03  0  2  1  1  0  0  1  0  0  0  0  0  0  0  0  0
 -5.6279595575811204e-05  1  1  0  1  0  0  0  0  1  1  0  0  0  0  0  0
  4.4424747954994828e-05  1  0  2  0  0  0  0  0  1  0  0  1  0  0  0  0
 -2.6299080953023202e-05  0  0  0  0  0  0  0  3  0  0  0  0  0  0  0  0
  2.7726306135176825e-05  1  0  0  1  0  0  0  0  0  0  0  0  0  1  1  1
  7.9454586682243427e-11  0  0  0  1  0  0  0  0  0  0  1  0  0  0  1  0
  7.4998943258592172e-03  1  0  1  2  0  1  0  0  0  0  0  0  0  0  0  0
  3.3041012480954896e-02  1  1  0  0  1  1  0  1  0  0  0  0  0  0  0  0
 -1.2799660705506734e-03  0  0  0  0  0  0  0  0  2  0  2  1  0  0  0  0
 -1.7838187788602018e-05  1  0  1  0  0  0  0  0  0  0  0  0  1  0  1  1
  2.6990765981435621e-06  0  0  0  0  0  0  0  0  2  0  0  1  0  0  0  0
  1.4402963675775673e-05  1  2  0  0  0  0  0  0  1  0  0  1  0  0  0  0
  1.9430495934836560e-04  1  0  1  0  0  0  0  0  0  1  2  0  0  0  0  0
 -5.1421545518408049e-05  1  0  2  0  0  0  0  0  0  1  1  0  0  0  0  0
 -6.0420838084592320e-03  0  0  2  1  0  0  0  2  0  0  0  0  0  0  0  0
  1.8027988368307648e-09  0  0  0  1  0  0  0  1  0  0  0  1  0  0  0  0
  3.6959422035639655e-08  0  1  0  0  0  0  0  0  0  0  0  0  1  0  1  0
  1.1806792413727458e-03  0  0  0  0  0  0  0  0  0  4  0  1  0  0  0  0
 -2.4220883792753505e-05  0  1  0  0  0  0  0  0  0  0  0  0  2  1  0  1
 -1.4788001943589986e-10  0  0  0  0  0  0  0  0  1  0  0  0  0  1  1  0
  1.9143207680281551e-05  0  0  0  1  0  0  2  0  0  0  0  0  0  0  0  0
  1.1950431716309159e-02  0  0  0  0  0  4  0  1  0  0  0  0  0  0  0  0
  6.9138253742122162e-06  2  1  0  0  0  0  0  0  0  0  0  0  1  0  1  0
  1.1239483208492769e-05  0  0  0  0  0  0  0  0  0  0  0  0  0  0  2  3
 -2.6148774941501404e-07  0  1  0  3  0  0  0  0  0  0  0  0  0  1  0  0
 -1.3718707446843141e-02  2  0  0  1  0  2  0  0  0  0  0  0  0  0  0  0
  1.1625388529425191e-09  0  0  0  0  1  0  0  0  1  0  0  1  0  0  0  0
  8.9865974824289447e-06  1  1  0  0  0  0  0  0  0  0  0  0  1  1  0  1
  4.6703382047310175e-06  0  0  2  0  0  0  0  0  0  0  0  0  0  0  2  1
 -2.4391932694055040e-05  1  2  1  0  0  0  0  0  0  1  0  0  0  0  0  0
 -2.1348559879414948e-05  0  0  1  1  0  0  1  0  0  0  0  0  0  0  0  0
  1.3863153067588411e-05  1  0  1  0  0  0  0  0  0  0  0  0  0  1  2  0
 -8.4164475710184284e-06  0  0  2  0  0  0  0  0  0  0  0  0  0  2  0  1
 -2.7572014851009196e-09  0  0  0  0  0  0  1  1  0  0  1  0  0  0  0  0
 -4.5931786051697875e-06  0  2  0  0  0  0  0  0  0  0  0  0  0  2  0  1
  1.2120468907849683e-09  0  0  0  0  0  2  0  0  0  0  0  1  0  0  0  0
 -1.6300416092403998e-05  2  0  0  0  0  0  0  0  0  0  0  0  0  0  2  1
  2.1556013765206128e-06  0  0  0  3  0  0  0  0  0  0  0  0  0  2  0  0
 -4.0722880474863450e-02  0  0  0  2  2  0  0  1  0  0  0  0  0  0  0  0
  7.5856836774662265e-06  0  1  0  1  0  0  0  0  0  0  0  0  0  3  0  0
  8.7264173224688313e-11  0  0  0  1  0  0  0  0  0  0  0  1  0  0  0  1
 -2.2939779832891749e-02  0  0  0  1  2  2  0  0  0  0  0  0  0  0  0  0
  2.5488970055161394e-06  0  1  0  2  0  0  0  0  0  0  0  0  0  1  0  1
  1.7582739469683081e-02  1  0  1  0  0  1  0  2  0  0  0  0  0  0  0  0
  1.9227473641698618e-04  0  0  0  0  0  0  0  0  0  0  0  0  2  2  0  1
 -6.5420138253874276e-06  0  1  0  0  0  0  0  0  0  0  0  0  1  0  3  0
  2.9082621516805251e-06  0  2  0  2  0  0  0  0  0  0  0  1  0  0  0  0
  8.1225357779581808e-05  1  2  0  0  0  0  0  0  0  1  1  0  0  0  0  0
 -1.0454251157896733e-02  0  1  1  0  3  0  0  0  0  0  0  0  0  0  0  0
 -1.1933768666185974e-07  1  0  1  0  0  0  0  0  0  1  0  0  0  0  0  0
 -5.8471169352779392e-04  1  0  0  0  0  0  0  0  0  1  1  2  0  0  0  0
 -3.2236690550412406e-05  0  4  0  1  0  0  0  0  0  0  0  0  0  0  0  0
  1.6512887313180811e-03  3  1  1  0  0  0  0  0  0  0  0  0  0  0  0  0
 -1.6066751816750814e-04  0  0  1  0  0  0  0  0  1  1  0  2  0  0  0  0
 -8.4401563016245706e-06  2  0  0  2  0  0  0  0  0  0  0  0  0  0  0  1
  7.5519707811884992e-03  2  0  1  0  1  1  0  0  0  0  0  0  0  0  0  0
  2.7873731347947856e-11  0  0  1  0  0  0  1  0  0  0  0  0  0  0  0  1
 -6.9389500682222538e-05  3  0  0  0  0  0  0  0  1  0  0  1  0  0  0  0
  4.5481280469671857e-07  0  2  0  2  0  0  0  0  0  0  0  0  0  0  0  1
 -3.4281833837010688e-02  0  0  0  0  2  0  0  3  0  0  0  0  0  0  0  0
  7.2897312624683992e-10  1  0  0  0  1  0  0  0  0  0  0  1  0  0  0  0
 -1.9638533922454435e-04  0  0  1  1  0  0  0  0  2  0  1  0  0  0  0  0
  3.0815714890671204e-07  0  2  0  1  0  0  0  0  0  0  0  0  0  0  2  0
  4.4601642793479010e-10  0  0  0  0  0  0  0  0  0  1  0  1  0  1  0  0
 -7.1564301836821746e-06  2  0  2  0  0  0  0  0  0  0  0  1  0  0  0  0
 -1.1547394519223927e-05  0  1  0  1  0  0  0  0  0  0  0  0  0  1  2  0
  1.5565861557252101e-02  2  1  0  0  1  0  1  0  0  0  0  0  0  0  0  0
 -1.7730603412931590e-04  1  1  0  1  0  0  0  0  0  0  1  1  0  0  0  0
 -8.9653020015540725e-03  0  1  0  0  1  0  3  0  0  0  0  0  0  0  0  0
 -5.6920549251300653e-06  3  0  0  0  0  0  0  0  0  0  0  0  1  0  0  1
 -3.9499725218971130e-06  0  2  0  0  0  0  0  0  0  2  0  1  0  0  0  0
  3.5853909899863121e-05  1  1  2  0  0  0  0  0  0  0  1  0  0  0  0  0
 -1.1541135069924498e-06  1  0  0  0  0  0  0  0  1  0  0  1  0  0  0  0
 -1.7368617084837300e-05  1  1  1  0  0  0  0  0  0  0  0  0  0  0  2  0
  6.6064439440373802e-05  2  0  0  1  0  0  0  0  0  0  2  0  0  0  0  0
 -2.0968398693952648e-10  0  0  0  0  0  0  0  0  0  0  0  1  0  2  0  0
  3.8860991869673115e-04  1  0  0  1  0  0  0  0  0  1  1  1  0  0  0  0
 -1.7157621124189064e-03  2  2  0  1  0  0  0  0  0  0  0  0  0  0  0  0
  6.0252434113854710e-04  0  2  0  1  0  0  0  2  0  0  0  0  0  0  0  0
  7.1727641820136635e-06  0  1  1  1  0  0  0  0  0  0  0  0  0  1  1  0
 -1.6835254218684932e-03  4  0  0  1  0  0  0  0  0  0  0  0  0  0  0  0
  2.5356640524418030e-05  0  1  0  0  0  0  0  0  0  0  0  0  0  1  2  1
 -1.3484431903116085e-04  1  0  1  0  0  0  0  0  2  1  0  0  0  0  0  0
 -1.6821972703086229e-04  1  0  0  1  0  0  0  0  1  0  2  0  0  0  0  0
  1.9542429926377360e-05  0  0  0  0  0  2  0  1  0  0  0  0  0  0  0  0
 -1.8610897214481014e-05  0  0  0  1  0  0  0  0  0  0  0  0  0  0  2  2
 -8.9573022725951169e-03  0  2  0  0  0  0  2  1  0  0  0  0  0  0  0  0
  5.7052970911912172e-09  0  0  1  0  0  0  0  0  0  0  0  0  1  1  0  0
  1.3109021374763326e-10  0  0  1  0  0  0  1  0  0  0  0  1  0  0  0  0
  2.1230419848698716e-06  0  0  2  0  0  0  0  0  0  0  0  0  1  1  1  0
  1.9529324751114525e-02  1  1  1  0  2  0  0  0  0  0  0  0  0  0  0  0
  1.9165254097893829e-05  1  1  0  0  0  0  0  0  0  0  0  0  0  0  3  0
  1.0102838968561059e-05  1  1  1  1  0  0  0  0  0  0  0  0  0  0  0  1
 -5.9309110334169817e-11  0  0  1  0  0  1  0  0  1  0  0  0  0  0  0  0
 -1.5809646275816300e-02  0  0  0  1  4  0  0  0  0  0  0  0  0  0  0  0
 -1.1029975332791809e-03  0  0  0  0  0  0  0  0  0  2  0  3  0  0  0  0
  3.5863820910068318e-06  1  0  2  0  0  0  0  0  0  0  0  0  1  0  0  1
 -3.4848461641004052e-11  0  0  0  0  0  0  0  0  0  0  1  0  1  1  0  0
 -4.2781369435994445e-12  0  1  0  0  0  0  0  0  0  0  0  1  0  1  0  0
 -3.2648183512405165e-05  2  0  0  1  0  0  0  0  0  0  0  0  0  0  0  0
 -1.4886824288408195e-02  0  0  0  1  0  0  2  2  0  0  0  0  0  0  0  0
  2.6225057156541538e-03  2  0  2  1  0  0  0  0  0  0  0  0  0  0  0  0
  3.6043488626897447e-04  1  0  0  1  0  0  0  0  3  0  0  0  0  0  0  0
 -1.4697079665412920e-05  0  0  1  2  0  0  0  0  1  1  0  0  0  0  0  0
 -1.7644842742858658e-07  0  0  1  1  0  0  0  0  0  0  1  0  0  0  0  0
  8.3446119419012223e-05  1  0  1  1  0  0  0  0  1  0  1  0  0  0  0  0
 -5.0777303741868294e-08  0  4  0  0  0  0  0  0  0  0  0  1  0  0  0  0
  2.4999647752864066e-03  1  0  3  0  0  1  0  0  0  0  0  0  0  0  0  0
 -3.1746902581594795e-05  0  1  1  0  1  0  0  0  0  0  0  0  0  0  0  0
 -1.2703632694184472e-07  0  0  0  0  0  0  0  0  0  0  0  0  0  0  2  1
 -9.3059972090434255e-06  1  0  1  0  0  0  0  0  0  0  0  0  2  1  0  0
  1.3109021374763305e-10  0  0  1  0  0  0  0  1  0  0  1  0  0  0  0  0
 -1.6821972703086224e-04  0  1  0  1  0  0  0  0  0  1  2  0  0  0  0  0
 -2.0226726918331457e-06  1  0  0  3  0  0  0  0  0  0  0  0  1  0  0  0
  3.2931482989648962e-06  0  1  2  0  0  0  0  0  0  0  0  0  0  1  0  1
 -1.2027260344071046e-05  1  0  2  1  0  0  0  0  1  0  0  0  0  0  0  0
  1.7368617084837300e-05  1  1  1  0  0  0  0  0  0  0  0  0  2  0  0  0
 -9.8652970537154454e-08  0  0  0  1  0  0  0  0  0  0  0  0  0  0  0  0
  1.0454213540895882e-07  2  0  0  0  0  0  0  0  0  0  0  0  0  0  0  1
  2.3520535295551426e-06  3  0  0  1  0  0  0  0  0  0  0  0  1  0  0  0
 -9.8192669612272177e-05  0  0  2  0  0  0  0  0  0  2  0  1  0  0  0  0
  5.6197416042463844e-06  0  0  0  0  0  0  0  0  0  0  0  0  0  0  0  5
  3.9580961688174350e-06  0  0  1  3  0  0  0  0  0  0  1  0  0  0  0  0
  2.3382412675835712e-02  0  1  1  1  0  1  1  0  0  0  0  0  0  0  0  0
  2.7405953457968294e-09  0  0  0  0  0  0  0  1  0  0  2  0  0  0  0  0
 -2.0967619777323746e-05  1  0  0  3  0  0  0  0  1  0  0  0  0  0  0  0
  3.8357960188921939e-04  0  1  0  0  0  0  0  0  3  0  1  0  0  0  0  0
 -5.8640968861548064e-02  1  0  0  0  3  0  0  1  0  0  0  0  0  0  0  0
  8.8849495909989657e-05  0  1  1  1  0  0  0  0  0  1  1  0  0  0  0  0
  2.4170569616688343e-06  0  0  2  1  0  0  0  0  0  0  0  0  0  2  0  0
  3.0252358122790048e-10  0  0  0  0  1  1  0  0  0  0  0  0  0  0  1  0
  5.6873079827752534e-07  0  0  2  2  0  0  0  0  0  0  0  0  0  0  0  1
  2.8214455660228462e-10  0  0  0  1  0  0  0  1  0  0  0  0  0  0  0  1
  2.4999647752864057e-03  0  1  3  0  1  0  0  0  0  0  0  0  0  0  0  0
 -2.4523953781886074e-02  0  1  1  1  1  0  0  1  0  0  0  0  0  0  0  0
 -7.9978715184522054e-07  0  2  0  0  0  0  0  0  0  0  0  0  0  0  2  1
 -2.9080891206719481e-04  0  0  0  1  0  0  0  0  0  0  2  2  0  0  0  0
  7.0753203060369536e-05  1  0  0  1  1  0  0  0  0  0  0  0  0  0  0  0
  1.7696853727149198e-04  0  0  0  0  0  0  0  0  1  1  3  0  0  0  0  0
  5.1745820518555310e-06  0  0  0  0  0  0  0  0  0  0  0  0  1  1  3  0
 -9.4178969341779991e-03  0  0  1  0  0  0  3  1  0  0  0  0  0  0  0  0
  2.1974358740567634e-02  2  0  0  0  0  2  0  1  0  0  0  0  0  0  0  0
 -7.2574775664620405e-03  0  1  2  1  0  1  0  0  0  0  0  0  0  0  0  0
 -1.9529324751114525e-02  1  1  1  0  0  0  0  2  0  0  0  0  0  0  0  0
  5.9179285486796282e-06  0  3  0  0  0  0  0  0  0  1  0  1  0  0  0  0
  4.1941571462467181e-07  0  0  0  1  0  0  0  0  0  0  2  0  0  0  0  0
 -1.6686012929158561e-11  0  0  0  0  0  1  0  0  1  0  1  0  0  0  0  0
 -1.1391113052508527e-05  0  1  0  0  0  1  0  1  0  0  0  0  0  0  0  0
 -7.6743557456000625e-04  1  0  0  1  0  0  0  0  1  0  0  2  0  0  0  0
 -1.0874844578792602e-02  1  0  0  0  0  1  3  0  0  0  0  0  0  0  0  0
  7.5472506818403040e-05  0  0  0  1  0  0  0  0  0  0  0  0  0  2  0  2
 -1.6066751816750817e-04  0  0  1  0  0  0  0  0  1  1  2  0  0  0  0  0
  8.1054127927646880e-06  0  1  1  0  0  0  0  0  0  0  0  0  1  0  2  0
  2.5520017315393565e-10  0  0  0  0  0  0  0  0  0  2  0  0  0  0  0  1
 -7.1659525962756566e-07  0  0  0  1  0  0  0  0  2  0  0  0  0  0  0  0
 -1.6183574112864170e-05  0  2  0  1  0  0  0  0  0  0  0  2  0  0  0  0
 -4.3539582487022745e-07  3  0  0  0  0  0  0  0  0  0  0  0  0  1  1  0
  8.4795869559833403e-04  1  0  0  0  0  0  0  0  1  0  0  3  0  0  0  0
  1.6512887313180811e-03  1  3  1  0  0  0  0  0  0  0  0  0  0  0  0  0
  5.8477151184735625e-06  2  0  1  0  0  0  0  0  0  0  0  0  0  0  1  1
  3.6476476140458536e-03  0  0  2  2  0  0  0  1  0  0  0  0  0  0  0  0
  7.4710241108680155e-11  0  0  0  0  0  0  0  0  0  1  1  0  1  0  0  0
  1.1691206337917853e-02  1  0  2  0  1  0  0  1  0  0  0  0  0  0  0  0
 -2.3605695555935649e-03  0  0  3  0  1  1  0  0  0  0  0  0  0  0  0  0
  1.0646633899311917e-11  0  0  0  0  0  1  0  0  0  0  0  0  1  0  1  0
 -4.3306333844555890e-06  1  0  2  0  0  0  0  0  0  0  0  0  0  1  1  0
  1.1486954894043383e-02  0  1  2  0  0  1  0  1  0  0  0  0  0  0  0  0
 -1.9295075400498313e-02  0  0  1  1  2  0  1  0  0  0  0  0  0  0  0  0
 -1.8025944016217186e-02  3  0  0  0  1  0  0  1  0  0  0  0  0  0  0  0
  2.4815080597088392e-02  0  1  0  0  1  2  1  0  0  0  0  0  0  0  0  0
 -3.4721236632811701e-07  0  1  0  0  0  0  0  0  0  1  0  1  0  0  0  0
  3.7915386551835022e-07  0  0  1  3  0  0  0  0  0  0  0  0  0  0  1  0
  3.7888553817013594e-02  0  0  0  0  2  2  0  1  0  0  0  0  0  0  0  0
  1.7081518740372583e-02  0  0  0  1  0  2  2  0  0  0  0  0  0  0  0  0
 -3.6963875528993942e-08  0  1  0  0  0  0  0  0  0  0  0  0  0  1  0  1
  8.5095027029345474e-10  0  0  0  0  0  0  0  0  0  0  0  0  0  0  0  1
 -2.6605173781626955e-06  2  1  1  0  0  0  0  0  0  0  0  0  1  0  0  0
  1.0937009903534283e-10  1  0  0  0  0  0  0  1  0  0  0  0  1  0  0  0
 -1.4539113034028421e-06  0  2  1  1  0  0  0  0  0  0  0  0  0  0  1  0
  2.4031288415160796e-02  1  1  1  1  0  0  0  1  0  0  0  0  0  0  0  0
 -1.1420802206240802e-06  1  0  2  1  0  0  0  0  0  0  0  0  1  0  0  0
 -1.1105117201891999e-04  1  0  0  0  1  0  0  1  0  0  0  0  0  0  0  0
 -1.2152360611293097e-02  0  0  0  1  0  0  0  4  0  0  0  0  0  0  0  0
 -1.0916184341018199e-02  0  1  0  2  1  0  1  0  0  0  0  0  0  0  0  0
 -3.2022839819122420e-05  0  0  0  2  0  0  0  1  0  0  0  0  0  0  0  0
 -3.7295265909628489e-04  0  0  0  1  0  0  0  0  1  1  1  1  0  0  0  0
  7.1707819799726242e-05  1  1  1  1  0  0  0  0  0  0  0  1  0  0  0  0
 -2.2196619491481446e-03  0  0  0  3  0  0  2  0  0  0  0  0  0  0  0  0
 -3.9092624219964163e-04  0  0  0  0  0  0  0  0  1  3  1  0  0  0  0  0
  1.8977949855630816e-04  1  1  0  0  0  0  0  0  1  1  0  1  0  0  0  0
 -1.1933768666185974e-07  0  1  1  0  0  0  0  0  1  0  0  0  0  0  0  0
  3.6815142528656662e-03  0  0  0  3  0  2  0  0  0  0  0  0  0  0  0  0
 -2.1542394995874710e-07  1  3  0  0  0  0  0  0  0  0  0  0  0  0  1  0
  6.9979531658036486e-05  0  0  1  1  0  0  0  0  0  0  3  0  0  0  0  0
 -4.3413831182899133e-03  0  2  2  0  0  0  0  1  0  0  0  0  0  0  0  0
 -2.7907000902349883e-05  0  0  0  2  0  0  0  0  0  0  0  0  2  0  0  1
 -3.1746902581594809e-05  1  0  1  0  0  1  0  0  0  0  0  0  0  0  0  0
  2.6235873505302123e-02  1  0  0  0  2  1  1  0  0  0  0  0  0  0  0  0
  4.9905522233854337e-05  2  0  0  0  0  0  0  1  0  0  0  0  0  0  0  0
 -1.1045707102112755e-06  0  0  3  0  0  0  0  0  0  0  0  0  0  0  1  1
  1.9430495934836552e-04  0  1  1  0  0  0  0  0  1  0  0  2  0  0  0  0
  4.3060242716990025e-06  0  0  1  0  0  0  0  0  0  0  0  0  1  3  0  0
 -1.4312860367364349e-05  0  2  1  1  0  0  0  0  0  0  1  0  0  0  0  0
 -7.3628766221817325e-12  0  0  1  0  1  0  0  0  0  0  0  0  0  1  0  0
 -9.4178969341779974e-03  0  0  1  0  0  0  1  3  0  0  0  0  0  0  0  0
  2.2371716084740995e-04  1  0  0  2  0  0  0  0  1  0  0  1  0  0  0  0
  5.3621893063718318e-04  1  0  0  0  0  0  0  0  2  1  1  0  0  0  0  0
 -7.2574775664620414e-03  1  0  2  1  1  0  0  0  0  0  0  0  0  0  0  0
 -1.7838187788602018e-05  0  1  1  0  0  0  0  0  0  0  0  0  0  1  1  1
  1.0588691645224882e-04  0  1  0  1  0  0  0  0  0  3  0  0  0  0  0  0
  3.0994154875494735e-05  0  4  0  0  0  0  0  1  0  0  0  0  0  0  0  0
 -1.8269578443440321e-02  0  0  0  2  0  2  0  1  0  0  0  0  0  0  0  0
  2.1272144047208835e-04  2  0  0  1  0  0  0  0  0  0  0  2  0  0  0  0
 -1.9075939421932409e-02  0  1  0  1  0  1  2  0  0  0  0  0  0  0  0  0
 -4.1626272187588499e-05  0  2  0  0  0  0  0  0  2  0  0  1  0  0  0  0
 -7.3112710755364815e-05  0  0  0  0  0  0  0  0  0  0  0  0  0  2  0  3
 -3.5806692634691661e-02  0  1  1  0  0  1  1  1  0  0  0  0  0  0  0  0
  3.4730356847913702e-07  0  1  0  0  0  0  0  0  1  0  1  0  0  0  0  0
 -1.0297621274339290e-04  0  0  2  0  0  0  0  0  2  0  0  1  0  0  0  0
  3.6905599156561732e-03  0  0  0  0  0  0  4  1  0  0  0  0  0  0  0  0
 -1.0706850700172806e-02  2  0  0  0  0  0  2  1  0  0  0  0  0  0  0  0
  6.6538976498584541e-03  0  0  1  1  0  0  3  0  0  0  0  0  0  0  0  0
  7.5519707811885000e-03  0  2  1  0  1  1  0  0  0  0  0  0  0  0  0  0
  1.0568091626145285e-02  1  1  0  0  0  0  3  0  0  0  0  0  0  0  0  0
  7.2648041735539114e-06  1  2  0  0  0  0  0  0  0  0  0  0  0  1  1  0
 -1.5087045874170312e-05  2  0  0  1  0  0  0  0  0  0  0  0  0  2  0  0
  8.6795127187408502e-03  0  0  1  0  1  3  0  0  0  0  0  0  0  0  0  0
 -1.7216578582555542e-02  0  0  1  0  1  1  0  2  0  0  0  0  0  0  0  0
  1.6202547678122976e-02  0  1  0  0  3  0  1  0  0  0  0  0  0  0  0  0
  1.2794392156605843e-04  0  0  0  0  0  0  0  0  0  0  0  5  0  0  0  0
 -2.4187690949703081e-02  2  0  0  2  0  0  0  1  0  0  0  0  0  0  0  0
  9.8952404220435875e-07  0  0  4  0  0  0  0  0  0  0  0  1  0  0  0  0
  5.0201316840707146e-02  2  0  0  0  2  0  0  1  0  0  0  0  0  0  0  0
  2.0081450732940744e-06  1  2  0  0  0  0  0  0  0  0  0  0  1  0  0  1
 -5.4878512989598939e-05  1  1  0  0  0  0  0  0  0  0  0  0  0  2  1  0
 -2.8339954387684694e-09  0  0  0  0  0  0  0  1  0  2  0  0  0  0  0  0
  3.0473756587984433e-05  0  0  0  3  0  0  0  0  2  0  0  0  0  0  0  0
  1.0037870239532676e-02  2  1  0  1  0  1  0  0  0  0  0  0  0  0  0  0
  1.7221579565895152e-10  0  0  0  0  0  0  0  0  1  0  1  0  0  1  0  0
  1.3782062004339115e-03  3  0  0  0  0  1  1  0  0  0  0  0  0  0  0  0
 -2.3393608830397777e-05  0  0  0  2  0  0  0  0  0  0  0  0  0  2  0  1
 -1.7284099479233206e-02  0  1  0  1  0  1  0  2  0  0  0  0  0  0  0  0
  2.2871658379032246e-05  3  0  0  1  0  0  0  0  1  0  0  0  0  0  0  0
  7.4998943258592198e-03  0  1  1  2  1  0  0  0  0  0  0  0  0  0  0  0
 -7.1301335570754512e-03  0  0  0  1  0  4  0  0  0  0  0  0  0  0  0  0
  3.3853586258379151e-10  0  0  0  0  1  0  0  1  1  0  0  0  0  0  0  0
  9.7703134678706483e-07  2  0  1  0  0  0  0  0  0  0  0  0  1  1  0  0
  5.6197416042463844e-06  0  0  0  0  0  0  0  0  0  0  0  0  0  0  4  1
  8.1054127927646880e-06  1  0  1  0  0  0  0  0  0  0  0  0  0  1  0  2
 -1.2103215506987036e-04  0  1  0  1  0  0  0  0  0  1  0  2  0  0  0  0
 -1.4052802737577009e-11  0  1  0  0  0  0  1  0  1  0  0  0  0  0  0  0
  4.1723059709506098e-05  0  1  2  0  0  0  0  0  0  1  0  1  0  0  0  0
 -2.6467264114287990e-07  0  0  0  2  0  0  0  0  0  0  0  1  0  0  0  0
 -3.0234411346022867e-06  3  1  0  0  0  0  0  0  0  0  1  0  0  0  0  0
  4.5693687427464885e-07  3  0  1  0  0  0  0  0  0  1  0  0  0  0  0  0
  1.8008206124514679e-02  0  0  1  1  0  0  1  2  0  0  0  0  0  0  0  0
  2.2084224459153513e-02  0  0  1  1  1  1  0  1  0  0  0  0  0  0  0  0
 -1.4145947506674030e-11  0  0  0  0  0  0  0  0  1  0  0  0  1  0  0  1
  8.7655246684658821e-12  0  0  0  0  1  0  0  1  0  0  0  0  1  0  0  0
  1.5862191499154837e-02  1  2  0  0  0  1  1  0  0  0  0  0  0  0  0  0
 -1.5747772127701265e-08  0  1  1  0  0  0  0  0  0  0  0  0  1  0  0  0
  4.3060242716990017e-06  0  0  1  0  0  0  0  0  0  0  0  0  3  1  0  0
  1.6630811168989293e-09  0  0  0  0  0  1  0  1  0  1  0  0  0  0  0  0
  1.1780267374115992e-02  0  0  0  2  1  1  1  0  0  0  0  0  0  0  0  0
  1.7939666048804516e-04  1  1  0  0  0  0  0  0  0  0  3  0  0  0  0  0
 -1.5495821408288460e-04  2  0  0  0  0  0  0  0  0  0  2  1  0  0  0  0
  1.6210825585529376e-05  0  1  0  1  0  0  0  0  0  0  0  0  1  0  1  1
  3.0914506587482486e-11  0  0  0  0  0  0  1  0  0  0  0  0  0  0  1  1
  5.0514194842805309e-06  1  1  2  0  0  0  0  0  0  0  0  0  0  0  1  0
 -1.4895706584549826e-03  0  0  0  0  0  0  0  0  2  0  0  3  0  0  0  0
 -5.3942858514644964e-11  0  0  0  1  0  0  0  0  1  0  0  0  1  0  0  0
  5.0634005724643787e-08  1  0  0  0  0  0  0  0  0  0  0  0  0  1  1  0
 -3.4726262146092898e-05  0  1  0  2  0  0  0  0  1  0  1  0  0  0  0  0
 -1.1467265577933259e-02  0  0  1  2  0  0  1  1  0  0  0  0  0  0  0  0
 -4.8965027822107719e-05  0  2  0  0  0  0  0  0  1  1  1  0  0  0  0  0
 -1.5565861557252101e-02  2  1  0  0  0  1  0  1  0  0  0  0  0  0  0  0
 -3.0295569475520937e-09  0  0  0  0  0  0  0  2  0  0  0  1  0  0  0  0
 -2.0033230545037539e-02  0  0  1  1  0  2  1  0  0  0  0  0  0  0  0  0
 -1.9772111892974459e-06  1  2  0  1  0  0  0  0  1  0  0  0  0  0  0  0
 -7.6597605864331170e-05  1  0  0  0  0  0  0  0  0  0  0  0  1  2  0  1
  3.4529421802337833e-04  1  0  0  1  0  0  0  0  1  2  0  0  0  0  0  0
 -4.3496570105729787e-12  0  0  0  0  0  0  1  0  0  0  0  0  1  1  0  0
  1.5406184093354947e-09  0  0  0  1  0  0  1  0  0  0  1  0  0  0  0  0
  5.1991119009330586e-05  1  0  0  0  0  1  1  0  0  0  0  0  0  0  0  0
  6.5956025543019642e-04  0  0  1  0  0  0  0  0  2  0  1  1  0  0  0  0
  3.0116131296497884e-06  0  0  2  0  0  0  0  0  0  0  0  0  0  0  0  3
  1.3045398638799235e-06  0  2  0  1  0  0  0  0  0  0  0  0  2  0  0  0
 -3.3003728013487777e-11  0  1  0  0  0  0  0  1  0  1  0  0  0  0  0  0
  1.6154592244333858e-02  0  0  0  1  2  0  2  0  0  0  0  0  0  0  0  0
 -2.5574730032846796e-05  0  0  2  1  0  0  0  0  0  0  2  0  0  0  0  0
  9.3406764094620349e-06  0  0  1  1  0  0  0  0  0  0  0  0  0  0  1  2
  1.8444938022816549e-10  0  0  0  0  0  0  0  0  0  0  0  1  0  0  2  0
 -2.7601413778407602e-04  1  0  1  0  0  0  0  0  1  0  1  1  0  0  0  0
  1.2236825191510210e-09  0  0  0  0  1  0  1  0  0  1  0  0  0  0  0  0
  3.6905599156561728e-03  0  0  0  0  0  0  0  5  0  0  0  0  0  0  0  0
 -6.0420838084592346e-03  0  0  2  1  0  0  2  0  0  0  0  0  0  0  0  0
 -2.8964705193089977e-10  0  0  0  0  0  0  0  1  0  0  0  0  2  0  0  0
  4.5693687427464885e-07  0  3  1  0  0  0  0  0  1  0  0  0  0  0  0  0
 -2.2959368019067279e-05  0  1  0  0  0  0  0  0  0  0  0  0  0  3  0  1
  3.4726262146092884e-05  0  1  0  2  0  0  0  0  0  1  0  1  0  0  0  0
  2.8648380054898296e-06  0  2  0  0  0  0  0  0  0  0  0  0  0  0  0  3
  5.1126269411793226e-07  2  0  0  0  0  0  0  0  0  0  0  1  0  0  0  0
 -3.9153318119163859e-03  2  0  2  0  0  0  0  1  0  0  0  0  0  0  0  0
  9.2459254115697726e-06  2  0  0  1  0  0  0  0  0  0  0  0  0  0  2  0
 -3.6722806445068919e-04  0  0  4  1  0  0  0  0  0  0  0  0  0  0  0  0
 -1.3557944986075313e-05  0  0  0  1  0  0  0  0  0  0  0  0  0  0  0  4
 -4.7443072074084664e-04  0  1  0  0  0  0  0  0  1  0  1  2  0  0  0  0
  4.7394233189793789e-07  0  0  0  4  0  0  0  0  0  0  0  0  0  0  0  1
  1.0252330829368350e-04  0  0  0  0  0  0  0  0  0  0  0  0  4  0  0  1
 -4.4385591222112215e-10  0  1  0  0  0  1  0  0  0  0  0  1  0  0  0  0
  1.9529324751114532e-02  1  1  1  0  0  2  0  0  0  0  0  0  0  0  0  0
 -4.0347577198009716e-10  0  0  0  0  0  0  0  2  0  0  0  0  0  0  0  1
 -1.0969110166015519e-07  0  0  0  1  0  0  0  0  0  0  0  0  2  0  0  0
  1.0916184341018199e-02  0  1  0  2  0  1  0  1  0  0  0  0  0  0  0  0
 -4.8745723694885823e-11  0  0  0  0  0  1  0  0  0  0  0  0  0  1  0  1
  1.2102758469784490e-04  0  1  0  1  0  0  0  0  2  1  0  0  0  0  0  0
 -4.4437295498075932e-06  0  2  0  1  0  0  0  0  0  2  0  0  0  0  0  0
  1.3326941022356814e-08  0  1  0  1  0  0  0  0  0  0  0  0  0  1  0  0
 -1.7683368889617037e-05  2  0  0  1  0  0  0  0  0  0  0  0  2  0  0  0
  1.3934868784322438e-04  0  0  0  2  0  0  0  0  0  0  0  3  0  0  0  0
 -2.5075847999149188e-04  0  0  0  2  0  0  0  0  0  2  0  1  0  0  0  0
  4.8142349022007529e-02  1  0  0  0  1  0  0  3  0  0  0  0  0  0  0  0
  4.4029623560453291e-07  0  1  3  0  0  0  0  0  0  0  0  0  1  0  0  0
 -3.0870730528813396e-06  2  0  0  0  0  0  0  0  0  0  0  0  1  1  1  0
 -9.2481164634014942e-02  1  0  0  1  1  0  0  2  0  0  0  0  0  0  0  0
 -5.0529522284057022e-06  0  0  0  1  0  0  0  0  0  0  0  0  0  0  4  0
  2.9726638308604184e-06  4  0  0  0  0  0  0  0  0  0  0  1  0  0  0  0
 -4.6210668272780496e-05  0  2  0  0  0  0  0  0  0  0  2  1  0  0  0  0
 -1.2829632525614966e-09  0  0  0  0  0  1  0  0  0  1  0  1  0  0  0  0
 -1.3484431903116082e-04  0  1  1  0  0  0  0  0  1  2  0  0  0  0  0  0
  3.6768248108489576e-09  0  0  0  0  0  0  0  0  0  0  0  1  0  0  0  0
 -2.5671065784164174e-06  3  0  0  0  0  0  0  0  0  1  1  0  0  0  0  0
  5.0871011040459699e-03  2  0  0  3  0  0  0  0  0  0  0  0  0  0  0  0
 -7.3937861651754491e-03  1  1  1  2  0  0  0  0  0  0  0  0  0  0  0  0
  3.2069488984392739e-04  1  1  0  0  0  0  0  0  0  0  1  2  0  0  0  0
 -2.4190447382221736e-04  1  0  0  0  0  0  0  0  0  1  3  0  0  0  0  0
 -6.7953759835150845e-05  0  0  0  1  0  0  0  0  0  0  4  0  0  0  0  0
  1.0693564464030595e-05  0  0  0  2  0  0  0  0  0  0  0  0  0  0  0  3
  1.2889675039670236e-04  0  1  1  0  0  0  0  0  1  0  2  0  0  0  0  0
  1.1865381732861145e-02  3  0  0  1  1  0  0  0  0  0  0  0  0  0  0  0
 -3.2931482989648958e-06  0  1  2  0  0  0  0  0  0  0  0  0  1  0  1  0
  2.5938122100704442e-02  0  0  0  0  4  0  0  1  0  0  0  0  0  0  0  0
 -3.8357960188921945e-04  0  1  0  0  0  0  0  0  0  3  0  1  0  0  0  0
  5.2406654469252060e-05  2  0  0  0  0  0  0  0  0  0  0  0  2  0  0  1
  2.0189603800627783e-09  0  0  0  0  1  1  0  0  0  0  1  0  0  0  0  0
 -8.6612667689111780e-06  0  1  1  1  0  0  0  0  0  0  0  0  1  0  0  1
 -8.6827662365798249e-03  2  0  1  1  0  0  1  0  0  0  0  0  0  0  0  0
  3.7375738367378070e-05  0  0  0  1  0  0  0  0  0  0  0  0  0  2  2  0
 -3.2992028945091157e-08  0  0  1  1  0  0  0  0  0  0  0  0  0  0  1  0
 -1.3987690384395285e-02  0  0  0  0  3  1  1  0  0  0  0  0  0  0  0  0
 -5.6481551702032019e-10  0  0  0  0  0  0  0  0  0  0  0  2  0  0  0  1
  5.8477151184735616e-06  0  2  1  0  0  0  0  0  0  0  0  0  0  0  1  1
  1.7993614442710692e-05  0  0  0  0  0  0  0  0  0  0  0  0  1  1  1  2
  1.3873831237037583e-04  0  0  1  1  0  0  0  0  0  0  1  2  0  0  0  0
 -2.2988277838496249e-10  1  0  0  0  0  1  0  0  0  0  0  0  0  0  1  0
 -1.1970365078556478e-04  0  1  1  0  0  0  0  0  3  0  0  0  0  0  0  0
  9.3172303995438214e-07  0  0  0  1  0  0  0  0  0  0  0  2  0  0  0  0
 -8.6837556732307921e-06  0  0  2  0  0  0  0  0  0  0  0  0  2  0  0  1
  8.6795127187408519e-03  0  0  1  0  3  1  0  0  0  0  0  0  0  0  0  0
 -5.6613522619882190e-06  1  0  0  2  0  0  0  0  0  0  0  0  0  1  1  0
  4.7443072074084659e-04  0  1  0  0  0  0  0  0  0  1  2  1  0  0  0  0
  2.6379590128315414e-03  1  2  0  1  1  0  0  0  0  0  0  0  0  0  0  0
  2.4220883792753505e-05  0  1  0  0  0  0  0  0  0  0  0  0  1  2  1  0
 -5.0028435942582675e-02  1  0  0  0  1  2  0  1  0  0  0  0  0  0  0  0
  4.4822485277759337e-08  1  0  0  1  0  0  0  0  0  0  0  0  1  0  0  0
  2.9724967421449641e-02  0  0  0  1  0  2  0  2  0  0  0  0  0  0  0  0
  9.4383895442958963e-04  0  0  0  1  0  0  0  0  0  2  0  2  0  0  0  0
  1.4465458984737190e-05  0  2  0  1  0  0  0  0  0  0  2  0  0  0  0  0
 -2.1542394995874710e-07  3  1  0  0  0  0  0  0  0  0  0  0  0  0  1  0
  2.5810035049777140e-06  2  1  0  1  0  0  0  0  0  0  0  0  0  1  0  0
  1.1042112229576755e-02  0  0  2  0  1  1  1  0  0  0  0  0  0  0  0  0
  1.1447498771128561e-07  0  3  1  0  0  0  0  0  0  0  0  0  1  0  0  0
  4.5026338532930833e-05  0  0  1  0  0  0  0  0  0  0  0  0  2  0  1  1
 -2.3041745526744353e-03  3  1  0  0  0  0  1  0  0  0  0  0  0  0  0  0
 -3.7285573623376358e-10  0  0  0  0  0  0  1  1  0  0  0  0  0  0  1  0
  2.6225057156541542e-03  0  2  2  1  0  0  0  0  0  0  0  0  0  0  0  0
 -3.9197288104063140e-05  0  0  0  3  0  0  0  0  0  0  0  2  0  0  0  0
  1.3618721283852773e-07  0  2  0  1  0  0  0  0  0  0  0  0  0  0  0  0
  2.0015793107707795e-02  0  1  1  0  1  0  0  2  0  0  0  0  0  0  0  0
  3.0678869826196632e-05  1  0  0  0  0  0  0  0  0  0  0  0  0  3  1  0
 -2.9245730594720717e-04  0  0  0  1  0  0  0  0  0  4  0  0  0  0  0  0
  4.5026338532930840e-05  0  0  1  0  0  0  0  0  0  0  0  0  0  2  1  1
  1.5791032726233820e-04  0  2  0  3  0  0  0  0  0  0  0  0  0  0  0  0
