758
  1.1130270433917001e-02  0  0  0  0  2  0  0  1  0  0  0  2  0  0  0  0
 -1.2909235309466983e-02  0  0  0  0  1  1  0  0  2  0  1  0  0  0  0  0
 -1.4054491304992070e-09  0  0  0  0  0  0  0  0  0  0  1  1  0  0  1  0
 -1.4790441168631487e-04  0  0  0  0  2  0  0  1  0  0  0  0  0  0  0  0
  1.3951166386756450e-04  0  0  0  0  0  1  1  0  0  0  0  0  1  0  2  0
  1.7001001781879615e-09  1  0  0  0  0  0  1  0  0  1  0  0  0  0  0  0
 -5.8640968861548064e-02  1  0  0  1  3  0  0  0  0  0  0  0  0  0  0  0
  1.0816896325136581e-04  0  0  0  0  0  2  0  0  0  0  0  3  0  0  0  0
 -2.0242897542143093e-04  0  0  0  0  0  0  0  1  0  0  0  0  4  0  0  0
 -1.0706850700172806e-02  2  0  0  1  0  0  2  0  0  0  0  0  0  0  0  0
  2.7933657370331613e-02  0  0  1  0  1  1  2  0  0  0  0  0  0  0  0  0
 -1.6202547678122976e-02  0  1  0  1  0  3  0  0  0  0  0  0  0  0  0  0
 -3.6195515590735388e-04  0  0  0  0  0  2  0  1  2  0  0  0  0  0  0  0
 -1.0652966504653715e-03  0  0  0  0  0  0  3  0  0  0  1  1  0  0  0  0
 -2.4705234666350982e-05  0  0  0  0  0  2  0  1  0  0  0  0  0  0  0  2
 -2.2023505473465642e-04  0  0  0  0  2  0  0  2  0  0  0  0  0  0  0  1
 -9.9258469665189196e-12  0  0  0  0  0  0  1  0  1  0  0  0  0  1  0  0
 -7.5445807277540093e-03  0  0  0  0  0  0  1  1  2  0  1  0  0  0  0  0
 -2.9602288400392075e-03  0  2  0  0  2  0  0  1  0  0  0  0  0  0  0  0
 -8.4925000410796469e-05  0  0  0  0  0  1  2  0  0  0  0  0  1  0  1  0
  9.4106219673929653e-03  0  0  0  0  0  0  0  1  0  2  2  0  0  0  0  0
 -3.7285573623376358e-10  0  0  0  1  0  0  1  0  0  0  0  0  0  0  1  0
 -4.4980922050434895e-04  0  0  0  0  0  1  0  3  0  1  0  0  0  0  0  0
  1.3695906215057439e-07  0  0  0  0  0  1  0  1  0  0  0  0  0  1  0  0
  3.9276421999987505e-03  0  0  0  0  0  0  0  2  0  0  2  1  0  0  0  0
 -8.3483962150660528e-03  0  0  0  0  0  0  1  0  1  1  0  2  0  0  0  0
 -4.2528667162353272e-03  0  0  0  0  0  1  1  0  3  0  0  0  0  0  0  0
 -5.2648795049960891e-06  0  0  0  0  0  0  0  0  0  0  0  3  0  0  0  0
 -3.4842571066429672e-03  0  0  0  0  1  0  2  0  0  1  1  0  0  0  0  0
  6.6694639603799173e-05  0  0  0  0  0  0  1  0  0  0  0  0  1  3  0  0
 -1.1948690630612008e-04  0  0  0  0  0  1  1  0  0  0  0  0  3  0  0  0
 -6.9023094063671946e-04  0  0  0  0  1  0  0  0  0  0  0  0  3  0  0  1
  1.6154592244333858e-02  0  0  2  0  0  2  0  1  0  0  0  0  0  0  0  0
 -1.8713513807491870e-03  0  0  0  0  2  0  1  1  0  0  1  0  0  0  0  0
  1.1403764401931922e-02  0  0  0  0  1  1  0  0  0  0  1  2  0  0  0  0
 -2.0234990963453482e-04  0  0  0  0  0  1  0  0  0  0  0  0  0  3  0  1
  1.9146987153892842e-04  0  0  0  0  0  3  0  0  1  0  1  0  0  0  0  0
  1.1031858357105816e-04  0  0  0  0  0  2  1  0  0  0  0  0  0  0  1  1
  3.3041012480954896e-02  1  1  0  1  1  1  0  0  0  0  0  0  0  0  0  0
  2.6168417986746434e-02  0  1  0  0  0  3  0  1  0  0  0  0  0  0  0  0
 -2.4301528685830368e-10  0  0  0  0  0  0  0  1  1  0  0  0  1  0  0  0
 -2.4450400865318504e-07  0  0  0  0  0  0  0  1  0  0  0  0  0  0  0  0
 -4.2359103158272328e-07  0  0  0  0  0  4  0  0  0  0  0  0  0  0  0  1
 -1.1365279368457933e-05  0  0  0  0  0  0  3  0  0  0  0  0  1  1  0  0
 -1.2948301734008514e-02  0  0  0  0  0  1  0  0  2  1  0  1  0  0  0  0
  1.0086273516412287e-10  0  0  1  0  1  0  0  0  0  1  0  0  0  0  0  0
 -2.7604732927977321e-05  0  0  0  0  0  2  0  1  0  0  0  2  0  0  0  0
  3.0738069093121486e-10  0  0  0  0  0  0  0  0  0  0  1  0  0  0  1  1
  8.6600721202182512e-10  0  0  0  0  0  0  0  0  0  0  0  1  0  0  0  2
  7.8640881260892605e-03  0  0  0  0  0  1  1  0  1  0  0  2  0  0  0  0
  2.6235873505302126e-02  0  1  1  0  1  2  0  0  0  0  0  0  0  0  0  0
  5.7691313132674796e-07  0  0  0  0  2  0  0  0  0  0  0  0  0  0  0  1
  2.8074162030775047e-04  0  0  0  0  0  0  0  0  0  0  0  0  0  4  0  1
 -3.3816331123906278e-04  0  0  0  0  0  0  0  1  0  0  0  0  2  2  0  0
  1.1796723342516169e-10  0  0  1  0  0  1  0  0  0  0  0  0  1  0  0  0
  3.6905599156561732e-03  0  0  0  1  0  0  4  0  0  0  0  0  0  0  0  0
 -3.0211745018899401e-02  0  1  1  0  1  0  2  0  0  0  0  0  0  0  0  0
 -1.6004039857255264e-10  0  0  1  0  0  0  0  0  1  1  0  0  0  0  0  0
  6.9357981417293807e-05  0  0  0  0  0  0  0  2  0  0  0  0  1  1  1  0
 -5.2470315407519548e-10  0  0  0  0  0  0  0  0  0  0  0  1  2  0  0  0
  5.2778449295605321e-03  0  0  0  0  1  1  1  1  0  0  0  1  0  0  0  0
  6.5595927600923271e-03  0  0  0  0  0  1  1  1  0  1  1  0  0  0  0  0
  3.9598514286797282e-02  0  0  0  0  2  0  2  1  0  0  0  0  0  0  0  0
  3.2180848087166292e-10  0  0  0  1  0  0  0  0  0  0  0  0  0  0  0  2
  3.6387281136727326e-03  0  1  0  3  0  1  0  0  0  0  0  0  0  0  0  0
 -3.4930928861923752e-04  0  0  0  0  0  0  0  0  0  0  0  0  0  2  2  1
  1.7582739469683077e-02  1  0  2  0  0  1  1  0  0  0  0  0  0  0  0  0
 -2.8339954387684694e-09  0  0  0  1  0  0  0  0  0  2  0  0  0  0  0  0
 -1.4905347375082235e-03  0  0  0  0  0  0  0  1  0  0  4  0  0  0  0  0
 -2.4815080597088392e-02  0  1  0  1  2  1  0  0  0  0  0  0  0  0  0  0
  4.9472012402775533e-04  0  0  0  0  0  0  1  3  0  0  1  0  0  0  0  0
 -5.4689273542302009e-03  0  0  2  0  0  0  0  3  0  0  0  0  0  0  0  0
 -2.7841937467558399e-05  0  0  0  0  0  0  3  0  0  0  0  0  0  0  1  1
  3.7211805316111138e-03  1  1  3  0  0  0  0  0  0  0  0  0  0  0  0  0
  5.7755711602497557e-07  0  0  0  0  0  0  0  1  0  0  0  0  0  0  0  2
 -1.9146987153892839e-04  0  0  0  0  0  3  0  0  0  1  0  1  0  0  0  0
  1.5658000712115792e-02  0  0  0  3  0  0  0  2  0  0  0  0  0  0  0  0
  2.4876436667404161e-04  0  0  0  0  1  0  0  0  0  0  0  0  0  3  1  0
 -1.3704639970748845e-02  0  1  0  0  0  1  0  3  0  0  0  0  0  0  0  0
 -6.2118310398636179e-06  0  0  0  0  0  0  0  1  2  0  0  0  0  0  0  0
 -6.4593789104867903e-04  0  0  0  0  0  0  0  3  0  0  2  0  0  0  0  0
 -6.1319023537521466e-04  0  0  0  0  0  0  3  0  1  1  0  0  0  0  0  0
  3.0914506587482454e-11  0  0  1  0  0  0  0  0  0  0  0  0  0  0  1  1
  1.9849768675914328e-02  0  0  0  0  2  0  0  0  2  0  0  1  0  0  0  0
  7.7030920466774810e-10  0  0  2  0  0  0  0  0  0  0  0  1  0  0  0  0
 -5.7428980581152459e-08  0  0  0  0  0  2  0  0  0  0  0  0  0  0  0  1
 -1.5724673714842204e-07  0  0  0  0  0  1  1  0  0  0  0  0  1  0  0  0
 -1.6080203139746924e-02  0  0  0  0  1  0  0  0  0  1  1  2  0  0  0  0
 -4.4057143610729307e-02  1  0  0  0  1  0  2  1  0  0  0  0  0  0  0  0
  1.3995459818462491e-03  0  3  0  0  0  1  0  1  0  0  0  0  0  0  0  0
 -1.0674279939707470e-05  0  0  2  1  0  0  0  0  0  0  0  0  0  0  0  0
 -4.4220148853892111e-02  0  0  0  0  1  1  1  2  0  0  0  0  0  0  0  0
  2.4867436298567310e-03  0  0  0  0  0  2  0  0  0  2  0  1  0  0  0  0
  4.4264802454447704e-03  0  0  0  0  0  0  1  0  1  3  0  0  0  0  0  0
 -9.2481164634014942e-02  1  0  0  2  1  0  0  1  0  0  0  0  0  0  0  0
  1.6202547678122979e-02  1  0  1  0  0  3  0  0  0  0  0  0  0  0  0  0
 -3.3984704461536067e-04  0  0  0  0  0  0  0  0  0  0  0  0  2  0  2  1
 -1.8395707061256441e-03  0  0  0  0  0  0  1  2  1  1  0  0  0  0  0  0
  7.8379967744789166e-03  0  0  0  0  0  0  1  1  1  1  0  1  0  0  0  0
 -5.9397533235755317e-03  0  0  0  0  1  1  1  0  0  0  0  2  0  0  0  0
  1.0096253904399351e-09  0  1  0  0  1  0  0  0  0  0  1  0  0  0  0  0
  3.9639280318896480e-04  0  0  0  0  1  0  0  1  0  0  0  0  0  1  1  1
  4.6198437020481750e-03  1  2  0  0  1  0  0  1  0  0  0  0  0  0  0  0
  2.3244247768892646e-03  0  0  0  0  0  0  0  3  2  0  0  0  0  0  0  0
  2.8205178023280479e-02  1  1  1  0  0  0  2  0  0  0  0  0  0  0  0  0
 -3.6022002752886516e-04  0  0  0  0  0  0  0  2  0  0  0  0  2  0  0  1
 -5.0028435942582675e-02  1  0  0  1  1  2  0  0  0  0  0  0  0  0  0  0
 -1.3652596219566954e-02  0  0  0  0  0  1  1  0  0  1  1  1  0  0  0  0
 -7.5952313203540964e-05  0  0  0  0  0  1  0  0  0  0  0  0  1  0  3  0
 -4.9577487834573941e-02  0  0  1  0  0  2  1  1  0  0  0  0  0  0  0  0
  8.7655246684658821e-12  0  0  0  1  1  0  0  0  0  0  0  0  1  0  0  0
  7.1404997881247606e-03  0  2  0  1  0  2  0  0  0  0  0  0  0  0  0  0
  3.5735218374494254e-03  0  0  0  0  2  0  1  0  0  0  1  1  0  0  0  0
  1.2948301734008514e-02  0  0  0  0  0  1  0  0  1  2  1  0  0  0  0  0
 -2.3233186074919856e-06  0  0  0  0  3  0  0  0  0  0  0  0  0  1  1  0
  3.8435458183394546e-05  0  0  0  0  0  0  0  3  0  0  0  0  0  2  0  0
  5.1325868668597007e-04  0  0  0  0  0  1  3  0  1  0  0  0  0  0  0  0
  3.4858888034204329e-05  0  0  0  0  0  2  0  1  0  0  0  0  0  0  2  0
 -3.4095838105373796e-05  0  0  0  0  0  0  1  2  0  0  0  0  1  1  0  0
  5.1437819436405628e-05  0  0  0  0  0  1  1  2  0  0  0  0  1  0  0  0
 -1.0748425036504214e-02  0  2  0  0  0  2  0  1  0  0  0  0  0  0  0  0
 -5.9397533235755308e-03  0  0  0  0  1  1  1  0  0  0  2  0  0  0  0  0
 -1.7745967745155886e-02  1  1  0  2  0  0  1  0  0  0  0  0  0  0  0  0
 -5.8651011018871394e-05  0  0  0  0  0  2  0  0  0  0  0  0  0  0  2  1
 -1.7828079331029287e-02  0  0  0  0  0  0  0  1  1  1  1  1  0  0  0  0
  5.0314410867834343e-02  1  1  0  0  2  0  1  0  0  0  0  0  0  0  0  0
  6.1166016920310412e-05  0  0  0  0  0  0  0  3  0  0  0  0  2  0  0  0
  9.9020978266415080e-06  0  0  0  0  0  0  0  0  0  2  0  1  0  0  0  0
  1.1319854695319453e-10  0  0  2  0  0  0  0  0  0  0  0  0  0  0  0  1
 -3.0009731576562267e-04  0  0  0  0  2  0  0  1  0  0  0  0  2  0  0  0
 -1.1131349311981884e-10  0  2  0  0  0  0  0  0  0  0  0  0  0  0  0  1
  1.5969828618509943e-10  0  1  0  0  0  0  1  0  0  0  0  0  1  0  0  0
  2.4858464668833249e-02  0  0  0  0  0  2  0  3  0  0  0  0  0  0  0  0
  5.6410356046560986e-02  1  1  0  1  0  0  1  1  0  0  0  0  0  0  0  0
 -1.6101488601009629e-03  0  3  0  0  1  0  1  0  0  0  0  0  0  0  0  0
 -4.2451923340139659e-03  0  0  0  0  0  0  0  1  0  4  0  0  0  0  0  0
 -7.8214179966513677e-05  0  1  0  0  1  0  1  0  0  0  0  0  0  0  0  0
 -3.9368533320512742e-03  0  0  0  0  0  0  2  0  2  0  0  1  0  0  0  0
 -4.4537897365906154e-03  0  0  0  0  2  0  0  0  1  1  1  0  0  0  0  0
  3.5261128667224267e-06  0  2  0  0  0  0  0  1  0  0  0  0  0  0  0  0
  1.2368003100693883e-04  0  0  0  0  0  0  4  0  0  0  0  1  0  0  0  0
  3.5165478939366161e-02  1  0  1  1  0  1  0  1  0  0  0  0  0  0  0  0
 -1.0448540919975197e-07  0  0  0  0  0  0  2  0  0  0  0  0  0  0  0  1
 -8.9573022725951169e-03  0  2  0  1  0  0  2  0  0  0  0  0  0  0  0  0
  1.6492169008122705e-02  0  0  0  0  0  0  1  0  2  0  1  1  0  0  0  0
  5.5867314740663233e-02  0  0  0  1  1  1  1  1  0  0  0  0  0  0  0  0
  1.8143505078594271e-02  0  2  0  0  1  1  1  0  0  0  0  0  0  0  0  0
  1.9143207680281551e-05  0  0  2  0  0  0  0  1  0  0  0  0  0  0  0  0
  4.1427905223659272e-10  0  0  0  0  0  0  0  0  1  0  0  1  1  0  0  0
  8.1330548776420304e-06  0  0  0  0  0  3  0  0  0  0  0  0  0  1  0  1
 -4.6072707844004029e-04  0  0  0  0  3  1  0  0  0  0  1  0  0  0  0  0
  7.4995509061199133e-06  0  0  0  0  0  0  0  1  0  0  0  2  0  0  0  0
  3.2797963800461649e-03  0  0  0  0  1  0  2  0  1  0  0  1  0  0  0  0
  1.4297632179069295e-04  0  0  0  0  0  0  0  2  0  0  0  0  0  0  0  3
  3.6715723989635875e-04  0  0  0  0  1  0  0  1  0  0  0  0  3  0  0  0
 -1.1391113052508527e-05  0  1  0  1  0  1  0  0  0  0  0  0  0  0  0  0
  1.0323024959077917e-04  0  0  0  0  0  0  0  2  0  0  0  0  0  0  2  1
  1.1319875223468457e-04  0  0  0  0  1  1  1  0  0  0  0  0  0  0  0  0
  6.8710333725802040e-03  0  0  0  0  0  0  1  1  0  0  1  2  0  0  0  0
 -2.3911666432814305e-04  0  0  0  0  0  1  0  0  0  0  0  0  2  1  0  1
 -3.6578044022387323e-10  0  0  0  0  1  0  0  0  0  0  1  0  0  1  0  0
 -5.2598161906046397e-05  0  0  1  0  0  0  1  1  0  0  0  0  0  0  0  0
  1.6985000082159291e-04  0  0  0  0  1  0  1  1  0  0  0  0  1  0  1  0
 -1.0016615272518773e-02  0  0  2  1  2  0  0  0  0  0  0  0  0  0  0  0
 -5.2808046714336735e-10  0  0  0  0  0  0  0  0  0  1  0  0  0  1  0  1
 -1.4886824288408200e-02  0  0  2  0  0  0  2  1  0  0  0  0  0  0  0  0
  5.1437819436405601e-05  0  0  0  0  1  0  1  2  0  0  0  0  0  1  0  0
 -3.3003728013487777e-11  0  1  0  1  0  0  0  0  0  1  0  0  0  0  0  0
  9.1662200608187068e-10  0  0  0  0  0  0  0  0  1  1  0  0  0  0  1  0
  8.7363382206166904e-07  0  0  0  0  0  0  0  0  0  0  0  0  2  0  0  1
  3.9189983872394592e-03  0  0  0  0  0  0  2  0  1  1  1  0  0  0  0  0
 -2.9399670894147268e-10  0  0  0  1  0  0  0  0  0  0  0  0  0  2  0  0
 -8.6716725794587345e-03  0  0  0  0  0  0  0  1  4  0  0  0  0  0  0  0
  1.0855633770129396e-10  0  0  0  0  0  1  0  0  1  0  0  0  0  0  1  0
  5.1325868668596986e-04  0  0  0  0  1  0  3  0  0  1  0  0  0  0  0  0
 -5.2648795049960874e-06  0  0  0  0  0  0  0  0  0  0  2  1  0  0  0  0
  3.2056380972980939e-03  0  0  0  0  0  1  2  0  0  1  0  1  0  0  0  0
  8.4925000410796469e-05  0  0  0  0  0  1  2  0  0  0  0  0  0  1  0  1
 -8.4243628676839294e-11  0  0  0  0  0  0  0  0  0  1  0  0  1  0  1  0
  7.2911687881525443e-05  0  0  0  0  0  1  0  2  0  0  0  0  0  1  0  1
  1.5862191499154833e-02  2  1  1  0  1  0  0  0  0  0  0  0  0  0  0  0
  5.2685639242343422e-03  0  0  0  0  0  0  0  0  0  0  2  3  0  0  0  0
 -4.4821992351138443e-02  1  1  0  0  0  0  1  2  0  0  0  0  0  0  0  0
  1.4939745132700298e-04  0  0  0  0  2  1  0  0  0  0  0  0  1  0  1  0
  2.6389224647802656e-03  0  0  0  0  1  1  2  0  0  0  1  0  0  0  0  0
  2.9593630683804203e-02  0  0  0  0  0  0  0  0  2  2  0  1  0  0  0  0
  2.2793636450253871e-02  0  0  0  0  1  3  1  0  0  0  0  0  0  0  0  0
 -6.1004183265582334e-03  0  0  0  0  0  1  1  0  1  2  0  0  0  0  0  0
  2.1492333991017703e-10  0  0  0  0  1  0  0  0  1  0  0  0  0  0  0  1
  2.2218188747222895e-11  0  0  0  0  0  0  1  0  0  0  1  0  0  0  0  1
 -1.4740049617964032e-02  0  0  0  0  1  1  3  0  0  0  0  0  0  0  0  0
  3.1329125737131423e-07  0  0  0  0  1  0  0  0  0  0  0  0  0  1  1  0
  1.1031858357105816e-04  0  0  0  0  2  0  1  0  0  0  0  0  0  0  1  1
 -4.9658051857897466e-12  1  1  0  0  0  0  0  0  0  0  0  0  0  0  1  0
  1.7081518740372587e-02  0  0  2  0  2  0  0  1  0  0  0  0  0  0  0  0
  4.4471988429300949e-03  0  0  0  0  1  1  0  0  0  0  3  0  0  0  0  0
  9.9779384674611761e-03  0  0  0  0  1  0  0  0  0  3  1  0  0  0  0  0
 -5.3839828637950910e-05  0  2  0  0  0  0  0  3  0  0  0  0  0  0  0  0
 -8.8747300025650411e-05  0  0  0  0  1  2  1  0  0  0  0  0  0  1  0  0
 -4.9164530685509118e-03  0  0  0  0  0  0  1  0  0  0  3  1  0  0  0  0
 -1.7745967745155883e-02  1  1  2  0  0  0  1  0  0  0  0  0  0  0  0  0
 -2.7936429557134625e-02  0  0  0  0  1  0  0  0  1  2  0  1  0  0  0  0
  2.5314030285142952e-02  0  0  0  0  1  0  0  0  1  0  0  3  0  0  0  0
 -1.2132089399611764e-04  0  0  0  0  0  0  0  1  0  0  0  0  0  0  0  4
  1.0133647623896410e-09  1  0  0  1  0  0  0  0  1  0  0  0  0  0  0  0
  1.5565861557252099e-02  1  2  1  0  0  1  0  0  0  0  0  0  0  0  0  0
  1.2294710266191671e-05  0  0  0  0  4  0  0  0  0  0  0  0  0  0  0  1
 -5.6604404883321725e-02  0  1  0  1  1  0  1  1  0  0  0  0  0  0  0  0
  2.9827488405454346e-02  2  0  0  0  0  0  0  3  0  0  0  0  0  0  0  0
  3.1709485948263603e-03  1  3  0  0  0  0  1  0  0  0  0  0  0  0  0  0
  3.2467580432427599e-10  0  0  0  0  1  0  0  0  0  0  0  1  1  0  0  0
  7.2814384712393263e-10  0  0  1  0  0  0  0  0  0  0  1  1  0  0  0  0
 -1.3574293491621149e-02  0  0  0  3  2  0  0  0  0  0  0  0  0  0  0  0
  1.3782062004339113e-03  0  3  1  0  1  0  0  0  0  0  0  0  0  0  0  0
  2.4815080597088385e-02  1  0  1  0  2  1  0  0  0  0  0  0  0  0  0  0
  4.9800737551852489e-05  0  0  0  0  0  0  2  1  0  0  0  0  2  0  0  0
  6.4112761945961877e-03  0  0  0  0  1  0  1  1  1  0  1  0  0  0  0  0
 -7.3990498840076045e-03  0  0  0  0  0  1  0  1  0  1  2  0  0  0  0  0
 -2.0304652503806629e-04  0  0  0  0  0  1  1  1  0  0  0  0  1  0  0  1
 -8.8747300025650370e-05  0  0  0  0  2  1  1  0  0  0  0  0  1  0  0  0
 -5.8576181696221225e-02  2  0  0  1  0  0  0  2  0  0  0  0  0  0  0  0
  3.9805037703303027e-05  0  0  0  0  2  0  1  0  0  0  0  0  1  1  0  0
  1.0876088759470342e-04  0  0  0  0  2  0  0  1  0  0  0  0  0  0  2  0
  3.0011773707012915e-03  0  0  0  0  0  1  0  2  0  1  0  1  0  0  0  0
  5.2374812096556452e-06  0  0  0  0  2  0  0  0  0  0  0  1  0  0  0  0
  4.6640445456390773e-03  0  0  0  0  1  2  0  0  0  1  1  0  0  0  0  0
 -6.7866487333812626e-04  0  0  0  0  1  2  0  0  1  0  0  1  0  0  0  0
 -8.7009076987719131e-05  0  0  0  0  0  0  1  0  0  0  0  0  0  0  1  3
  1.5969828618509925e-10  1  0  0  0  0  0  1  0  0  0  0  0  0  1  0  0
 -7.8897242859069606e-05  0  0  0  1  0  0  0  2  0  0  0  0  0  0  0  0
  3.9598514286797282e-02  0  0  0  0  0  2  2  1  0  0  0  0  0  0  0  0
 -4.6907394255514733e-05  0  0  0  0  0  1  2  1  0  0  0  0  0  1  0  0
 -1.4030337455815691e-04  0  0  0  0  2  0  0  0  0  0  0  0  0  0  2  1
 -4.5516650334368716e-04  0  0  0  0  1  1  0  0  0  0  0  0  2  0  1  0
 -5.2090836021101877e-12  1  0  1  0  0  0  0  0  0  0  0  0  0  1  0  0
  5.1163470759274319e-06  0  0  0  0  1  0  0  0  0  1  1  0  0  0  0  0
  2.2742562783359020e-10  1  0  0  0  0  0  0  0  0  0  0  0  1  0  0  1
 -1.1948690630612011e-04  0  0  0  0  1  0  1  0  0  0  0  0  0  3  0  0
  8.9888790230871344e-05  0  0  0  1  2  0  0  0  0  0  0  0  0  0  0  0
  4.5980071076414338e-06  0  0  0  0  0  0  1  0  0  0  1  1  0  0  0  0
  1.9072757000362839e-11  0  1  0  0  0  0  0  1  0  0  0  0  0  1  0  0
 -3.6049021599349939e-09  1  0  0  0  0  0  0  0  0  1  1  0  0  0  0  0
  2.9572513026026952e-04  0  0  0  0  3  0  0  0  0  1  1  0  0  0  0  0
  4.6917584271003365e-04  0  0  0  0  1  0  0  0  0  0  0  0  1  0  0  3
  2.1727694739040029e-04  0  0  0  0  0  0  0  1  0  0  0  0  2  0  2  0
  2.6539984537839954e-04  0  0  0  0  0  1  0  0  0  0  0  0  0  1  2  1
 -4.9322528338851604e-03  0  0  0  4  0  0  0  1  0  0  0  0  0  0  0  0
  1.2280659704468165e-02  0  0  0  0  1  1  0  0  1  1  0  1  0  0  0  0
  1.7901989997952427e-04  0  0  0  0  0  1  1  1  0  0  0  0  0  1  1  0
 -6.1240071492668833e-11  0  0  1  0  0  0  0  1  0  0  0  0  0  0  1  0
 -7.8737066641025484e-03  0  0  0  0  0  0  1  1  0  2  1  0  0  0  0  0
  5.4714368406747925e-04  0  0  0  0  2  0  0  0  0  0  0  0  2  0  0  1
 -1.3573433581763174e-04  0  0  0  0  0  0  0  1  0  0  0  0  0  4  0  0
 -5.0668712612252982e-02  0  0  1  0  2  0  1  1  0  0  0  0  0  0  0  0
  1.4794347896654007e-02  0  0  0  0  0  1  0  0  0  1  2  1  0  0  0  0
 -2.3664312920221962e-04  0  0  0  0  0  0  0  2  0  0  0  0  0  2  0  1
  1.3226748501404849e-10  0  0  0  1  0  1  0  0  0  0  0  0  0  1  0  0
  1.7145939812135205e-05  0  0  0  0  0  1  3  0  0  0  0  0  1  0  0  0
 -1.9390803074104755e-04  0  0  0  0  0  0  1  1  0  0  0  0  2  0  1  0
  7.4156155396840157e-05  0  0  0  0  0  0  2  0  0  0  0  0  0  0  2  1
 -3.2759594747606720e-07  0  0  0  0  0  0  0  0  0  0  0  0  0  0  0  3
 -4.4057143610729300e-02  0  1  0  0  0  1  2  1  0  0  0  0  0  0  0  0
 -8.9792455448367229e-03  0  0  0  0  0  1  0  0  0  3  0  1  0  0  0  0
 -7.5123757812615938e-10  0  2  0  0  0  0  0  0  0  0  0  1  0  0  0  0
  8.8449785169443726e-03  0  0  0  0  0  0  0  1  2  0  2  0  0  0  0  0
  4.5039316332015042e-04  0  0  0  0  1  0  0  2  0  0  0  0  1  0  0  1
 -8.1199273879785136e-05  0  0  0  0  1  0  0  3  0  0  0  0  1  0  0  0
 -7.9806732295139786e-07  0  0  0  0  1  0  0  0  0  0  0  0  1  0  0  1
  7.6515147266201537e-13  1  1  0  0  0  0  0  0  0  0  1  0  0  0  0  0
 -4.7207945100111008e-04  0  0  0  0  1  1  0  0  0  0  0  0  0  2  1  0
  1.3290719501706892e-10  0  1  0  0  1  0  0  0  0  0  0  0  0  0  1  0
 -4.9164530685509127e-03  0  0  0  0  0  0  1  0  0  0  1  3  0  0  0  0
 -2.0400074041300898e-04  0  0  0  0  0  0  1  1  0  0  0  0  0  2  1  0
  1.9819640159448237e-04  0  0  0  0  0  1  1  0  0  0  0  0  1  0  0  2
 -2.3354581061829030e-06  0  0  0  0  0  3  0  1  0  0  0  0  0  1  0  0
  2.9089397428418100e-10  0  0  0  1  0  0  0  0  0  0  0  0  0  0  2  0
 -5.1940159514533143e-03  0  0  0  0  2  0  0  2  0  0  0  1  0  0  0  0
  7.4208018604163305e-04  0  0  0  0  0  0  2  2  0  0  0  1  0  0  0  0
  2.4378470583211255e-04  0  0  0  0  1  1  1  0  0  0  0  0  0  2  0  0
  6.0539448196226028e-03  0  0  0  0  0  0  0  2  0  0  0  3  0  0  0  0
 -1.2209271226700048e-07  0  0  0  0  0  0  0  0  0  0  0  0  1  1  1  0
  3.9805037703303013e-05  0  0  0  0  0  2  1  0  0  0  0  0  1  1  0  0
  1.8143505078594274e-02  2  0  0  0  1  1  1  0  0  0  0  0  0  0  0  0
  3.9687230765559356e-02  0  1  0  0  2  1  0  1  0  0  0  0  0  0  0  0
  6.7929281324681989e-04  0  0  0  0  0  0  0  1  0  0  0  0  2  0  0  2
  6.0794126900764241e-04  0  0  0  5  0  0  0  0  0  0  0  0  0  0  0  0
 -1.2718301297774393e-05  0  0  0  0  3  1  0  0  0  0  0  0  0  0  1  0
 -6.4069878060591355e-03  0  0  0  0  0  0  0  1  0  0  0  4  0  0  0  0
  1.9088858995514293e-06  0  0  0  0  0  0  1  0  1  1  0  0  0  0  0  0
  2.3911666432814311e-04  0  0  0  0  0  1  0  0  0  0  0  0  1  2  1  0
  1.9927751770924961e-03  0  0  0  0  2  0  1  0  1  1  0  0  0  0  0  0
  4.4264802454447704e-03  0  0  0  0  0  0  1  0  3  1  0  0  0  0  0  0
 -3.5806692634691661e-02  1  0  1  1  1  0  1  0  0  0  0  0  0  0  0  0
  1.7112345415140507e-03  0  0  0  0  0  0  2  1  0  2  0  0  0  0  0  0
  5.6604404883321711e-02  1  0  1  0  1  0  1  1  0  0  0  0  0  0  0  0
 -1.1088840193411687e-02  0  0  0  0  0  0  2  3  0  0  0  0  0  0  0  0
  1.1042112229576757e-02  0  0  1  2  1  1  0  0  0  0  0  0  0  0  0  0
 -1.4886824288408195e-02  0  0  0  2  0  0  2  1  0  0  0  0  0  0  0  0
 -2.4304721222586194e-02  0  0  0  2  0  0  0  3  0  0  0  0  0  0  0  0
 -2.8302202441660863e-02  1  0  1  0  0  1  2  0  0  0  0  0  0  0  0  0
 -1.1385550263502607e-06  0  0  0  0  0  0  2  0  0  0  0  1  0  0  0  0
 -2.3451663296694144e-04  0  0  0  0  0  0  0  1  0  0  0  0  1  1  1  1
 -3.1993694935442763e-03  4  0  0  0  0  0  0  1  0  0  0  0  0  0  0  0
 -3.9766337233156724e-03  0  0  0  0  0  2  0  0  1  1  1  0  0  0  0  0
 -6.0423490037798795e-02  1  0  0  1  0  1  1  1  0  0  0  0  0  0  0  0
 -3.0300074033794277e-09  1  0  0  0  0  0  0  1  1  0  0  0  0  0  0  0
 -6.1004183265582334e-03  0  0  0  0  1  0  1  0  2  1  0  0  0  0  0  0
 -5.1124121332960667e-05  1  1  1  0  0  0  0  0  0  0  0  0  0  0  0  0
  2.3264454073093788e-03  0  2  0  1  2  0  0  0  0  0  0  0  0  0  0  0
 -2.7443998341888828e-05  0  0  0  0  2  0  2  0  0  0  0  0  0  0  0  1
 -4.4587848322310209e-10  0  0  0  0  1  0  0  0  0  1  0  0  0  0  1  0
  3.3853586258379151e-10  0  0  0  1  1  0  0  0  1  0  0  0  0  0  0  0
  1.0738537126779833e-04  0  0  0  0  0  1  0  1  0  0  0  0  0  3  0  0
  2.8553112136764982e-04  0  0  0  0  1  0  0  0  0  0  0  0  2  1  1  0
 -2.5028439672482292e-03  0  0  0  0  1  0  0  3  1  0  0  0  0  0  0  0
 -1.8815463705423297e-02  0  0  0  0  0  0  0  0  0  2  2  1  0  0  0  0
 -2.9523385398047742e-04  0  0  0  0  1  0  1  0  0  0  0  0  1  0  1  1
 -1.0674279939707474e-05  0  0  0  3  0  0  0  0  0  0  0  0  0  0  0  0
 -2.5893085194724801e-10  0  0  0  0  0  0  0  0  2  0  0  0  0  0  0  1
 -4.0894337032564563e-04  0  0  0  0  0  0  0  0  0  0  0  0  2  0  0  3
 -1.7112345415140507e-03  0  0  0  0  0  0  2  1  0  0  0  2  0  0  0  0
 -2.7765311919794216e-03  0  0  0  0  0  0  0  3  0  0  0  2  0  0  0  0
  5.2477959434742220e-10  0  0  0  0  0  0  0  1  0  0  0  1  0  0  0  1
 -1.1098309745740721e-03  0  0  4  0  0  0  0  1  0  0  0  0  0  0  0  0
  1.6630811168989293e-09  0  0  0  1  0  1  0  0  0  1  0  0  0  0  0  0
 -1.4791179106239113e-04  0  0  0  0  3  0  1  0  0  1  0  0  0  0  0  0
 -8.3525812402675199e-05  0  0  0  0  0  0  1  2  0  0  0  0  0  0  1  1
 -9.8131042037453032e-03  0  0  0  0  0  0  0  0  3  1  1  0  0  0  0  0
  6.8820166393852779e-05  0  0  0  0  0  0  1  1  0  0  0  0  0  0  3  0
  5.0314410867834343e-02  1  1  0  0  0  2  1  0  0  0  0  0  0  0  0  0
 -1.5724673714842204e-07  0  0  0  0  1  0  1  0  0  0  0  0  0  1  0  0
 -7.2911687881525443e-05  0  0  0  0  0  1  0  2  0  0  0  0  1  0  1  0
 -2.1063439357103276e-10  0  0  0  0  0  0  0  0  0  0  2  0  0  0  0  1
  6.6538976498584559e-03  0  0  3  0  0  0  1  1  0  0  0  0  0  0  0  0
  7.5154110979466859e-07  0  0  0  0  0  0  0  0  0  0  0  0  0  2  0  1
 -9.6475377002491550e-03  0  0  2  1  0  2  0  0  0  0  0  0  0  0  0  0
 -2.0031632607811640e-10  1  0  0  0  1  0  0  0  0  0  0  0  0  0  0  1
  1.0818762585311757e-03  3  0  1  0  0  1  0  0  0  0  0  0  0  0  0  0
 -3.7722903638770051e-03  0  0  0  0  0  0  2  0  0  2  0  1  0  0  0  0
 -3.2277903922621923e-03  2  2  0  0  0  0  0  1  0  0  0  0  0  0  0  0
 -1.2270647420623555e-04  0  0  0  0  1  0  0  2  0  0  0  0  0  1  1  0
  3.9848633358143691e-05  0  0  0  0  0  0  2  1  0  0  0  0  0  0  0  0
  6.6669854337667363e-03  0  0  0  0  0  1  1  0  1  0  2  0  0  0  0  0
 -1.7914604545190237e-02  2  0  1  0  0  0  1  1  0  0  0  0  0  0  0  0
  1.4107227830114231e-10  0  0  0  2  0  0  0  0  0  0  0  0  0  0  0  1
  2.0015793107707788e-02  1  0  0  2  0  1  1  0  0  0  0  0  0  0  0  0
 -3.8224218593110862e-03  0  0  3  1  0  0  1  0  0  0  0  0  0  0  0  0
 -2.2082437938838757e-06  0  0  0  0  0  1  1  0  1  0  0  0  0  0  0  0
 -1.5563271100451617e-04  0  0  0  0  0  0  0  1  0  0  0  0  0  0  2  2
  1.3951166386756450e-04  0  0  0  0  1  0  1  0  0  0  0  0  0  1  0  2
 -3.7955475138776238e-07  0  0  0  0  0  0  0  1  0  0  0  0  0  2  0  0
  3.4475754937294899e-04  0  0  0  0  0  0  1  0  0  0  0  0  0  2  1  1
  1.9542429926377360e-05  0  0  0  1  0  2  0  0  0  0  0  0  0  0  0  0
  4.5528755459970691e-02  1  0  0  0  0  1  1  2  0  0  0  0  0  0  0  0
  3.4475754937294905e-04  0  0  0  0  0  0  1  0  0  0  0  0  2  0  1  1
  4.5652623825563637e-04  0  0  0  0  2  2  0  0  0  0  0  1  0  0  0  0
  1.0980443061388359e-03  0  0  0  0  0  0  0  3  0  2  0  0  0  0  0  0
 -1.4791179106239118e-04  0  0  0  0  0  3  1  0  1  0  0  0  0  0  0  0
  2.3309591785992029e-05  0  0  0  0  0  0  2  2  0  0  0  0  0  0  0  1
  1.2085183349698610e-04  0  0  0  0  0  3  0  1  0  1  0  0  0  0  0  0
 -2.7337627365723243e-02  1  0  0  0  0  3  1  0  0  0  0  0  0  0  0  0
  4.5597892869177368e-03  0  0  0  0  2  1  0  0  1  0  1  0  0  0  0  0
 -5.9892236621386258e-05  0  0  0  0  0  2  0  0  0  0  0  0  1  1  1  0
  2.3869888803295333e-03  0  0  0  0  1  1  0  2  0  0  1  0  0  0  0  0
  7.5952313203541004e-05  0  0  0  0  0  1  0  0  0  0  0  0  0  1  0  3
  1.8694158594950973e-02  0  0  0  0  0  0  0  0  1  1  1  2  0  0  0  0
 -1.0298482167562416e-04  0  0  0  0  0  0  1  0  0  0  0  0  1  1  0  2
  6.3539188623537568e-06  0  0  0  0  0  2  0  1  0  0  0  0  2  0  0  0
  1.5136595961186964e-02  0  0  0  0  1  0  0  0  1  0  2  1  0  0  0  0
  1.5539727857328023e-05  0  0  0  0  0  0  1  3  0  0  0  0  0  0  1  0
 -7.0346360304494011e-05  0  0  1  0  1  1  0  0  0  0  0  0  0  0  0  0
  1.9539433118288502e-02  1  0  0  3  1  0  0  0  0  0  0  0  0  0  0  0
 -3.8224218593110866e-03  0  0  1  3  0  0  1  0  0  0  0  0  0  0  0  0
 -5.9027688157909297e-03  0  0  0  0  1  0  0  0  0  1  3  0  0  0  0  0
 -1.2421079028825978e-04  0  0  0  0  0  0  0  0  0  0  0  0  1  3  1  0
  1.5998448329341864e-04  0  0  0  0  1  1  0  0  0  0  0  0  0  0  3  0
 -7.3990498840076054e-03  0  0  0  0  1  0  0  1  1  0  2  0  0  0  0  0
  2.5216533414944846e-07  0  0  0  0  0  0  0  1  0  0  0  0  0  0  2  0
 -6.9685142132859344e-03  0  0  0  0  0  1  1  1  1  0  0  1  0  0  0  0
  6.0252434113854710e-04  0  2  0  2  0  0  0  1  0  0  0  0  0  0  0  0
  8.9792455448367229e-03  0  0  0  0  0  1  0  0  3  0  1  0  0  0  0  0
 -1.2421079028825975e-04  0  0  0  0  0  0  0  0  0  0  0  0  3  1  1  0
  4.5528755459970698e-02  0  1  0  0  1  0  1  2  0  0  0  0  0  0  0  0
  4.9472012402775555e-04  0  0  0  0  0  0  3  1  0  0  1  0  0  0  0  0
 -4.1011298350791869e-06  0  0  0  0  0  0  0  0  1  1  1  0  0  0  0  0
  2.0015793107707795e-02  0  1  2  0  1  0  1  0  0  0  0  0  0  0  0  0
  5.0201316840707146e-02  2  0  0  1  2  0  0  0  0  0  0  0  0  0  0  0
  3.8838485288687241e-09  1  0  0  0  0  1  0  0  0  0  1  0  0  0  0  0
 -1.0284550151103206e-01  0  0  0  1  2  0  0  2  0  0  0  0  0  0  0  0
 -2.1813160024479728e-03  0  0  0  0  2  1  1  0  1  0  0  0  0  0  0  0
  1.3092140666662504e-03  0  0  0  0  0  0  2  0  0  0  0  3  0  0  0  0
  4.9183148330356056e-10  0  1  0  0  0  1  0  0  0  0  0  0  0  0  0  1
  2.8805448581900740e-02  1  0  0  1  1  0  2  0  0  0  0  0  0  0  0  0
 -2.6286698079134263e-10  0  0  0  0  0  0  0  1  0  1  0  0  0  1  0  0
  4.0333262658516457e-03  0  0  0  0  0  1  0  1  0  3  0  0  0  0  0  0
 -2.1413701400345615e-02  0  2  1  0  0  0  1  1  0  0  0  0  0  0  0  0
 -1.4763265938762887e-03  0  0  0  0  0  1  2  1  0  1  0  0  0  0  0  0
 -1.0818762585311757e-03  0  3  0  1  0  1  0  0  0  0  0  0  0  0  0  0
 -1.6985000082159291e-04  0  0  0  0  1  0  1  1  0  0  0  0  0  1  0  1
  2.6342819621171711e-03  0  0  0  0  0  0  0  0  0  0  4  1  0  0  0  0
  6.6669854337667355e-03  0  0  0  0  1  0  1  0  0  1  0  2  0  0  0  0
  1.2158825380152846e-03  0  0  2  3  0  0  0  0  0  0  0  0  0  0  0  0
  1.9703367443774756e-02  0  0  0  0  0  0  0  0  4  0  0  1  0  0  0  0
  8.0244697302019890e-05  1  1  0  0  0  0  1  0  0  0  0  0  0  0  0  0
  1.2495435642908595e-02  0  2  1  1  0  0  1  0  0  0  0  0  0  0  0  0
  9.4942270937270964e-03  0  0  0  0  2  0  0  0  0  2  0  1  0  0  0  0
  3.9848633358143691e-05  0  0  0  0  0  0  0  3  0  0  0  0  0  0  0  0
 -3.1727121630295167e-04  0  0  0  0  1  0  0  0  0  0  0  0  0  1  1  2
 -2.7261035875949206e-05  0  0  0  0  0  2  0  0  0  0  0  0  2  0  0  1
 -1.1486954894043385e-02  1  0  1  2  0  1  0  0  0  0  0  0  0  0  0  0
 -6.5205725437185629e-03  0  0  0  0  0  1  0  1  0  1  0  2  0  0  0  0
 -1.8359778741335524e-02  0  0  0  0  0  0  0  0  2  0  2  1  0  0  0  0
 -5.1863402550118544e-02  1  1  0  0  1  1  0  1  0  0  0  0  0  0  0  0
  1.5171996444983006e-05  0  0  0  0  0  2  0  0  0  0  0  0  0  2  0  1
 -3.3976541254322697e-04  0  0  0  0  1  1  0  1  0  0  0  0  0  0  1  1
 -1.2916864913472697e-02  0  0  0  0  0  0  0  1  2  2  0  0  0  0  0  0
  1.4003227661720694e-05  0  0  0  0  0  0  0  0  2  0  0  1  0  0  0  0
  9.9808464747876829e-03  0  0  2  1  0  0  0  2  0  0  0  0  0  0  0  0
 -4.6072707844004035e-04  0  0  0  0  1  3  0  0  0  0  1  0  0  0  0  0
 -6.0591138951041874e-09  0  0  0  1  0  0  0  1  0  0  0  1  0  0  0  0
  8.9979390596307191e-12  0  1  0  0  0  0  0  0  0  0  0  0  1  0  1  0
  9.8902632400294527e-03  0  0  0  0  0  0  0  0  0  4  0  1  0  0  0  0
 -2.0014158141686611e-02  0  0  0  0  0  4  0  1  0  0  0  0  0  0  0  0
 -2.6299080953023202e-05  0  0  0  1  0  0  2  0  0  0  0  0  0  0  0  0
 -5.3253252452029346e-10  0  0  0  0  0  0  0  0  1  0  0  0  0  1  1  0
  1.6455126061331486e-02  0  0  0  0  1  0  0  2  1  0  0  1  0  0  0  0
  4.9800737551852475e-05  0  0  0  0  0  0  2  1  0  0  0  0  0  2  0  0
  1.5520718759715304e-04  0  0  0  0  1  2  0  0  0  0  0  0  0  1  1  0
  8.9509949989762135e-05  0  0  0  0  1  0  2  0  0  0  0  0  1  0  0  1
  2.1974358740567634e-02  2  0  0  1  0  2  0  0  0  0  0  0  0  0  0  0
  7.5882849164808283e-05  0  0  0  0  0  0  0  0  0  0  0  0  0  0  2  3
 -1.3609635614358097e-05  0  0  0  0  1  0  0  0  1  0  0  1  0  0  0  0
 -2.4378470583211255e-04  0  0  0  0  1  1  1  0  0  0  0  0  0  0  0  2
 -1.0200037020650450e-04  0  0  0  0  0  0  2  0  0  0  0  0  2  0  0  1
  3.1925590795751259e-05  0  0  1  1  0  0  1  0  0  0  0  0  0  0  0  0
  2.7972831053517513e-04  0  0  0  0  1  0  0  0  0  0  0  0  1  0  2  1
 -2.2771100527005215e-06  0  0  0  0  0  0  1  1  0  0  1  0  0  0  0  0
 -1.4763265938762887e-03  0  0  0  0  1  0  2  1  1  0  0  0  0  0  0  0
  3.1073926503024459e-08  0  0  0  0  0  2  0  0  0  0  0  1  0  0  0  0
  6.5085051082599446e-02  0  0  0  2  2  0  0  1  0  0  0  0  0  0  0  0
  1.2539059698322304e-02  0  0  0  0  1  0  0  1  1  2  0  0  0  0  0  0
  3.7888553817013594e-02  0  0  0  1  2  2  0  0  0  0  0  0  0  0  0  0
 -2.4428993481587593e-11  0  0  0  0  0  1  0  0  0  0  0  1  0  1  0  0
  6.8569403090376093e-04  0  0  0  0  0  0  0  0  0  0  0  0  2  2  0  1
 -2.6895906004662212e-02  1  0  1  0  0  1  0  2  0  0  0  0  0  0  0  0
 -1.4028496232244042e-04  0  0  0  0  1  0  1  0  0  0  0  0  2  1  0  0
 -6.4112761945961877e-03  0  0  0  0  1  0  1  1  0  1  0  1  0  0  0  0
  1.4386611308645204e-02  0  0  0  0  1  0  0  1  3  0  0  0  0  0  0  0
 -1.4052802737577156e-11  1  0  1  0  0  0  0  0  0  1  0  0  0  0  0  0
  1.7623340586336717e-02  0  1  1  0  3  0  0  0  0  0  0  0  0  0  0  0
  1.9819640159448237e-04  0  0  0  0  1  0  1  0  0  0  0  0  0  1  2  0
  3.0994154875494735e-05  0  4  0  1  0  0  0  0  0  0  0  0  0  0  0  0
 -2.3041745526744353e-03  3  1  1  0  0  0  0  0  0  0  0  0  0  0  0  0
 -1.1195495388155190e-02  2  0  1  0  1  1  0  0  0  0  0  0  0  0  0  0
 -3.7285573623376301e-10  0  0  1  0  0  0  1  0  0  0  0  0  0  0  0  1
  2.2156348554205980e-04  0  0  0  0  1  1  0  0  0  0  0  0  1  1  0  1
  3.4410083196926390e-05  0  0  0  0  0  0  2  0  0  0  0  0  0  0  0  3
  5.4338563904761335e-02  0  0  0  0  2  0  0  3  0  0  0  0  0  0  0  0
  2.3155044219824676e-04  0  0  0  0  0  0  0  1  0  0  0  0  0  2  2  0
 -1.4273034717415520e-09  1  0  0  0  1  0  0  0  0  0  0  1  0  0  0  0
  1.1853054349066482e-04  0  0  0  0  0  0  1  1  0  0  0  0  1  1  0  1
 -1.2718301297774396e-05  0  0  0  0  1  3  0  0  0  0  0  0  0  0  1  0
 -7.5624356725658218e-03  0  0  0  0  0  0  0  2  0  2  0  1  0  0  0  0
  1.2064502774172792e-09  0  0  0  0  0  0  0  0  0  1  0  1  0  1  0  0
 -7.8173126591796448e-03  0  0  0  0  2  0  0  0  0  0  0  3  0  0  0  0
 -2.4345189455801636e-02  2  1  0  0  1  0  1  0  0  0  0  0  0  0  0  0
  1.1871119234608950e-05  0  0  0  0  2  2  0  0  0  0  0  0  0  0  0  1
 -1.2615514631244329e-05  0  0  0  0  0  1  0  3  0  0  0  0  0  1  0  0
 -4.9800737551852475e-05  0  0  0  0  0  0  2  1  0  0  0  0  0  0  0  2
  1.5176251819990230e-02  0  1  0  0  1  0  3  0  0  0  0  0  0  0  0  0
 -1.2274353840567060e-03  0  0  0  0  0  2  0  1  0  2  0  0  0  0  0  0
  4.5862665834783833e-04  0  0  0  0  4  0  0  0  0  0  0  1  0  0  0  0
  2.6184281333324999e-03  0  0  0  0  0  0  1  1  0  0  3  0  0  0  0  0
  3.0921504028683171e-09  1  0  0  0  0  0  0  0  1  0  0  1  0  0  0  0
 -6.0838405519265108e-10  0  0  0  0  0  0  0  0  0  0  0  1  0  2  0  0
  1.2818342728411865e-04  0  0  0  0  0  1  0  1  0  0  0  0  2  1  0  0
 -1.7112345415140509e-03  0  0  0  0  0  0  2  1  0  0  2  0  0  0  0  0
  1.9927751770924961e-03  0  0  0  0  0  2  1  0  1  1  0  0  0  0  0  0
  2.3661628624254251e-03  2  2  0  1  0  0  0  0  0  0  0  0  0  0  0  0
 -4.1627722208255422e-04  0  2  0  1  0  0  0  2  0  0  0  0  0  0  0  0
  2.3351687075499304e-03  4  0  0  1  0  0  0  0  0  0  0  0  0  0  0  0
 -3.4705659451630537e-05  0  0  0  0  0  2  0  1  0  0  0  0  0  0  0  0
  1.5728176252178521e-02  0  0  0  0  1  0  0  1  0  1  1  1  0  0  0  0
 -4.3496570105729876e-12  0  0  1  0  0  0  0  0  0  0  0  0  1  1  0  0
  1.4886824288408198e-02  0  2  0  0  0  0  2  1  0  0  0  0  0  0  0  0
  5.9397533235755317e-03  0  0  0  0  1  1  1  0  2  0  0  0  0  0  0  0
 -2.7572014851009142e-09  0  0  1  0  0  0  1  0  0  0  0  1  0  0  0  0
 -7.8975225435673601e-03  0  0  0  0  0  0  0  1  0  0  2  2  0  0  0  0
 -3.1865321664427203e-02  1  1  1  0  2  0  0  0  0  0  0  0  0  0  0  0
  1.2236825191510225e-09  0  0  1  0  0  1  0  0  1  0  0  0  0  0  0  0
 -2.1958800084294084e-05  0  0  0  0  0  0  0  3  0  0  0  0  0  0  2  0
  2.5938122100704442e-02  0  0  0  1  4  0  0  0  0  0  0  0  0  0  0  0
 -3.2056380972980934e-03  0  0  0  0  0  1  2  0  1  0  1  0  0  0  0  0
  4.8034321685297367e-10  0  0  0  0  0  0  0  1  0  0  1  0  0  0  1  0
 -3.8370343987359098e-03  0  0  0  0  1  0  0  2  0  1  1  0  0  0  0  0
  1.5397760600579099e-03  0  0  0  0  1  0  1  2  0  1  0  0  0  0  0  0
 -1.2432182519077047e-02  0  0  0  0  0  0  0  0  0  2  0  3  0  0  0  0
 -1.2239880561163176e-10  0  0  0  0  0  1  0  0  0  1  0  0  0  0  0  1
 -8.3680901117457319e-11  0  0  0  0  0  0  0  0  0  0  1  0  1  1  0  0
  4.9905522233854337e-05  2  0  0  1  0  0  0  0  0  0  0  0  0  0  0  0
  2.2143359493937038e-02  0  0  0  1  0  0  2  2  0  0  0  0  0  0  0  0
  1.3946994656632962e-02  0  0  0  0  1  0  0  0  2  1  1  0  0  0  0  0
 -3.5582719663430552e-02  0  0  0  0  1  0  0  1  1  0  0  2  0  0  0  0
  1.3333970867533467e-02  0  0  0  0  0  1  0  1  1  0  1  1  0  0  0  0
 -3.9153318119163859e-03  2  0  2  1  0  0  0  0  0  0  0  0  0  0  0  0
  1.3109021374763305e-10  0  0  1  1  0  0  0  0  0  0  1  0  0  0  0  0
 -9.1599638847247346e-03  0  0  0  0  2  0  0  1  2  0  0  0  0  0  0  0
 -3.6387281136727326e-03  1  0  3  0  0  1  0  0  0  0  0  0  0  0  0  0
  5.1991119009330606e-05  0  1  1  0  1  0  0  0  0  0  0  0  0  0  0  0
 -3.2759594747606715e-07  0  0  0  0  0  0  0  0  0  0  0  0  0  0  2  1
  4.2481243235879965e-03  0  0  0  0  0  0  0  2  1  1  1  0  0  0  0  0
 -5.4471092490235501e-10  0  0  1  0  0  0  0  1  0  0  1  0  0  0  0  0
  1.7145939812135205e-05  0  0  0  0  1  0  3  0  0  0  0  0  0  1  0  0
  3.6801323084635184e-04  0  0  0  0  2  0  0  0  0  0  0  0  0  2  0  1
 -4.6169135726980169e-03  0  0  0  0  0  1  0  0  1  0  3  0  0  0  0  0
 -1.9762574926645573e-04  0  0  0  0  2  0  0  1  0  0  0  0  0  2  0  0
 -7.6805184278809071e-05  0  0  0  0  2  0  0  0  0  0  0  0  1  1  1  0
 -2.4378470583211252e-04  0  0  0  0  1  1  1  0  0  0  0  0  0  0  2  0
 -1.5564995415219014e-02  0  0  0  0  0  0  0  2  2  0  0  1  0  0  0  0
  1.5265947596726980e-07  0  0  0  1  0  0  0  0  0  0  0  0  0  0  0  0
  5.8808778761745509e-03  0  0  0  0  0  1  0  1  2  1  0  0  0  0  0  0
  8.6047978351093185e-05  0  0  0  0  3  0  0  1  0  0  0  0  1  0  0  0
 -1.0634768793402932e-10  2  0  0  0  0  0  0  0  0  0  0  0  0  0  0  1
  3.7941424582404142e-05  0  0  0  0  0  0  0  0  0  0  0  0  0  0  0  5
 -3.5806692634691661e-02  0  1  1  1  0  1  1  0  0  0  0  0  0  0  0  0
  2.9015437984784787e-06  0  0  0  0  0  0  0  1  0  0  2  0  0  0  0  0
 -1.0436243686538883e-02  0  0  0  0  1  1  0  1  0  0  1  1  0  0  0  0
  1.9424659821660030e-05  0  0  0  0  0  0  0  4  0  0  0  0  0  0  0  1
  3.8849319643320041e-06  0  0  0  0  0  0  4  0  0  0  0  0  0  0  0  1
 -1.3894107784186897e-04  0  0  0  0  3  0  0  0  0  0  0  0  1  0  0  1
  9.4362485497005849e-02  1  0  0  0  3  0  0  1  0  0  0  0  0  0  0  0
  4.5904967508772504e-04  0  0  0  0  0  0  0  1  0  0  0  0  0  2  0  2
  1.6492169008122705e-02  0  0  0  0  0  0  1  0  0  2  1  1  0  0  0  0
 -6.3434211190790051e-07  0  0  0  0  1  1  0  0  0  0  0  0  0  0  1  0
 -8.0695154396019431e-10  0  0  0  1  0  0  0  1  0  0  0  0  0  0  0  1
 -8.0784875954473018e-04  0  0  0  0  1  0  0  1  0  0  0  0  1  0  0  2
  4.0031586215415589e-02  0  1  1  1  1  0  0  1  0  0  0  0  0  0  0  0
 -4.4137501105723891e-03  0  1  3  0  1  0  0  0  0  0  0  0  0  0  0  0
 -2.6539984537839954e-04  0  0  0  0  0  1  0  0  0  0  0  0  1  0  1  2
  1.5397760600579101e-03  0  0  0  0  0  1  1  2  1  0  0  0  0  0  0  0
  1.6169952728920373e-03  0  0  0  0  0  2  0  1  0  0  2  0  0  0  0  0
  8.5409370093105974e-06  0  0  0  0  0  2  0  2  0  0  0  0  0  0  0  1
  1.7112345415140502e-03  0  0  0  0  0  0  2  1  2  0  0  0  0  0  0  0
 -1.1105117201891999e-04  1  0  0  1  1  0  0  0  0  0  0  0  0  0  0  0
  5.9634081706408070e-05  0  0  0  0  0  0  0  0  0  0  0  0  1  1  3  0
  1.4762239662624689e-02  0  0  1  0  0  0  3  1  0  0  0  0  0  0  0  0
 -1.7490684010220572e-04  0  0  0  0  0  1  0  1  0  0  0  0  0  1  2  0
  5.9275962222584749e-03  0  0  0  0  0  0  0  0  1  1  3  0  0  0  0  0
 -3.5131134629279276e-02  2  0  0  0  0  2  0  1  0  0  0  0  0  0  0  0
  3.1704274878435856e-02  1  1  1  0  0  0  0  2  0  0  0  0  0  0  0  0
  1.1486954894043383e-02  0  1  2  1  0  1  0  0  0  0  0  0  0  0  0  0
 -1.4028496232244044e-04  0  0  0  0  0  1  1  0  0  0  0  0  1  2  0  0
 -8.1330548776420304e-06  0  0  0  0  0  3  0  0  0  0  0  0  1  0  1  0
  2.7405953457968294e-09  0  0  0  1  0  0  0  0  0  0  2  0  0  0  0  0
  4.3650292827677852e-06  0  0  0  0  0  1  0  0  1  0  1  0  0  0  0  0
  1.7872899701824206e-05  0  1  0  0  0  1  0  1  0  0  0  0  0  0  0  0
  1.5176251819990232e-02  1  0  0  0  0  1  3  0  0  0  0  0  0  0  0  0
  6.6694639603799173e-05  0  0  0  0  0  0  1  0  0  0  0  0  3  1  0  0
 -2.6739550401959231e-09  0  0  0  1  0  0  0  0  2  0  0  0  0  0  0  0
  6.5769115413462092e-10  0  0  0  0  0  0  0  0  0  2  0  0  0  0  0  1
  1.5539727857328023e-05  0  0  0  0  0  0  3  1  0  0  0  0  0  0  1  0
 -4.3089333023903905e-03  0  0  0  0  2  0  0  1  0  2  0  0  0  0  0  0
 -4.2528667162353281e-03  0  0  0  0  1  0  1  0  0  3  0  0  0  0  0  0
 -2.1004200922019774e-06  0  0  0  0  0  4  0  0  0  0  0  1  0  0  0  0
 -2.3041745526744353e-03  1  3  1  0  0  0  0  0  0  0  0  0  0  0  0  0
 -1.3652596219566954e-02  0  0  0  0  1  0  1  0  1  0  1  1  0  0  0  0
 -6.0420838084592320e-03  0  0  2  2  0  0  0  1  0  0  0  0  0  0  0  0
  1.2369878597906575e-10  0  0  0  0  0  0  0  0  0  1  1  0  1  0  0  0
  3.1664872280168476e-04  0  0  0  0  1  1  0  0  0  0  0  0  0  0  1  2
 -1.9075939421932409e-02  1  0  2  0  1  0  0  1  0  0  0  0  0  0  0  0
  3.9267557913719971e-03  0  0  3  0  1  1  0  0  0  0  0  0  0  0  0  0
  2.4240314353390453e-07  0  0  0  0  0  1  0  0  0  0  0  0  1  0  1  0
  3.4635918388003844e-04  0  0  0  0  1  0  0  1  0  0  0  0  1  2  0  0
 -9.3567569037459350e-04  0  0  0  0  0  2  2  0  0  0  0  1  0  0  0  0
 -1.9075939421932413e-02  0  1  2  0  0  1  0  1  0  0  0  0  0  0  0  0
  2.7354884297748849e-02  3  0  0  0  1  0  0  1  0  0  0  0  0  0  0  0
  3.0786953759671328e-02  0  0  1  1  2  0  1  0  0  0  0  0  0  0  0  0
 -4.0856440144536169e-02  0  1  0  0  1  2  1  0  0  0  0  0  0  0  0  0
 -6.8398639108955794e-10  0  1  0  0  0  0  0  0  0  1  0  1  0  0  0  0
 -6.2821952733627118e-02  0  0  0  0  2  2  0  1  0  0  0  0  0  0  0  0
 -2.5334356306126495e-02  0  0  0  1  0  2  2  0  0  0  0  0  0  0  0  0
  5.9265271745332402e-05  0  0  0  0  0  0  2  0  0  0  0  0  1  1  1  0
 -3.1436240264805133e-11  0  1  0  0  0  0  0  0  0  0  0  0  0  1  0  1
 -5.7165108104836986e-03  0  0  0  0  1  1  0  1  1  1  0  0  0  0  0  0
  1.5512579899421485e-09  0  0  0  0  0  0  0  0  0  0  0  0  0  0  0  1
  1.6675642418010329e-11  0  0  0  0  0  1  0  0  0  0  1  0  1  0  0  0
 -3.9058649502229051e-02  1  1  1  1  0  0  0  1  0  0  0  0  0  0  0  0
 -3.0032381536983606e-10  1  0  0  0  0  0  0  1  0  0  0  0  1  0  0  0
  1.7430125963485159e-04  1  0  0  0  1  0  0  1  0  0  0  0  0  0  0  0
  1.8452799578280863e-02  0  0  0  1  0  0  0  4  0  0  0  0  0  0  0  0
 -5.0469842887169341e-03  0  0  0  0  3  0  0  0  1  0  0  1  0  0  0  0
  1.7582739469683081e-02  0  1  0  2  1  0  1  0  0  0  0  0  0  0  0  0
 -2.9523385398047742e-04  0  0  0  0  0  1  1  0  0  0  0  0  0  1  1  1
  5.1068798476032817e-05  0  0  0  2  0  0  0  1  0  0  0  0  0  0  0  0
 -9.8131042037453032e-03  0  0  0  0  0  0  0  0  1  3  1  0  0  0  0  0
  3.3269488249292279e-03  0  0  0  3  0  0  2  0  0  0  0  0  0  0  0  0
 -1.0323156876655483e-09  0  1  1  0  0  0  0  0  1  0  0  0  0  0  0  0
 -6.0898594811467730e-03  0  0  0  3  0  2  0  0  0  0  0  0  0  0  0  0
 -2.1813160024479728e-03  0  0  0  0  1  2  1  0  0  1  0  0  0  0  0  0
  7.6364134493444756e-03  0  2  2  0  0  0  0  1  0  0  0  0  0  0  0  0
  4.7668939957080884e-05  1  0  1  0  0  1  0  0  0  0  0  0  0  0  0  0
  3.4251187190581726e-02  0  0  0  0  0  0  0  1  2  0  0  2  0  0  0  0
 -4.0856440144536162e-02  1  0  0  0  2  1  1  0  0  0  0  0  0  0  0  0
 -7.6718584435297445e-05  2  0  0  0  0  0  0  1  0  0  0  0  0  0  0  0
  1.4762239662624691e-02  0  0  1  0  0  0  1  3  0  0  0  0  0  0  0  0
  5.5347269204211660e-12  0  0  1  0  1  0  0  0  0  0  0  0  0  1  0  0
 -1.2782368412809307e-04  0  0  0  0  1  0  0  0  0  0  0  0  0  1  3  0
  1.1691206337917853e-02  1  0  2  1  1  0  0  0  0  0  0  0  0  0  0  0
 -1.3243262862063627e-04  0  0  0  0  0  1  0  1  0  0  0  0  0  1  0  2
  4.6169135726980169e-03  0  0  0  0  0  1  0  0  0  1  0  3  0  0  0  0
 -2.8420898717915902e-05  0  4  0  0  0  0  0  1  0  0  0  0  0  0  0  0
 -9.6954015370523790e-05  0  0  0  0  0  0  2  0  0  0  0  0  0  2  0  1
  2.9724967421449641e-02  0  0  0  2  0  2  0  1  0  0  0  0  0  0  0  0
  2.8302202441660863e-02  0  1  0  1  0  1  2  0  0  0  0  0  0  0  0  0
  3.6386356837431482e-07  0  0  0  0  3  0  1  0  0  0  0  0  0  1  0  0
  2.4378470583211257e-04  0  0  0  0  1  1  1  0  0  0  0  0  2  0  0  0
 -1.0298482167562416e-04  0  0  0  0  0  0  1  0  0  0  0  0  1  1  2  0
  5.7610897163801481e-02  0  1  1  0  0  1  1  1  0  0  0  0  0  0  0  0
 -2.8021296290895272e-04  0  0  0  0  0  0  0  0  0  0  0  0  0  2  0  3
 -1.7123463402287512e-10  0  1  0  0  0  0  0  0  1  0  1  0  0  0  0  0
 -8.7009076987719104e-05  0  0  0  0  0  0  1  0  0  0  0  0  0  0  3  1
 -5.5444200967058434e-03  0  0  0  0  0  0  4  1  0  0  0  0  0  0  0  0
  1.4886824288408203e-02  2  0  0  0  0  0  2  1  0  0  0  0  0  0  0  0
 -9.4178969341779991e-03  0  0  1  1  0  0  3  0  0  0  0  0  0  0  0  0
 -1.2217408331168945e-02  0  2  1  0  1  1  0  0  0  0  0  0  0  0  0  0
 -1.4940664117046150e-02  1  1  0  0  0  0  3  0  0  0  0  0  0  0  0  0
 -3.3701138162495494e-03  0  0  0  0  0  2  0  0  0  0  2  1  0  0  0  0
 -1.6507572230207114e-05  0  0  0  0  0  2  0  1  0  0  0  0  0  2  0  0
  1.6988751310001028e-02  0  0  0  0  0  0  0  1  0  2  0  2  0  0  0  0
 -1.3987690384395285e-02  0  0  1  0  1  3  0  0  0  0  0  0  0  0  0  0
  2.6842432592652569e-02  0  0  1  0  1  1  0  2  0  0  0  0  0  0  0  0
 -2.7337627365723243e-02  0  1  0  0  3  0  1  0  0  0  0  0  0  0  0  0
  3.7877816837408956e-02  2  0  0  2  0  0  0  1  0  0  0  0  0  0  0  0
 -1.4939745132700304e-04  0  0  0  0  2  1  0  0  0  0  0  0  0  1  0  1
  2.6342819621171707e-03  0  0  0  0  0  0  0  0  0  0  0  5  0  0  0  0
 -3.0631852429315323e-06  0  0  0  0  1  2  0  1  0  0  0  0  1  0  0  0
  8.6775705487841820e-05  0  0  0  0  2  1  0  1  0  0  0  0  0  1  0  0
 -7.9206340982932860e-02  2  0  0  0  2  0  0  1  0  0  0  0  0  0  0  0
 -1.5565861557252101e-02  2  1  0  1  0  1  0  0  0  0  0  0  0  0  0  0
 -4.3029451403121915e-06  0  0  0  0  0  0  0  1  0  2  0  0  0  0  0  0
  1.4831231079368031e-04  0  0  0  0  0  0  1  1  0  0  0  0  0  0  1  2
 -1.6101488601009625e-03  3  0  0  0  0  1  1  0  0  0  0  0  0  0  0  0
  6.6847243920162076e-10  0  0  0  0  0  0  0  0  1  0  1  0  0  1  0  0
  3.5735218374494250e-03  0  0  0  0  0  2  1  0  0  0  1  1  0  0  0  0
  2.6895906004662219e-02  0  1  0  1  0  1  0  2  0  0  0  0  0  0  0  0
 -2.1863549431228995e-04  0  0  0  0  2  0  0  0  0  0  0  0  0  0  0  3
 -1.2261976890943037e-02  0  1  1  2  1  0  0  0  0  0  0  0  0  0  0  0
  3.8896217743737498e-04  0  0  0  0  2  0  0  1  0  0  0  0  0  0  0  2
  1.2222635048431897e-04  0  0  0  0  1  1  2  0  0  0  0  0  0  0  1  0
  1.1950431716309159e-02  0  0  0  1  0  4  0  0  0  0  0  0  0  0  0  0
  6.3360820261429029e-06  0  0  0  0  1  0  0  1  1  0  0  0  0  0  0  0
  3.7941424582404135e-05  0  0  0  0  0  0  0  0  0  0  0  0  0  0  4  1
  1.7001001781879595e-09  0  1  0  0  0  0  1  0  1  0  0  0  0  0  0  0
 -1.0152326251903316e-04  0  0  0  0  1  0  2  0  0  0  0  0  0  1  1  0
 -7.7642675019410891e-05  0  0  0  0  0  0  0  3  0  0  0  0  0  0  0  2
  9.0139941841538242e-10  0  0  0  2  0  0  0  0  0  0  0  1  0  0  0  0
 -1.2533305759172779e-04  0  0  0  0  1  1  0  1  0  0  0  0  1  1  0  0
  2.0234990963453482e-04  0  0  0  0  0  1  0  0  0  0  0  0  3  0  1  0
 -2.8253690802533992e-02  0  0  1  1  0  0  1  2  0  0  0  0  0  0  0  0
 -3.4433157165111083e-02  0  0  1  1  1  1  0  1  0  0  0  0  0  0  0  0
  8.8695686053765621e-11  0  0  0  0  0  0  0  0  1  0  0  0  1  0  0  1
  4.5145253644741839e-07  0  0  0  0  1  0  0  1  0  0  0  0  1  0  0  0
 -2.4345189455801632e-02  1  2  0  0  0  1  1  0  0  0  0  0  0  0  0  0
 -1.0498287289905092e-10  0  1  1  0  0  0  0  0  0  0  0  0  1  0  0  0
 -3.1905485746306417e-02  0  0  0  0  1  0  0  0  3  0  0  1  0  0  0  0
  2.4445270096863788e-04  0  0  0  0  1  1  1  1  0  0  0  0  0  0  0  1
  1.9195944383751544e-06  0  0  0  0  0  1  0  1  0  1  0  0  0  0  0  0
 -1.8143505078594271e-02  0  0  0  2  1  1  1  0  0  0  0  0  0  0  0  0
  3.2539178187552706e-07  0  0  0  0  0  0  1  0  0  0  0  0  0  0  1  1
  1.8589428362776048e-05  0  0  0  0  1  2  0  0  0  0  0  0  1  0  0  1
 -2.4743059927681763e-02  0  0  0  0  0  0  0  0  2  0  0  3  0  0  0  0
 -2.6785980715802628e-10  1  0  0  0  0  0  0  0  0  0  0  0  0  1  1  0
 -4.5597892869177368e-03  0  0  0  0  2  1  0  0  0  1  0  1  0  0  0  0
  4.1667541562176842e-04  0  0  0  0  1  2  0  1  1  0  0  0  0  0  0  0
  1.8008206124514679e-02  0  0  1  2  0  0  1  1  0  0  0  0  0  0  0  0
  1.9681108735261704e-05  0  0  0  0  0  2  0  0  0  0  0  0  0  0  0  3
  2.4500796270073505e-03  0  0  0  0  3  0  0  1  1  0  0  0  0  0  0  0
  2.3386267531981292e-03  0  0  0  0  2  0  0  1  0  0  2  0  0  0  0  0
  2.4134586577546923e-02  2  1  0  0  0  1  0  1  0  0  0  0  0  0  0  0
 -3.4156650790507816e-06  0  0  0  0  0  0  0  2  0  0  0  1  0  0  0  0
  3.0786953759671328e-02  0  0  1  1  0  2  1  0  0  0  0  0  0  0  0  0
 -9.9258469665188550e-12  0  0  0  0  0  0  1  0  0  1  0  0  1  0  0  0
  6.1840015503469414e-04  0  0  0  0  0  0  0  4  0  0  0  1  0  0  0  0
  6.9075495267485551e-08  0  0  0  0  0  0  1  0  0  0  0  0  1  1  0  0
 -2.7572014851009196e-09  0  0  0  1  0  0  1  0  0  0  1  0  0  0  0  0
 -7.8214179966513677e-05  1  0  0  0  0  1  1  0  0  0  0  0  0  0  0  0
  3.7019295299649723e-10  0  1  0  0  0  0  0  1  0  1  0  0  0  0  0  0
 -2.4788743917286971e-02  0  0  0  1  2  0  2  0  0  0  0  0  0  0  0  0
 -4.6907394255514733e-05  0  0  0  0  1  0  2  1  0  0  0  0  1  0  0  0
 -4.2137814118147232e-05  0  0  0  0  0  2  0  2  0  0  0  1  0  0  0  0
 -8.0970889814922667e-04  0  0  0  0  2  0  2  0  0  0  0  1  0  0  0  0
  5.5862652109060928e-10  0  0  0  0  0  0  0  0  0  0  0  1  0  0  2  0
 -1.4794347896654009e-02  0  0  0  0  0  1  0  0  1  0  1  2  0  0  0  0
 -2.2082437938838753e-06  0  0  0  0  1  0  1  0  0  1  0  0  0  0  0  0
 -5.5444200967058443e-03  0  0  0  0  0  0  0  5  0  0  0  0  0  0  0  0
  9.0041030622573393e-03  0  0  2  1  0  0  2  0  0  0  0  0  0  0  0  0
 -4.4863024665524802e-07  0  0  0  0  0  0  0  1  0  0  0  0  2  0  0  0
 -7.5200272959882418e-10  2  0  0  0  0  0  0  0  0  0  0  1  0  0  0  0
 -4.9800737551852475e-05  0  0  0  0  0  0  2  1  0  0  0  0  0  0  2  0
  5.8530564433858364e-03  2  0  2  0  0  0  0  1  0  0  0  0  0  0  0  0
  6.0794126900764231e-04  0  0  4  1  0  0  0  0  0  0  0  0  0  0  0  0
  3.4661704475670906e-09  0  1  0  0  0  1  0  0  0  0  0  1  0  0  0  0
  4.0495241059601030e-04  0  0  0  0  0  0  0  0  0  0  0  0  4  0  0  1
 -3.0843408721413435e-02  1  1  1  0  0  2  0  0  0  0  0  0  0  0  0  0
 -3.1345622759925593e-07  0  0  0  0  0  0  0  2  0  0  0  0  0  0  0  1
  5.9397533235755317e-03  0  0  0  0  1  1  1  0  0  2  0  0  0  0  0  0
 -2.8964705193089977e-10  0  0  0  1  0  0  0  0  0  0  0  0  2  0  0  0
 -1.7284099479233206e-02  0  1  0  2  0  1  0  1  0  0  0  0  0  0  0  0
 -2.4237292204617900e-07  0  0  0  0  0  1  0  0  0  0  0  0  0  1  0  1
 -8.2185746581833665e-13  0  1  0  1  0  0  0  0  0  0  0  0  0  1  0  0
 -7.4409647250709782e-02  1  0  0  0  1  0  0  3  0  0  0  0  0  0  0  0
  2.1542560448825679e-03  0  0  0  0  2  1  0  1  0  1  0  0  0  0  0  0
  9.0872932034977090e-05  0  0  0  0  1  1  0  2  0  0  0  0  0  0  1  0
  1.4442704706602258e-01  1  0  0  1  1  0  0  2  0  0  0  0  0  0  0  0
 -8.6241415133119534e-05  0  0  0  0  2  0  1  1  0  0  0  0  0  0  1  0
  2.2218188747222933e-11  0  0  0  0  0  0  1  0  0  0  0  1  0  0  1  0
  2.7902332773512901e-04  0  0  0  0  0  1  0  1  0  0  0  0  1  0  1  1
 -5.4887996683777656e-05  0  0  0  0  0  2  1  1  0  0  0  0  0  0  1  0
 -4.3390298796787286e-03  0  0  0  0  2  0  0  0  0  0  2  1  0  0  0  0
 -6.5346418594311125e-04  0  0  0  0  1  0  0  0  0  0  0  0  1  2  0  1
 -1.3386391322741919e-02  0  0  0  0  1  1  0  0  0  2  1  0  0  0  0  0
 -4.1282592556628796e-06  0  0  0  0  0  1  0  0  0  1  0  1  0  0  0  0
 -3.4311817008398527e-05  0  0  0  0  0  0  0  1  0  0  0  0  0  0  4  0
  1.2015644207580398e-02  1  1  1  2  0  0  0  0  0  0  0  0  0  0  0  0
  8.5971674936286906e-09  0  0  0  0  0  0  0  0  0  0  0  1  0  0  0  0
 -8.0625636499010271e-03  2  0  0  3  0  0  0  0  0  0  0  0  0  0  0  0
 -8.3483962150660545e-03  0  0  0  0  0  0  1  0  1  1  2  0  0  0  0  0
 -4.2807794591940486e-02  0  0  0  0  4  0  0  1  0  0  0  0  0  0  0  0
 -1.8025944016217186e-02  3  0  0  1  1  0  0  0  0  0  0  0  0  0  0  0
 -5.2064072831526227e-06  0  0  0  0  1  1  0  0  0  0  1  0  0  0  0  0
  1.2495435642908597e-02  2  0  1  1  0  0  1  0  0  0  0  0  0  0  0  0
 -1.7490684010220569e-04  0  0  0  0  1  0  0  1  0  0  0  0  1  0  2  0
  2.7873731347947856e-11  0  0  1  1  0  0  0  0  0  0  0  0  0  0  1  0
  2.2793636450253861e-02  0  0  0  0  3  1  1  0  0  0  0  0  0  0  0  0
  3.4355166862901024e-03  0  0  0  0  0  0  2  0  0  0  2  1  0  0  0  0
 -1.6160835240702425e-09  0  0  0  0  0  0  0  0  0  0  0  2  0  0  0  1
  1.9782673312697776e-04  0  0  0  0  0  0  0  0  0  0  0  0  1  1  1  2
  5.5924061436460760e-10  1  0  0  0  0  1  0  0  0  0  0  0  0  0  1  0
  3.4687391929207711e-09  0  0  0  1  0  0  0  0  0  0  0  2  0  0  0  0
 -1.3987690384395285e-02  0  0  1  0  3  1  0  0  0  0  0  0  0  0  0  0
  7.8640881260892605e-03  0  0  0  0  1  0  1  0  0  1  2  0  0  0  0  0
 -3.5419587174962634e-03  1  2  0  1  1  0  0  0  0  0  0  0  0  0  0  0
  1.0937009903534283e-10  1  0  0  1  0  0  0  0  0  0  0  0  1  0  0  0
  8.0843672718192872e-02  1  0  0  0  1  2  0  1  0  0  0  0  0  0  0  0
 -4.7523799159208353e-02  0  0  0  1  0  2  0  2  0  0  0  0  0  0  0  0
 -4.3120707566559760e-05  0  0  0  0  0  2  2  0  0  0  0  0  0  0  0  1
 -1.8143505078594267e-02  0  0  2  0  1  1  1  0  0  0  0  0  0  0  0  0
  5.6162550757579157e-04  0  0  0  0  0  2  0  0  2  0  0  1  0  0  0  0
  3.1709485948263607e-03  3  1  0  0  0  0  1  0  0  0  0  0  0  0  0  0
 -2.0897081839950394e-07  0  0  0  0  0  0  1  1  0  0  0  0  0  0  1  0
 -4.3413831182899133e-03  0  2  2  1  0  0  0  0  0  0  0  0  0  0  0  0
  3.6386356837431461e-07  0  0  0  0  0  3  1  0  0  0  0  0  1  0  0  0
 -3.1958899513961142e-03  0  0  0  0  0  0  1  2  0  0  1  1  0  0  0  0
 -3.0011773707012911e-03  0  0  0  0  0  1  0  2  1  0  1  0  0  0  0  0
 -1.2185990991063497e-06  0  2  0  1  0  0  0  0  0  0  0  0  0  0  0  0
 -3.2624533736377803e-02  0  1  1  0  1  0  0  2  0  0  0  0  0  0  0  0
 -1.9415128030527201e-04  0  2  0  3  0  0  0  0  0  0  0  0  0  0  0  0
 -1.6194177962984536e-03  0  0  0  0  0  2  1  1  0  0  1  0  0  0  0  0
