758
 -5.9517635256667541e-02  0  0  0  0  0  0  0  0  2  0  1  0  0  0  1  1
  5.7691313132674796e-07  0  0  0  0  2  0  0  1  0  0  0  0  0  0  0  0
  9.5590836613141141e-06  0  0  0  0  0  0  0  0  0  0  1  1  0  0  1  0
 -3.1727121630295156e-04  0  0  0  0  0  1  1  0  0  0  0  0  1  0  2  0
  1.0693564464030595e-05  0  0  0  3  0  0  0  0  0  0  0  0  0  0  0  2
  2.2478966416985538e-05  0  0  1  0  0  0  0  0  0  0  0  0  0  0  1  3
  4.0495241059601030e-04  0  0  0  0  0  0  0  1  0  0  0  0  4  0  0  0
  5.9043326205785112e-05  0  0  0  0  0  2  0  1  0  0  0  0  0  0  0  2
 -8.4243628676839010e-11  0  0  0  0  0  0  1  0  1  0  0  0  0  1  0  0
 -3.4843381376772307e-02  0  0  0  0  0  0  0  0  0  0  2  0  1  1  1  0
 -1.2794322887237412e-02  0  0  0  0  0  0  0  0  0  1  0  0  0  1  0  3
  3.8896217743737498e-04  0  0  0  0  2  0  0  2  0  0  0  0  0  0  0  1
  1.9819640159448237e-04  0  0  0  0  0  1  2  0  0  0  0  0  1  0  1  0
  3.0914506587482486e-11  0  0  0  1  0  0  1  0  0  0  0  0  0  0  1  0
 -2.4237292204617900e-07  0  0  0  0  0  1  0  1  0  0  0  0  0  1  0  0
 -1.8610897214481014e-05  0  0  0  2  0  0  0  0  0  0  0  0  0  0  2  1
  1.5523746155566594e-05  0  0  1  0  0  0  0  0  0  0  0  0  1  1  0  2
 -5.9802391699847351e-06  0  0  0  0  0  0  0  0  0  0  0  3  0  0  0  0
 -5.3912760021540523e-05  1  1  1  0  0  0  0  0  0  0  0  0  0  2  0  0
 -1.2421079028825978e-04  0  0  0  0  0  0  1  0  0  0  0  0  1  3  0  0
  2.4876436667404161e-04  0  0  0  0  0  1  1  0  0  0  0  0  3  0  0  0
  8.8588606309819940e-07  0  0  3  0  0  0  0  0  0  0  0  0  1  1  0  0
  1.2929710474520763e-03  0  0  0  0  1  0  0  0  0  0  0  0  3  0  0  1
  4.0659411374037301e-02  0  0  0  0  0  0  0  0  1  0  0  0  0  1  1  2
  3.7983644974113885e-04  0  0  0  0  0  1  0  0  0  0  0  0  0  3  0  1
 -2.8060674911631382e-04  0  0  0  0  0  2  1  0  0  0  0  0  0  0  1  1
  1.5512579899421485e-09  0  0  0  0  0  0  0  1  0  0  0  0  0  0  0  0
  8.8695686053765621e-11  0  0  0  0  0  0  0  1  1  0  0  0  1  0  0  0
  9.0348393889493643e-06  0  0  2  1  0  0  0  0  0  0  0  0  0  0  0  2
 -5.2934209015485900e-02  0  0  0  0  0  0  0  0  0  1  1  0  1  0  0  2
 -5.3447167008481718e-07  0  0  0  0  0  4  0  0  0  0  0  0  0  0  0  1
  2.3119327139097929e-05  0  0  0  0  0  0  3  0  0  0  0  0  1  1  0  0
  3.3377622027073316e-03  0  0  0  0  0  0  0  0  0  0  0  1  0  0  4  0
 -1.2154651065068353e-05  0  0  0  0  0  0  0  0  0  0  0  1  0  0  0  2
 -8.1031007100455651e-06  0  0  0  0  0  0  0  0  0  0  1  0  0  0  1  1
 -8.9523424593239351e-02  0  0  0  0  0  0  0  0  2  1  0  1  0  1  0  0
  3.0116131296497875e-06  0  0  0  3  0  0  0  0  0  0  0  0  0  0  2  0
 -9.7391384973158559e-07  0  0  0  0  2  0  0  0  0  0  0  0  0  0  0  1
 -7.9577858600523837e-03  0  0  0  0  0  0  0  0  0  0  0  0  0  4  0  1
  6.8569403090376093e-04  0  0  0  0  0  0  0  1  0  0  0  0  2  2  0  0
  1.8496462968310797e-05  2  1  0  0  0  0  0  0  0  0  0  0  0  1  0  1
 -1.6007183399359554e-10  0  1  0  0  0  0  0  0  1  0  0  0  0  0  1  0
 -1.8811128765852586e-10  0  0  1  0  0  1  0  0  0  0  0  0  1  0  0  0
  7.8311776778130468e-05  1  0  0  0  0  0  0  0  0  0  0  0  0  1  1  2
  1.1203775679940266e-01  0  0  0  0  0  0  0  0  0  0  0  2  2  0  0  1
  4.3430529571245019e-02  0  0  0  0  0  0  0  0  0  0  0  2  0  2  0  1
  1.3100408279830316e-06  4  0  0  0  0  0  0  0  0  0  0  0  0  0  0  1
 -2.1137026345127408e-01  0  0  0  0  0  0  0  0  1  1  1  1  0  0  0  1
  2.9071756934310184e-10  0  0  1  0  0  0  0  0  1  1  0  0  0  0  0  0
  1.2320912001378975e-05  0  0  0  0  0  0  0  0  0  0  0  1  2  0  0  0
 -1.1725831648347072e-04  0  0  0  0  0  0  0  2  0  0  0  0  1  1  1  0
 -6.1165667269800904e-02  0  0  0  0  0  0  0  0  1  0  2  0  1  0  0  1
 -8.9050602155724204e-02  0  0  0  0  0  0  0  0  1  1  1  0  2  0  0  0
 -2.7443998341888828e-05  0  0  0  0  2  0  2  1  0  0  0  0  0  0  0  0
 -6.7710724483355199e-05  1  0  0  0  0  0  0  0  0  0  0  0  1  0  2  1
  2.1230419848698716e-06  0  0  1  2  0  0  0  0  0  0  0  0  1  1  0  0
 -3.8110898082553425e-07  0  0  0  1  0  0  0  0  0  0  0  0  0  0  0  2
  3.5987584820156002e-02  0  0  0  0  0  0  0  0  0  1  0  0  2  1  0  1
  5.2989008825127854e-05  1  1  0  1  0  0  0  0  0  0  0  0  0  0  1  1
  1.8422612410999972e-02  0  0  0  0  0  0  0  0  0  0  0  0  0  2  2  1
  4.5026338532930840e-05  0  0  1  1  0  0  0  0  0  0  0  0  0  2  1  0
  2.5520017315393565e-10  0  0  0  1  0  0  0  0  0  2  0  0  0  0  0  0
  8.9751428123302707e-05  0  0  0  1  0  0  0  0  0  0  0  0  0  4  0  0
 -3.4621345611886359e-02  0  0  0  0  0  0  0  0  1  2  0  1  1  0  0  0
 -6.5624312572877911e-07  0  0  4  0  0  0  0  0  0  0  0  0  0  0  0  1
  2.0880813509606331e-02  0  0  0  0  0  0  0  0  0  1  0  0  0  3  0  1
  4.5026338532930833e-05  0  0  1  1  0  0  0  0  0  0  0  0  2  0  1  0
  2.4642658875898227e-01  0  0  0  0  0  0  0  0  1  0  0  1  1  0  0  2
  2.2478966416985538e-05  0  0  1  0  0  0  0  0  0  0  0  0  0  0  3  1
  6.8820166393852779e-05  0  0  0  0  0  0  3  0  0  0  0  0  0  0  1  1
 -9.7437789654970505e-02  0  0  0  0  0  0  0  0  0  1  0  1  1  0  1  1
  8.7855991993366072e-07  1  1  3  0  0  0  0  0  0  0  0  0  0  0  0  0
 -9.8278784242820171e-07  0  0  0  0  0  0  0  1  0  0  0  0  0  0  0  2
 -4.2406920745598377e-04  0  0  0  0  1  0  0  0  0  0  0  0  0  3  1  0
 -2.5893085194724801e-10  0  0  0  0  0  0  0  1  2  0  0  0  0  0  0  0
 -2.5407265388368945e-07  0  0  1  0  0  0  0  0  0  0  0  0  0  0  1  1
 -1.4788001943589991e-10  0  0  1  0  0  0  0  0  0  1  0  0  1  0  0  0
  9.0627619197721082e-02  0  0  0  0  0  0  0  0  2  1  1  0  1  0  0  0
  3.9727293341121662e-11  0  0  2  0  0  0  0  0  0  0  0  1  0  0  0  0
  7.8311776778130468e-05  0  1  0  0  0  0  0  0  0  0  0  0  1  0  1  2
  1.4625344742301459e-07  0  0  0  0  0  2  0  0  0  0  0  0  0  0  0  1
  3.1329125737131428e-07  0  0  0  0  0  1  1  0  0  0  0  0  1  0  0  0
 -1.6496014472545578e-08  0  0  2  1  0  0  0  0  0  0  0  0  0  0  0  0
  1.2222635048431894e-04  0  0  0  0  1  1  1  2  0  0  0  0  0  0  0  0
  1.8422612410999979e-02  0  0  0  0  0  0  0  0  0  0  0  0  2  0  2  1
 -8.8381492325243574e-03  0  0  0  0  0  0  0  0  0  0  2  0  0  0  0  3
  2.6755421960049791e-02  0  0  0  0  0  0  0  0  1  2  0  0  1  0  0  1
  6.2899811031510849e-02  0  0  0  0  0  0  0  0  0  1  2  0  1  0  1  0
 -1.7420911869784672e-10  0  1  0  0  0  0  0  0  0  0  1  0  1  0  0  0
  1.1675233382131368e-02  0  0  0  0  0  0  0  0  0  2  0  2  0  0  0  1
 -8.6837556732307921e-06  0  0  2  1  0  0  0  0  0  0  0  0  2  0  0  0
 -6.3454243260590334e-04  0  0  0  0  1  0  0  1  0  0  0  0  0  1  1  1
 -2.1313064743635427e-02  0  0  0  0  0  0  0  0  0  2  0  0  0  2  0  1
 -1.5502873297934894e-05  0  1  0  0  0  0  0  0  0  0  0  0  0  1  0  3
  6.7929281324681989e-04  0  0  0  0  0  0  0  2  0  0  0  0  2  0  0  1
  1.6745245174156495e-04  0  0  0  0  0  1  0  0  0  0  0  0  1  0  3  0
  1.2871893006432804e-10  0  0  0  1  1  0  0  0  0  0  0  0  1  0  0  0
 -4.1642268587394234e-02  0  0  0  0  0  0  0  0  2  0  1  0  1  1  0  0
 -2.8704714942482823e-06  0  3  0  0  0  0  0  0  0  0  0  0  0  1  0  1
  8.8549691203636205e-02  0  0  0  0  0  0  0  0  1  1  1  0  0  0  0  2
  1.7347639395990223e-05  0  0  0  0  3  0  0  0  0  0  0  0  0  1  1  0
 -4.3237702376878275e-02  0  0  0  0  0  0  0  0  0  0  1  0  2  0  1  1
 -7.8881043067406540e-05  0  0  0  0  0  0  0  3  0  0  0  0  0  2  0  0
  5.9265271745332409e-05  0  0  0  0  0  0  1  2  0  0  0  0  1  1  0  0
 -5.8651011018871394e-05  0  0  0  0  0  2  0  1  0  0  0  0  0  0  2  0
 -1.0152326251903315e-04  0  0  0  0  0  1  1  2  0  0  0  0  1  0  0  0
  1.5563271100451617e-04  0  0  0  0  0  2  0  0  0  0  0  0  0  0  2  1
  1.5925907774633315e-10  0  0  1  0  0  0  0  0  0  0  0  1  0  0  1  0
 -1.2007334250962173e-04  0  0  0  0  0  0  0  3  0  0  0  0  2  0  0  0
 -4.3591378570609089e-05  0  1  1  0  0  0  0  0  0  0  0  0  1  0  0  2
  4.3426146326834415e-06  0  0  0  0  0  0  0  0  0  2  0  1  0  0  0  0
  2.7614487174311214e-05  1  0  0  1  0  0  0  0  0  0  0  0  1  0  2  0
  6.9092681622522076e-08  0  0  2  0  0  0  0  0  0  0  0  0  0  0  0  1
  5.4714368406747925e-04  0  0  0  0  2  0  0  1  0  0  0  0  2  0  0  0
  6.0143434269619743e-08  0  2  0  0  0  0  0  0  0  0  0  0  0  0  0  1
 -2.6785980715802649e-10  0  1  0  0  0  0  1  0  0  0  0  0  1  0  0  0
  2.8469790031035326e-06  0  0  0  0  0  2  0  3  0  0  0  0  0  0  0  0
  5.8477151184735625e-06  2  0  1  1  0  0  0  0  0  0  0  0  0  0  1  0
  3.0815714890671193e-07  2  0  2  0  0  0  0  0  0  0  0  0  0  0  0  1
  5.5924061436460791e-10  0  1  0  0  1  0  1  0  0  0  0  0  0  0  0  0
  2.7546211021017534e-05  0  2  0  0  0  0  0  0  0  0  0  0  2  0  0  1
 -1.1131349311981884e-10  0  2  0  0  0  0  0  1  0  0  0  0  0  0  0  0
 -8.2120792196426059e-05  1  1  0  0  0  0  0  0  0  0  0  0  0  0  1  2
  2.5216533414944851e-07  0  0  0  0  0  0  2  0  0  0  0  0  0  0  0  1
  5.8364160295412151e-02  0  0  0  0  0  0  0  0  0  1  0  2  1  0  1  0
 -3.2663112503940557e-07  0  4  0  0  0  0  0  0  0  0  0  0  0  0  0  1
 -2.3098841254042247e-02  0  0  0  0  0  0  0  0  4  0  0  0  0  0  0  1
  1.6814477151362478e-04  1  1  0  0  0  0  0  0  0  0  0  0  2  0  1  0
  1.1319854695319453e-10  0  0  2  0  0  0  0  1  0  0  0  0  0  0  0  0
 -2.1456630603016903e-05  0  0  0  0  0  3  0  0  0  0  0  0  0  1  0  1
 -3.3401929950708224e-05  0  0  0  0  0  0  0  0  1  0  0  1  1  0  0  0
 -1.6160835240702425e-09  0  0  0  0  0  0  0  1  0  0  0  2  0  0  0  0
  3.6764357730411291e-02  0  0  0  0  0  0  0  0  2  0  2  0  0  0  0  1
 -2.4264178799223527e-04  0  0  0  0  0  0  0  2  0  0  0  0  0  0  0  3
 -6.9023094063671946e-04  0  0  0  0  1  0  0  1  0  0  0  0  3  0  0  0
  1.2276578273616620e-02  0  0  0  0  0  0  0  0  0  3  1  0  1  0  0  0
 -6.6091152310397671e-11  0  1  0  1  0  1  0  0  0  0  0  0  0  0  0  0
 -6.3434211190790061e-07  0  0  0  0  1  1  1  0  0  0  0  0  0  0  0  0
 -1.5563271100451617e-04  0  0  0  0  0  0  0  2  0  0  0  0  0  0  2  1
 -1.1790216295765647e-01  0  0  0  0  0  0  0  0  1  0  1  1  1  0  1  0
 -7.8637462421192337e-07  3  0  1  0  0  0  0  0  0  0  0  0  0  1  0  0
  4.4483263254010866e-04  0  0  0  0  0  1  0  0  0  0  0  0  2  1  0  1
  4.8056746422929536e-02  0  0  0  0  0  0  0  0  2  0  0  0  0  0  0  3
 -1.5818619259194978e-10  0  0  0  0  1  0  0  0  0  0  1  0  0  1  0  0
  9.8307187085399804e-06  0  0  0  0  0  0  0  0  0  1  0  0  0  1  0  1
 -2.9523385398047742e-04  0  0  0  0  1  0  1  1  0  0  0  0  1  0  1  0
 -3.7285573623376301e-10  0  0  1  0  0  0  1  1  0  0  0  0  0  0  0  0
 -1.3366899041070140e-04  2  0  0  0  0  0  0  0  0  0  0  0  0  2  0  1
 -8.4925000410796455e-05  0  0  0  0  1  0  1  2  0  0  0  0  0  1  0  0
 -1.3356568605087147e-11  0  1  0  1  0  0  0  0  0  1  0  0  0  0  0  0
  1.9288101608630725e-05  0  0  0  0  0  0  0  0  1  1  0  0  0  0  1  0
 -2.3970931793908908e-02  0  0  0  0  0  0  0  0  0  0  1  3  0  0  1  0
 -1.3100794364822510e-05  0  0  0  0  0  0  0  0  0  0  0  0  2  0  0  1
  4.9201866512522376e-02  0  0  0  0  0  0  0  0  1  0  0  1  1  0  2  0
  3.3259795013395051e-07  0  0  0  1  0  0  0  0  0  0  0  0  0  2  0  0
 -8.4963233517204644e-07  1  0  3  0  0  0  0  0  0  0  0  0  0  1  0  0
 -6.8394100618245122e-10  0  0  0  0  0  1  0  0  1  0  0  0  0  0  1  0
 -7.8287292807220356e-05  0  0  0  1  0  0  0  0  0  0  0  0  2  0  2  0
 -5.9802391699847368e-06  0  0  0  0  0  0  0  0  0  0  2  1  0  0  0  0
 -1.7490684010220572e-04  0  0  0  0  0  1  2  0  0  0  0  0  0  1  0  1
 -8.8265062045727757e-06  0  0  0  0  0  0  0  0  0  1  0  0  1  0  1  0
  5.7495762293681497e-05  1  1  1  0  0  0  0  0  0  0  0  0  0  0  0  2
 -5.9895123749217154e-05  2  0  0  1  0  0  0  0  0  0  0  0  0  0  0  2
 -1.3243262862063627e-04  0  0  0  0  0  1  0  2  0  0  0  0  0  1  0  1
  7.5467958517963785e-02  0  0  0  0  0  0  0  0  2  0  1  1  0  0  1  0
  1.4558540700493597e-02  0  0  0  0  0  0  0  0  0  0  2  3  0  0  0  0
  6.3725046594500040e-02  0  0  0  0  0  0  0  0  1  0  0  0  1  2  0  1
 -2.6113442036196046e-04  0  0  0  0  2  1  0  0  0  0  0  0  1  0  1  0
  4.5984494613289716e-05  2  0  0  0  0  0  0  0  0  0  0  0  0  0  0  3
  3.1343983093855887e-02  0  0  0  0  0  0  0  0  2  2  0  1  0  0  0  0
 -1.2718301297774395e-05  0  0  0  0  1  3  1  0  0  0  0  0  0  0  0  0
 -1.1485568691922082e-05  0  0  1  1  0  0  0  0  0  0  0  0  1  1  0  1
  8.5945140164694888e-06  0  2  0  1  0  0  0  0  0  0  0  0  0  0  0  2
 -3.4843381376772314e-02  0  0  0  0  0  0  0  0  0  0  0  2  1  1  1  0
 -1.7838187788602018e-05  1  0  1  1  0  0  0  0  0  0  0  0  1  0  1  0
  2.6258951592552699e-10  0  0  0  0  1  0  0  0  1  0  0  0  0  0  0  1
  1.1172530421812186e-09  0  0  0  0  0  0  1  0  0  0  1  0  0  0  0  1
  3.0290977344992361e-05  0  0  0  0  1  1  3  0  0  0  0  0  0  0  0  0
 -3.7022946631734478e-02  0  0  0  0  0  0  0  0  0  0  2  2  0  0  0  1
  4.6703382047310175e-06  0  0  2  1  0  0  0  0  0  0  0  0  0  0  2  0
 -4.9033655715422272e-07  0  0  0  0  1  0  0  0  0  0  0  0  0  1  1  0
 -1.1730202203774279e-04  0  0  0  0  2  0  1  0  0  0  0  0  0  0  1  1
  3.3430481631748708e-07  1  1  0  0  0  0  0  0  0  0  0  0  0  0  1  0
  9.8340970294362585e-07  2  2  0  0  0  0  0  0  0  0  0  0  0  0  0  1
 -4.1301899093312090e-02  0  0  0  0  0  0  0  0  0  0  0  2  0  0  0  3
 -4.7146563061878338e-11  1  0  0  0  0  0  0  0  0  0  1  0  0  1  0  0
  1.4939745132700298e-04  0  0  0  0  1  2  1  0  0  0  0  0  0  1  0  0
  1.7993614442710692e-05  0  0  1  0  0  0  0  0  0  0  0  0  1  1  2  0
 -1.6007183399359499e-10  1  0  0  0  0  0  0  0  0  1  0  0  0  0  1  0
 -8.0684348183862563e-05  0  1  0  0  0  0  0  0  0  0  0  0  3  0  1  0
  1.8970712291202071e-04  0  0  0  0  0  0  0  1  0  0  0  0  0  0  0  4
  2.7194576081821931e-11  1  0  0  1  0  0  0  0  1  0  0  0  0  0  0  0
 -4.5423550138418628e-06  0  0  0  0  4  0  0  0  0  0  0  0  0  0  0  1
  2.5070024162918220e-02  0  0  0  0  0  0  0  0  0  2  0  0  0  0  2  1
 -4.3699045768596768e-02  0  0  0  0  0  0  0  0  0  2  1  0  1  1  0  0
  7.2740633164746064e-10  0  0  0  0  1  0  0  0  0  0  0  1  1  0  0  0
  1.1278528010081104e-01  0  0  0  0  0  0  0  0  1  1  0  1  1  1  0  0
 -4.6146374992049945e-10  0  0  1  0  0  0  0  0  0  0  1  1  0  0  0  0
 -4.3306333844555890e-06  0  1  1  2  0  0  0  0  0  0  0  0  1  0  0  0
  3.1940385599882851e-05  0  1  1  0  0  0  0  0  0  0  0  0  1  2  0  0
  2.5087987036227760e-06  0  3  0  0  0  0  0  0  0  0  0  0  1  0  1  0
 -4.5931786051697875e-06  0  2  0  1  0  0  0  0  0  0  0  0  0  2  0  0
 -2.1618851188439141e-02  0  0  0  0  0  0  0  0  0  0  0  1  0  2  2  0
 -1.0200037020650450e-04  0  0  0  0  0  0  2  1  0  0  0  0  2  0  0  0
 -9.2529448745510612e-02  0  0  0  0  0  0  0  0  0  0  0  1  2  0  0  2
  6.9138253742122153e-06  1  2  1  0  0  0  0  0  0  0  0  0  0  1  0  0
 -2.5409042700794376e-04  0  0  0  1  0  0  0  0  0  0  0  0  2  0  0  2
  3.9639280318896474e-04  0  0  0  0  0  1  1  1  0  0  0  0  1  0  0  1
  1.5520718759715301e-04  0  0  0  0  2  1  1  0  0  0  0  0  1  0  0  0
 -2.2986722260011302e-02  0  0  0  0  0  0  0  0  1  1  0  0  0  0  3  0
 -1.4030337455815691e-04  0  0  0  0  2  0  0  1  0  0  0  0  0  0  2  0
 -5.9892236621386258e-05  0  0  0  0  2  0  1  0  0  0  0  0  1  1  0  0
 -2.5223523339716951e-10  0  0  0  0  2  0  0  0  0  0  0  1  0  0  0  0
  1.5176569832961657e-04  0  0  0  0  0  0  1  0  0  0  0  0  0  0  1  3
  8.9979390596307401e-12  1  0  0  0  0  0  1  0  0  0  0  0  0  1  0  0
  1.4759460762239195e-10  1  0  0  0  0  0  0  0  0  0  0  1  1  0  0  0
 -4.0347577198009716e-10  0  0  0  1  0  0  0  2  0  0  0  0  0  0  0  0
  4.7335695261040645e-02  0  0  0  0  0  0  0  0  0  1  0  1  0  1  0  2
 -4.3120707566559760e-05  0  0  0  0  0  2  2  1  0  0  0  0  0  0  0  0
  8.4925000410796469e-05  0  0  0  0  0  1  2  1  0  0  0  0  0  1  0  0
  8.7732955550559794e-04  0  0  0  0  1  1  0  0  0  0  0  0  2  0  1  0
  9.3406764094620349e-06  0  0  1  2  0  0  0  0  0  0  0  0  0  0  1  1
  1.5563271100451617e-04  0  0  0  0  2  0  0  0  0  0  0  0  0  0  2  1
  3.6959422035639648e-08  1  0  1  0  0  0  0  0  0  0  0  0  0  1  0  0
  2.7672895180193162e-02  0  0  0  0  0  0  0  0  0  0  1  0  1  1  0  2
  5.9793563201345613e-10  0  0  0  0  1  0  0  0  0  1  1  0  0  0  0  0
  3.4499621064971408e-07  1  0  0  0  0  0  0  0  0  0  0  0  1  0  0  1
  2.0234990963453479e-04  0  0  0  0  1  0  1  0  0  0  0  0  0  3  0  0
 -1.4054491304992070e-09  0  0  0  0  0  0  1  0  0  0  1  1  0  0  0  0
 -1.3498025736227367e-10  0  0  0  1  2  0  0  0  0  0  0  0  0  0  0  0
  2.7170913599077640e-02  0  0  0  0  0  0  0  0  0  0  2  0  2  0  0  1
 -3.1436240264805133e-11  0  1  0  0  0  0  0  1  0  0  0  0  0  1  0  0
  3.2931482989648962e-06  0  1  2  1  0  0  0  0  0  0  0  0  0  1  0  0
  8.9865974824289447e-06  1  1  0  1  0  0  0  0  0  0  0  0  1  1  0  0
  1.4993923859325638e-10  1  0  0  0  0  0  0  0  0  1  1  0  0  0  0  0
 -7.9301675147497135e-04  0  0  0  0  1  0  0  0  0  0  0  0  1  0  0  3
 -3.3984704461536067e-04  0  0  0  0  0  0  0  1  0  0  0  0  2  0  2  0
  4.4543893045288337e-02  0  0  0  0  0  0  0  0  0  1  1  0  1  2  0  0
 -4.5811184799184138e-04  0  0  0  0  0  1  0  0  0  0  0  0  0  1  2  1
 -2.9523385398047742e-04  0  0  0  0  0  1  1  1  0  0  0  0  0  1  1  0
  3.0914506587482454e-11  0  0  1  0  0  0  0  1  0  0  0  0  0  0  1  0
 -9.3023336341166276e-06  0  0  0  3  0  0  0  0  0  0  0  0  2  0  0  0
 -9.9200625812398131e-04  0  0  0  0  2  0  0  0  0  0  0  0  2  0  0  1
  2.8074162030775047e-04  0  0  0  0  0  0  0  1  0  0  0  0  0  4  0  0
  5.8364160295412158e-02  0  0  0  0  0  0  0  0  1  0  2  0  0  1  1  0
  1.3553137124679100e-02  0  0  0  0  0  0  0  0  1  0  0  0  0  1  3  0
  4.5904967508772504e-04  0  0  0  0  0  0  0  2  0  0  0  0  0  2  0  1
 -4.8745723694885823e-11  0  0  0  1  0  1  0  0  0  0  0  0  0  1  0  0
 -4.0902158068745182e-05  0  0  0  0  0  1  3  0  0  0  0  0  1  0  0  0
  3.4475754937294905e-04  0  0  0  0  0  0  1  1  0  0  0  0  2  0  1  0
  4.0386311797163369e-06  0  0  0  0  0  0  0  0  0  0  0  0  0  0  0  3
  9.2459254115697726e-06  0  2  2  0  0  0  0  0  0  0  0  0  0  0  0  1
 -1.5563271100451617e-04  0  0  0  0  0  0  2  0  0  0  0  0  0  0  2  1
 -2.3301492226158769e-02  0  0  0  0  0  0  0  0  1  0  3  0  0  1  0  0
 -3.2763214731939973e-11  0  2  0  0  0  0  0  0  0  0  0  1  0  0  0  0
  1.7217335965923009e-11  1  1  0  0  0  0  0  0  0  0  1  0  0  0  0  0
  4.0659411374037301e-02  0  0  0  0  0  0  0  0  0  1  0  0  1  0  1  2
  1.5013105444005014e-04  0  0  0  0  1  0  0  3  0  0  0  0  1  0  0  0
  1.4093338459043329e-06  0  0  0  0  1  0  0  0  0  0  0  0  1  0  0  1
 -8.0784875954473018e-04  0  0  0  0  1  0  0  2  0  0  0  0  1  0  0  1
  8.7732955550559784e-04  0  0  0  0  1  1  0  0  0  0  0  0  0  2  1  0
 -1.2960850017411837e-02  0  0  0  0  0  0  0  0  0  0  1  0  3  1  0  0
 -7.1947160139677890e-02  0  0  0  0  0  0  0  0  1  0  1  2  0  1  0  0
 -3.5073299023647260e-10  0  1  0  0  1  0  0  0  0  0  0  0  0  0  1  0
  1.9227473641698618e-04  0  0  0  1  0  0  0  0  0  0  0  0  2  2  0  0
  3.4475754937294899e-04  0  0  0  0  0  0  1  1  0  0  0  0  0  2  1  0
  8.1330548776420304e-06  0  0  0  0  0  3  0  1  0  0  0  0  0  1  0  0
 -3.8347105238427929e-04  0  0  0  0  0  1  1  0  0  0  0  0  1  0  0  2
 -1.2703632694184472e-07  0  0  0  1  0  0  0  0  0  0  0  0  0  0  2  0
 -4.5516650334368716e-04  0  0  0  0  1  1  1  0  0  0  0  0  0  2  0  0
  4.7455790036256568e-06  0  0  0  0  0  0  0  0  0  0  0  0  1  1  1  0
 -7.6805184278809071e-05  0  0  0  0  0  2  1  0  0  0  0  0  1  1  0  0
 -3.0870730528813400e-06  0  2  1  0  0  0  0  0  0  0  0  0  1  1  0  0
 -1.2268301109769368e-03  0  0  0  0  0  0  0  1  0  0  0  0  2  0  0  2
  4.0078833437570455e-06  0  0  0  0  3  1  0  0  0  0  0  0  0  0  1  0
  9.4788466379587583e-08  0  0  0  5  0  0  0  0  0  0  0  0  0  0  0  0
 -4.8906539025495336e-04  0  0  0  0  0  1  0  0  0  0  0  0  1  2  1  0
  9.1662200608187068e-10  0  0  0  0  0  0  1  0  1  1  0  0  0  0  0  0
  2.6103925592710157e-05  1  0  0  0  0  0  0  0  0  0  0  0  0  1  3  0
  7.5467958517963812e-02  0  0  0  0  0  0  0  0  0  2  1  1  0  0  1  0
  7.7698639286640098e-06  0  0  0  0  0  0  2  3  0  0  0  0  0  0  0  0
 -8.4308488221742365e-06  1  1  0  2  0  0  0  0  0  0  0  0  0  0  1  0
  3.6889876045633072e-10  0  0  1  0  0  0  0  0  0  0  1  0  0  0  0  1
 -7.6597605864331170e-05  1  0  0  1  0  0  0  0  0  0  0  0  1  2  0  0
  3.9565346625395552e-04  0  0  0  0  0  0  0  1  0  0  0  0  1  1  1  1
  2.4017160842648745e-10  0  0  0  0  0  0  2  0  0  0  0  1  0  0  0  0
  2.1977886951813165e-02  0  0  0  0  0  0  0  0  3  1  0  0  0  0  1  0
 -8.5049927576696098e-06  0  0  1  1  0  0  0  0  0  0  0  0  0  0  3  0
 -1.2047726288395064e-07  1  1  1  0  0  0  0  0  0  0  0  0  0  0  0  0
 -1.7209260935738064e-02  0  0  0  0  0  0  0  0  0  0  0  3  0  2  0  0
 -6.1165667269800904e-02  0  0  0  0  0  0  0  0  0  1  2  0  0  1  0  1
 -6.9295700819058703e-06  0  0  0  2  0  0  0  0  0  0  0  0  1  1  1  0
  3.4858888034204335e-05  0  0  0  0  2  0  2  0  0  0  0  0  0  0  0  1
 -6.8394100618245019e-10  0  0  0  0  1  0  0  0  0  1  0  0  0  0  1  0
  1.6210825585529376e-05  1  0  1  1  0  0  0  0  0  0  0  0  0  1  0  1
  2.9592598700208302e-02  0  0  0  0  0  0  0  0  0  0  2  1  0  0  2  0
  1.6654982963700671e-01  0  0  0  0  0  0  0  0  1  1  0  1  0  0  1  1
  7.8637462421192347e-07  0  3  0  1  0  0  0  0  0  0  0  0  0  1  0  0
  4.8718894827485246e-02  0  0  0  0  0  0  0  0  0  1  0  1  0  1  2  0
 -2.0234990963453482e-04  0  0  0  0  0  1  0  1  0  0  0  0  0  3  0  0
 -7.7859121638017422e-05  1  0  0  1  0  0  0  0  0  0  0  0  3  0  0  0
 -4.8906539025495347e-04  0  0  0  0  1  0  0  0  0  0  0  0  2  1  1  0
 -8.4184870880072327e-05  1  0  0  0  0  0  0  0  0  0  0  0  2  1  1  0
  2.3387865041710695e-04  1  0  0  0  0  0  0  0  0  0  0  0  3  0  0  1
 -4.7953392770833825e-02  0  0  0  0  0  0  0  0  0  2  2  1  0  0  0  0
 -1.6496014472545578e-08  0  0  0  3  0  0  0  0  0  0  0  0  0  0  0  0
  5.3079969075679897e-04  0  0  0  0  1  0  1  0  0  0  0  0  1  0  1  1
 -2.2966962191888886e-10  0  0  0  1  0  0  0  0  0  1  0  0  0  1  0  0
 -2.2582105558409485e-05  0  0  0  0  0  0  0  0  2  0  0  0  0  0  0  1
 -4.2571447980437493e-02  0  0  0  0  0  0  0  0  0  0  1  0  0  2  1  1
  2.6231070517907708e-02  0  0  0  0  0  0  0  0  0  0  0  0  2  0  0  3
 -1.1991857566877552e-04  1  0  0  0  0  0  0  0  0  0  0  0  1  0  0  3
  1.7320144240436502e-09  0  0  0  0  0  0  0  1  0  0  0  1  0  0  0  1
  1.0252330829368350e-04  0  0  0  1  0  0  0  0  0  0  0  0  4  0  0  0
  1.9626041476162279e-05  0  1  0  1  0  0  0  0  0  0  0  0  0  1  0  2
  1.3351048810829325e-02  0  0  0  0  0  0  0  0  0  0  1  0  0  0  1  3
  1.4831231079368031e-04  0  0  0  0  0  0  1  2  0  0  0  0  0  0  1  1
 -2.8266103309941008e-02  0  0  0  0  0  0  0  0  3  1  1  0  0  0  0  0
 -8.7009076987719104e-05  0  0  0  0  0  0  1  1  0  0  0  0  0  0  3  0
  1.1672832059082426e-01  0  0  0  0  0  0  0  0  1  0  1  1  0  1  0  1
  2.4240314353390447e-07  0  0  0  0  1  0  1  0  0  0  0  0  0  1  0  0
  1.3951166386756450e-04  0  0  0  0  0  1  0  2  0  0  0  0  1  0  1  0
 -6.7643654976314648e-11  0  0  1  0  0  0  0  0  1  0  0  0  0  1  0  0
  5.3505501663289350e-06  0  0  0  0  0  0  0  0  0  0  2  0  0  0  0  1
  7.3300728529899412e-02  0  0  0  0  0  0  0  0  1  1  0  0  2  0  1  0
 -8.3552153611968515e-06  0  0  0  0  0  0  0  0  0  0  0  0  0  2  0  1
  1.5400766779220276e-11  1  0  0  0  1  0  0  0  0  0  0  0  0  0  0  1
  2.2959368019067282e-05  1  0  1  0  0  0  0  0  0  0  0  0  0  3  0  0
  1.9819640159448240e-04  0  0  0  0  1  0  0  2  0  0  0  0  0  1  1  0
 -3.2396205820900199e-02  0  0  0  0  0  0  0  0  2  0  0  1  0  0  2  0
  3.5987228885421385e-05  0  0  0  1  0  0  0  0  0  0  0  0  1  1  1  1
 -1.0448540919975197e-07  0  0  0  0  0  0  2  1  0  0  0  0  0  0  0  0
  7.3107646615509544e-02  0  0  0  0  0  0  0  0  2  1  0  0  0  1  0  1
 -3.6528887852996503e-02  0  0  0  0  0  0  0  0  1  0  0  0  2  1  1  0
  1.4488757756554611e-07  0  0  0  2  0  0  0  0  0  0  0  0  0  0  0  1
 -4.4587848322310209e-10  0  0  0  0  0  1  1  0  1  0  0  0  0  0  0  0
  2.2764854749442485e-04  0  0  0  0  0  0  0  1  0  0  0  0  0  0  2  2
 -2.2785693961062300e-04  0  0  0  0  1  0  1  0  0  0  0  0  0  1  0  2
 -5.1354148168179044e-05  1  0  0  2  0  0  0  0  0  0  0  0  1  0  0  1
  7.5154110979466859e-07  0  0  0  0  0  0  0  1  0  0  0  0  0  2  0  0
 -6.7969408923072145e-04  0  0  0  0  0  0  1  0  0  0  0  0  0  2  1  1
  1.6754332386562684e-10  0  0  0  1  0  2  0  0  0  0  0  0  0  0  0  0
 -6.9861857723847493e-04  0  0  0  0  0  0  1  0  0  0  0  0  2  0  1  1
  2.1791744797401225e-01  0  0  0  0  0  0  0  0  2  0  0  2  0  0  0  1
 -1.1045707102112755e-06  0  0  3  1  0  0  0  0  0  0  0  0  0  0  1  0
 -4.9800737551852475e-05  0  0  0  0  0  0  2  2  0  0  0  0  0  0  0  1
 -3.2931482989648962e-06  1  0  1  2  0  0  0  0  0  0  0  0  0  1  0  0
  1.1725831648347072e-04  0  0  0  0  0  2  0  0  0  0  0  0  1  1  1  0
 -1.2320694450871142e-04  0  0  0  0  0  1  0  0  0  0  0  0  0  1  0  3
  1.2609472621107173e-01  0  0  0  0  0  0  0  0  1  1  1  2  0  0  0  0
 -9.7514957481731369e-03  0  0  0  0  0  0  0  0  0  2  0  0  2  0  0  1
  1.7890224511922422e-04  0  0  0  0  0  0  1  0  0  0  0  0  1  1  0  2
 -2.7261035875949206e-05  0  0  0  0  0  2  0  1  0  0  0  0  2  0  0  0
 -2.7841937467558399e-05  0  0  0  0  0  0  1  3  0  0  0  0  0  0  1  0
  8.4880664980811876e-11  1  0  0  0  0  0  0  0  1  0  0  0  0  0  0  1
  3.0252358122790028e-10  0  0  1  0  1  1  0  0  0  0  0  0  0  0  0  0
  1.3928734162002546e-04  1  0  0  1  0  0  0  0  0  0  0  0  1  0  0  2
  1.1116563472403305e-02  0  0  0  0  0  0  0  0  0  0  0  0  1  3  1  0
  4.1194788977652635e-02  0  0  0  0  0  0  0  0  0  0  1  2  1  1  0  0
 -1.9621328053877682e-04  0  0  0  0  1  1  0  0  0  0  0  0  0  0  3  0
  2.0081450732940744e-06  1  2  0  1  0  0  0  0  0  0  0  0  1  0  0  0
  6.9295700819058694e-06  0  2  0  0  0  0  0  0  0  0  0  0  1  1  1  0
 -2.3526300300637961e-10  0  1  0  0  0  0  0  0  0  1  0  0  0  0  0  1
  2.0833019029069255e-03  0  0  0  0  0  0  0  0  0  2  0  0  0  0  0  3
  3.4843381376772314e-02  0  0  0  0  0  0  0  0  2  0  0  0  1  1  1  0
 -3.2759594747606715e-07  0  0  0  0  0  0  0  1  0  0  0  0  0  0  2  0
  1.1116563472403307e-02  0  0  0  0  0  0  0  0  0  0  0  0  3  1  1  0
 -2.3443159670052064e-05  0  0  0  0  0  0  0  0  1  1  1  0  0  0  0  0
 -2.4220883792753505e-05  0  1  0  1  0  0  0  0  0  0  0  0  2  1  0  0
  8.1054127927646880e-06  0  1  0  2  0  0  0  0  0  0  0  0  1  0  1  0
 -6.8606521369372628e-10  0  1  0  0  0  1  0  0  0  0  0  0  0  0  0  1
 -5.2808046714336735e-10  0  0  0  0  0  0  0  1  0  1  0  0  0  1  0  0
  3.0678869826196618e-05  0  1  1  0  0  0  0  0  0  0  0  0  3  0  0  0
  2.7902332773512901e-04  0  0  0  0  1  0  1  1  0  0  0  0  0  1  0  1
  7.2792703502467986e-03  0  0  0  0  0  0  0  0  0  0  4  1  0  0  0  0
  1.8957693275917511e-07  0  0  2  3  0  0  0  0  0  0  0  0  0  0  0  0
  2.1220862653474899e-02  0  0  0  0  0  0  0  0  0  0  0  1  4  0  0  0
  2.9805043201898463e-02  0  0  0  0  0  0  0  0  4  0  0  1  0  0  0  0
 -4.9658051857897660e-12  1  1  0  0  0  0  1  0  0  0  0  0  0  0  0  0
 -1.1790216295765649e-01  0  0  0  0  0  0  0  0  0  1  1  1  0  1  1  0
  2.6091378073690663e-02  0  0  0  0  0  0  0  0  0  0  2  0  0  2  0  1
 -1.0448540919975198e-07  0  0  0  0  0  0  0  3  0  0  0  0  0  0  0  0
 -6.6690172445133924e-05  1  0  0  1  0  0  0  0  0  0  0  0  0  1  1  1
  5.0235735522469497e-04  0  0  0  0  1  0  0  0  0  0  0  0  0  1  1  2
  1.5925907774633322e-10  0  0  0  1  0  0  0  0  0  0  1  0  0  0  1  0
  8.1163002678914648e-05  0  0  0  0  0  2  0  0  0  0  0  0  2  0  0  1
  4.3272089116797668e-02  0  0  0  0  0  0  0  0  1  0  1  0  2  1  0  0
 -4.5616485195491788e-02  0  0  0  0  0  0  0  0  2  0  2  1  0  0  0  0
  5.0713281048836060e-05  1  0  1  0  0  0  0  0  0  0  0  0  1  0  1  1
  2.5816138650872624e-06  0  0  0  0  0  2  0  0  0  0  0  0  0  2  0  1
  6.3329744560336953e-04  0  0  0  0  1  1  0  1  0  0  0  0  0  0  1  1
  2.7785774302735504e-05  0  0  0  0  0  0  0  0  2  0  0  1  0  0  0  0
 -1.2960850017411837e-02  0  0  0  0  0  0  0  0  0  0  1  0  1  3  0  0
 -7.4703087226157538e-02  0  0  0  0  0  0  0  0  0  1  1  2  1  0  0  0
 -1.2117120060229970e-07  0  1  0  0  0  0  0  0  0  0  0  0  1  0  1  0
 -2.6057419312638434e-02  0  0  0  0  0  0  0  0  0  1  3  0  1  0  0  0
  1.5389398919574426e-03  0  0  0  0  0  0  0  0  0  4  0  1  0  0  0  0
  7.2509954049381902e-05  0  1  0  0  0  0  0  0  0  0  0  0  2  1  0  1
 -4.2359103158272328e-07  0  0  0  0  0  4  0  1  0  0  0  0  0  0  0  0
 -3.0620035746334436e-11  0  0  0  1  0  0  2  0  0  0  0  0  0  0  0  0
 -8.8265062045727757e-06  0  0  0  0  0  0  0  0  1  0  0  0  0  1  1  0
 -1.8858135758936300e-05  2  1  0  0  0  0  0  0  0  0  0  0  1  0  1  0
 -9.6954015370523790e-05  0  0  0  0  0  0  2  1  0  0  0  0  0  2  0  0
 -1.7490684010220569e-04  0  0  0  0  1  0  2  0  0  0  0  0  1  0  0  1
 -2.6113442036196057e-04  0  0  0  0  1  2  0  0  0  0  0  0  0  1  1  0
  8.4963233517204644e-07  0  1  0  3  0  0  0  0  0  0  0  0  0  1  0  0
 -5.4601880031120318e-03  0  0  0  0  0  0  0  0  0  0  0  0  0  0  2  3
 -7.8082166884525596e-10  0  0  0  0  1  0  0  0  1  0  0  1  0  0  0  0
 -4.8718894827485253e-02  0  0  0  0  0  0  0  0  1  0  1  0  0  1  2  0
 -1.8610897214481014e-05  0  0  2  0  0  0  0  0  0  0  0  0  0  0  2  1
  4.7995344988025575e-04  0  0  0  0  1  1  1  0  0  0  0  0  0  0  0  2
 -2.4936500284116525e-05  1  1  0  0  0  0  0  0  0  0  0  0  1  1  0  1
  2.3155044219824676e-04  0  0  0  0  0  0  2  0  0  0  0  0  2  0  0  1
 -2.1285723990218750e-02  0  0  0  0  0  0  0  0  0  0  0  1  2  0  2  0
  2.7873731347947856e-11  0  0  1  1  0  0  1  0  0  0  0  0  0  0  0  0
 -2.5356640524418030e-05  1  0  1  0  0  0  0  0  0  0  0  0  0  1  2  0
 -4.8208842901300251e-02  0  0  0  0  0  0  0  0  2  0  0  0  0  2  0  1
  2.6281472871807616e-02  0  0  0  0  0  0  0  0  0  2  0  1  0  2  0  0
 -4.5811184799184138e-04  0  0  0  0  1  0  0  0  0  0  0  0  1  0  2  1
  3.6188952631433237e-05  0  0  2  0  0  0  0  0  0  0  0  0  0  2  0  1
  2.2218188747222895e-11  0  0  0  0  0  0  1  1  0  0  1  0  0  0  0  0
  2.2007530960865133e-05  0  2  0  0  0  0  0  0  0  0  0  0  0  2  0  1
 -4.4945762513495892e-02  0  0  0  0  0  0  0  0  0  0  0  3  2  0  0  0
  1.8610897214481014e-05  2  0  0  0  0  0  0  0  0  0  0  0  0  0  2  1
 -2.2687255562033293e-10  0  0  0  0  0  2  0  0  0  0  0  1  0  0  0  0
 -3.9900597136595606e-02  0  0  0  0  0  0  0  0  1  0  0  0  1  0  2  1
 -7.7978696101325928e-06  0  0  0  3  0  0  0  0  0  0  0  0  0  2  0  0
 -2.2959368019067279e-05  0  1  0  1  0  0  0  0  0  0  0  0  0  3  0  0
  6.8741691594899774e-10  0  0  0  1  0  0  0  0  0  0  0  1  0  0  0  1
  2.1977886951813169e-02  0  0  0  0  0  0  0  0  1  3  0  0  0  0  1  0
 -7.4170164474728387e-06  0  1  0  2  0  0  0  0  0  0  0  0  0  1  0  1
 -2.6507102029574875e-10  0  0  0  0  0  1  0  0  0  0  0  1  0  1  0  0
 -3.1487475113601116e-02  0  0  0  0  0  0  0  0  0  0  2  1  2  0  0  0
 -2.7032135192508064e-02  0  0  0  0  0  0  0  0  0  0  0  0  2  2  0  1
 -5.7803858900534383e-02  0  0  0  0  0  0  0  0  0  1  0  2  0  1  0  1
  2.6103925592710157e-05  0  1  0  0  0  0  0  0  0  0  0  0  1  0  3  0
  2.3911666432814308e-04  0  0  0  0  1  0  1  0  0  0  0  0  2  1  0  0
  1.3221704234717331e-11  1  0  1  0  0  0  0  0  0  1  0  0  0  0  0  0
 -2.6539984537839948e-04  0  0  0  0  1  0  1  0  0  0  0  0  0  1  2  0
  3.0101774865150990e-08  0  4  0  1  0  0  0  0  0  0  0  0  0  0  0  0
  2.3524489352217575e-05  2  0  0  2  0  0  0  0  0  0  0  0  0  0  0  1
 -2.1542394995874705e-07  3  1  1  0  0  0  0  0  0  0  0  0  0  0  0  0
  5.8178794856836086e-10  0  0  1  0  0  0  1  0  0  0  0  0  0  0  0  1
 -6.8623634016797054e-05  0  0  0  0  0  0  2  0  0  0  0  0  0  0  0  3
 -3.9167941059459622e-04  0  0  0  0  1  1  0  0  0  0  0  0  1  1  0  1
 -7.3411684911552135e-05  0  0  0  0  2  0  0  3  0  0  0  0  0  0  0  0
 -2.2749765547939635e-06  0  2  0  2  0  0  0  0  0  0  0  0  0  0  0  1
 -3.4930928861923752e-04  0  0  0  0  0  0  0  1  0  0  0  0  0  2  2  0
 -6.8960166780033916e-02  0  0  0  0  0  0  0  0  1  1  0  0  0  0  1  2
 -7.9978715184522054e-07  0  2  0  1  0  0  0  0  0  0  0  0  0  0  2  0
  1.4278214177863053e-02  0  0  0  0  0  0  0  0  0  0  3  0  1  1  0  0
 -2.0596964335124833e-04  0  0  0  0  0  0  1  1  0  0  0  0  1  1  0  1
  8.9523424593239351e-02  0  0  0  0  0  0  0  0  1  2  1  0  0  1  0  0
  4.0078833437570472e-06  0  0  0  0  1  3  0  0  0  0  0  0  0  0  1  0
 -1.1943319088676318e-05  0  0  0  0  0  0  0  0  0  1  0  1  0  1  0  0
  2.5356640524418030e-05  0  1  0  1  0  0  0  0  0  0  0  0  0  1  2  0
 -1.1297238653599082e-01  0  0  0  0  0  0  0  0  3  0  0  1  1  0  0  0
 -5.0768266839266792e-06  0  0  0  0  2  2  0  0  0  0  0  0  0  0  0  1
  2.4303895960508483e-05  0  0  0  0  0  1  0  3  0  0  0  0  0  1  0  0
  1.2579962206302173e-01  0  0  0  0  0  0  0  0  0  1  1  1  1  0  0  1
  9.8403733025044807e-02  0  0  0  0  0  0  0  0  0  1  1  0  0  1  1  1
  1.0323024959077917e-04  0  0  0  0  0  0  2  1  0  0  0  0  0  0  0  2
  1.3478865561065246e-05  3  0  0  0  0  0  0  0  0  0  0  0  1  0  0  1
  1.3351048810829325e-02  0  0  0  0  0  0  0  0  0  0  1  0  0  0  3  1
  1.2559489999397598e-02  0  0  0  0  0  0  0  0  0  2  0  1  2  0  0  0
 -9.4371698995061842e-02  0  0  0  0  0  0  0  0  1  0  0  1  3  0  0  0
 -1.9485182579976533e-10  1  0  0  0  0  0  0  0  1  0  0  1  0  0  0  0
  2.6494504412563924e-05  1  1  1  0  0  0  0  0  0  0  0  0  0  0  2  0
 -3.6528887852996503e-02  0  0  0  0  0  0  0  0  0  1  0  0  1  2  1  0
 -7.3535342281758079e-02  0  0  0  0  0  0  0  0  1  2  0  0  0  1  1  0
  6.8694187346914840e-06  0  0  0  0  0  0  0  0  0  0  0  1  0  2  0  0
 -1.2945717465030715e-01  0  0  0  0  0  0  0  0  2  0  0  0  2  0  0  1
 -2.9758817628333770e-02  0  0  0  0  0  0  0  0  0  2  0  1  0  0  2  0
 -2.3911666432814305e-04  0  0  0  0  0  1  0  1  0  0  0  0  2  1  0  0
  2.7562749968904904e-07  2  2  0  1  0  0  0  0  0  0  0  0  0  0  0  0
 -1.7838187788602018e-05  0  1  1  1  0  0  0  0  0  0  0  0  0  1  1  0
  7.1947160139677890e-02  0  0  0  0  0  0  0  0  0  1  2  1  0  1  0  0
  2.4552572482389810e-07  4  0  0  1  0  0  0  0  0  0  0  0  0  0  0  0
 -6.7710724483355199e-05  0  1  0  0  0  0  0  0  0  0  0  0  0  1  2  1
 -3.0667548335632851e-02  0  0  0  0  0  0  0  0  0  0  2  1  0  2  0  0
 -2.4219795556271333e-02  0  0  0  0  0  0  0  0  2  2  0  0  0  0  0  1
 -5.7428980581152459e-08  0  0  0  0  0  2  0  1  0  0  0  0  0  0  0  0
  3.4843381376772307e-02  0  0  0  0  0  0  0  0  0  2  0  0  1  1  1  0
  3.3718449625478306e-05  0  0  0  1  0  0  0  0  0  0  0  0  0  0  2  2
 -1.0055708286624372e-01  0  0  0  0  0  0  0  0  1  1  0  2  0  0  1  0
 -1.5847168952888445e-08  0  0  1  0  0  0  0  0  0  0  0  0  1  1  0  0
 -6.9295700819058703e-06  0  0  2  0  0  0  0  0  0  0  0  0  1  1  1  0
 -2.7373597398808685e-05  1  1  0  0  0  0  0  0  0  0  0  0  0  0  3  0
 -3.4737234169674601e-05  1  1  1  1  0  0  0  0  0  0  0  0  0  0  0  1
  3.4410083196926390e-05  0  0  0  0  0  0  0  3  0  0  0  0  0  0  2  0
  2.0026573216243994e-02  0  0  0  0  0  0  0  0  0  0  0  1  0  0  2  2
  5.1102997348939694e-02  0  0  0  0  0  0  0  0  0  0  1  1  0  2  1  0
  3.0738069093121486e-10  0  0  0  0  0  0  0  1  0  0  1  0  0  0  1  0
  3.1356767459618087e-02  0  0  0  0  0  0  0  0  0  0  2  1  0  0  0  2
 -1.1547394519223927e-05  1  0  2  0  0  0  0  0  0  0  0  0  1  0  0  1
 -5.1428481753625641e-03  0  0  0  0  0  0  0  0  0  2  0  3  0  0  0  0
 -5.4514932666874843e-06  0  0  0  0  0  0  0  0  0  0  1  0  1  1  0  0
 -1.1052924964393708e-09  0  0  0  0  0  1  0  0  0  1  0  0  0  0  0  1
 -7.3761074137332246e-11  0  1  0  0  0  0  0  0  0  0  0  1  0  1  0  0
  1.0454213540895882e-07  2  0  0  1  0  0  0  0  0  0  0  0  0  0  0  0
  1.2130607167847506e-01  0  0  0  0  0  0  0  0  1  0  0  3  1  0  0  0
 -7.2695565170142125e-07  2  0  2  1  0  0  0  0  0  0  0  0  0  0  0  0
  3.9047932712224384e-12  0  0  1  1  0  0  0  0  0  0  1  0  0  0  0  0
 -2.5070024162918227e-02  0  0  0  0  0  0  0  0  0  0  2  0  0  0  2  1
  7.3300728529899425e-02  0  0  0  0  0  0  0  0  1  1  0  0  0  2  1  0
 -2.2988277838496239e-10  0  1  1  0  1  0  0  0  0  0  0  0  0  0  0  0
  4.0386311797163361e-06  0  0  0  0  0  0  0  0  0  0  0  0  0  0  2  1
 -2.1422116542446849e-02  0  0  0  0  0  0  0  0  1  0  0  0  0  3  1  0
  2.4220883792753505e-05  1  0  1  0  0  0  0  0  0  0  0  0  2  1  0  0
  6.0298980547996842e-06  1  0  0  3  0  0  0  0  0  0  0  0  1  0  0  0
 -1.1547394519223923e-05  0  1  2  0  0  0  0  0  0  0  0  0  0  1  0  1
 -2.4303895960508483e-05  0  0  0  0  1  0  3  0  0  0  0  0  0  1  0  0
  2.0904511639745393e-02  0  0  0  0  0  0  0  0  0  0  3  0  0  0  1  1
 -6.7890823634321246e-04  0  0  0  0  2  0  0  0  0  0  0  0  0  2  0  1
 -5.0585066078967005e-02  0  0  0  0  0  0  0  0  0  1  1  0  1  0  2  0
 -5.4878512989598939e-05  1  1  1  0  0  0  0  0  0  0  0  0  2  0  0  0
  3.6801323084635184e-04  0  0  0  0  2  0  0  1  0  0  0  0  0  2  0  0
 -9.2809900744469195e-02  0  0  0  0  0  0  0  0  1  1  0  0  1  1  0  1
  1.1725831648347072e-04  0  0  0  0  2  0  0  0  0  0  0  0  1  1  1  0
  3.1664872280168476e-04  0  0  0  0  1  1  1  0  0  0  0  0  0  0  2  0
  1.3553137124679102e-02  0  0  0  0  0  0  0  0  0  1  0  0  1  0  3  0
  2.6185706903377438e-02  0  0  0  0  0  0  0  0  0  1  1  0  3  0  0  0
  8.5095027029345474e-10  0  0  0  1  0  0  0  0  0  0  0  0  0  0  0  0
  7.2660403764956000e-02  0  0  0  0  0  0  0  0  1  0  2  1  1  0  0  0
 -2.7416138204786737e-07  2  0  0  0  0  0  0  0  0  0  0  0  0  0  0  1
 -1.3894107784186897e-04  0  0  0  0  3  0  0  1  0  0  0  0  1  0  0  0
 -5.6920549251300653e-06  3  0  0  1  0  0  0  0  0  0  0  0  1  0  0  0
 -2.7300940015560155e-03  0  0  0  0  0  0  0  0  0  0  0  0  0  0  0  5
  2.8339149576633950e-02  0  0  0  0  0  0  0  0  0  0  1  0  1  1  2  0
 -2.1063439357103276e-10  0  0  0  0  0  0  0  1  0  0  2  0  0  0  0  0
 -9.0610392087661067e-03  0  0  0  0  0  0  0  0  3  0  0  0  0  1  1  0
 -3.8821337509705446e-05  0  0  0  0  0  0  0  4  0  0  0  0  0  0  0  1
 -1.0979400042147042e-05  0  0  0  0  0  0  4  0  0  0  0  0  0  0  0  1
  2.2233015036295336e-04  0  0  0  0  3  0  0  0  0  0  0  0  1  0  0  1
 -8.4063888872685816e-04  0  0  0  0  0  0  0  1  0  0  0  0  0  2  0  2
  2.4913902974886760e-02  0  0  0  0  0  0  0  0  1  0  1  0  0  3  0  0
 -8.4164475710184284e-06  0  0  2  1  0  0  0  0  0  0  0  0  0  2  0  0
  1.1201672971546000e-06  0  0  0  0  1  1  0  0  0  0  0  0  0  0  1  0
 -3.0033180155438027e-01  0  0  0  0  0  0  0  0  1  0  0  2  1  0  0  1
 -2.4170569616688347e-06  0  0  2  2  0  0  0  0  0  0  0  0  0  0  0  1
 -7.6013512853150958e-02  0  0  0  0  0  0  0  0  1  0  0  1  1  2  0  0
  6.4361696174332584e-10  0  0  0  1  0  0  0  1  0  0  0  0  0  0  0  1
  1.4075275281301008e-03  0  0  0  0  1  0  0  1  0  0  0  0  1  0  0  2
  5.0235735522469486e-04  0  0  0  0  0  1  0  0  0  0  0  0  1  0  1  2
  1.8610897214481014e-05  0  2  0  0  0  0  0  0  0  0  0  0  0  0  2  1
 -2.4705234666350982e-05  0  0  0  0  0  2  0  2  0  0  0  0  0  0  0  1
 -7.8084581069077473e-03  0  0  0  0  0  0  0  0  0  0  0  0  1  1  3  0
  1.2206692910930099e-10  1  0  0  1  1  0  0  0  0  0  0  0  0  0  0  0
  4.0473637020129224e-02  0  0  0  0  0  0  0  0  1  1  3  0  0  0  0  0
  2.6539984537839954e-04  0  0  0  0  0  1  0  1  0  0  0  0  0  1  2  0
  2.9480875289537960e-02  0  0  0  0  0  0  0  0  0  0  0  1  2  2  0  0
  2.8553112136764987e-04  0  0  0  0  0  1  1  0  0  0  0  0  1  2  0  0
  1.7347639395990227e-05  0  0  0  0  0  3  0  0  0  0  0  0  1  0  1  0
 -1.0335176709982159e-10  0  0  0  1  0  0  0  0  0  0  2  0  0  0  0  0
  4.9183148330356056e-10  0  1  0  0  0  1  0  1  0  0  0  0  0  0  0  0
 -1.0055708286624372e-01  0  0  0  0  0  0  0  0  1  1  2  0  0  0  1  0
  1.7890162736512458e-09  0  0  0  0  0  1  0  0  1  0  1  0  0  0  0  0
 -2.1933813226609445e-04  0  0  0  1  0  0  0  0  0  0  0  0  0  2  0  2
 -3.3345086222566969e-05  0  1  1  0  0  0  0  0  0  0  0  0  1  0  2  0
 -1.2421079028825978e-04  0  0  0  0  0  0  1  0  0  0  0  0  3  1  0  0
 -3.2940039497787765e-06  0  0  0  0  0  0  0  0  0  2  0  0  0  0  0  1
 -3.5517396189165866e-11  0  0  0  1  0  0  0  0  2  0  0  0  0  0  0  0
 -2.7841937467558399e-05  0  0  0  0  0  0  3  1  0  0  0  0  0  0  1  0
 -4.8695624791181599e-02  0  0  0  0  0  0  0  0  0  0  1  1  0  0  1  2
  2.5087987036227760e-06  3  0  0  0  0  0  0  0  0  0  0  0  0  1  1  0
 -1.7782614408863751e-01  0  0  0  0  0  0  0  0  2  0  0  1  0  0  0  2
 -2.1542394995874710e-07  1  3  1  0  0  0  0  0  0  0  0  0  0  0  0  0
 -1.5995743036904409e-06  2  0  1  0  0  0  0  0  0  0  0  0  0  0  1  1
  1.1303075624767065e-05  0  0  0  0  0  0  0  0  0  1  1  0  1  0  0  0
 -5.8863984161633041e-04  0  0  0  0  1  1  0  0  0  0  0  0  0  0  1  2
 -4.9033655715422272e-07  0  0  0  0  0  1  0  0  0  0  0  0  1  0  1  0
 -6.5346418594311125e-04  0  0  0  0  1  0  0  1  0  0  0  0  1  2  0  0
  8.1054127927646880e-06  1  0  2  0  0  0  0  0  0  0  0  0  0  1  1  0
  8.2600126360630605e-03  0  0  0  0  0  0  0  0  0  0  0  1  0  4  0  0
  8.6333435425175811e-03  0  0  0  0  0  0  0  0  0  3  0  0  0  1  0  1
  1.6688811013536656e-02  0  0  0  0  0  0  0  0  0  0  0  1  0  0  0  4
  3.3093788216110651e-10  0  1  0  0  0  0  0  0  0  1  0  1  0  0  0  0
 -1.1045707102112755e-06  0  0  1  3  0  0  0  0  0  0  0  0  0  0  1  0
  1.1871119234608950e-05  0  0  0  0  2  2  0  1  0  0  0  0  0  0  0  0
 -1.1725831648347072e-04  0  0  0  0  0  0  2  0  0  0  0  0  1  1  1  0
  1.0265380944511467e-07  0  1  0  0  0  0  0  0  0  0  0  0  0  1  0  1
 -8.9138801961633373e-09  0  0  0  0  0  0  0  0  0  0  0  0  0  0  0  1
 -8.6389262590643931e-03  0  0  0  0  0  0  0  0  0  2  0  1  0  0  0  2
  7.2648041735539105e-06  2  1  1  0  0  0  0  0  0  0  0  0  1  0  0  0
 -8.3429115935125933e-10  0  0  0  0  0  1  0  0  0  0  1  0  1  0  0  0
  2.2742562783359020e-10  1  0  0  0  0  0  0  1  0  0  0  0  1  0  0  0
  5.8477151184735616e-06  0  2  1  1  0  0  0  0  0  0  0  0  0  0  1  0
 -6.5260074189127902e-03  0  0  0  0  0  0  0  0  0  0  4  0  0  0  0  1
  3.5863820910068318e-06  1  0  2  1  0  0  0  0  0  0  0  0  1  0  0  0
 -2.0031632607811640e-10  1  0  0  0  1  0  0  1  0  0  0  0  0  0  0  0
  5.5945662107035016e-04  0  0  0  0  0  1  1  0  0  0  0  0  0  1  1  1
  1.4107227830114231e-10  0  0  0  2  0  0  0  1  0  0  0  0  0  0  0  0
 -2.8266103309941008e-02  0  0  0  0  0  0  0  0  1  3  1  0  0  0  0  0
  8.3274914818503340e-02  0  0  0  0  0  0  0  0  1  1  1  0  0  0  2  0
 -5.3772848921626455e-11  0  1  1  0  0  0  0  0  1  0  0  0  0  0  0  0
 -6.7527691702770676e-02  0  0  0  0  0  0  0  0  0  0  1  1  1  1  0  1
 -1.6366719530224370e-06  1  3  0  0  0  0  0  0  0  0  0  0  0  0  1  0
  8.8144861246269954e-05  0  0  0  2  0  0  0  0  0  0  0  0  2  0  0  1
  4.1724696965263833e-11  1  0  1  0  0  1  0  0  0  0  0  0  0  0  0  0
 -2.1422116542446842e-02  0  0  0  0  0  0  0  0  0  1  0  0  3  0  1  0
 -1.0634768793402932e-10  2  0  0  0  0  0  0  1  0  0  0  0  0  0  0  0
 -1.2771880170380807e-05  0  0  1  0  0  0  0  0  0  0  0  0  1  3  0  0
  6.0232262592995768e-06  0  0  3  0  0  0  0  0  0  0  0  0  0  0  1  1
  1.0646633899312008e-11  0  0  1  0  1  0  0  0  0  0  0  0  0  1  0  0
  1.6745245174156498e-04  0  0  0  0  1  0  0  0  0  0  0  0  0  1  3  0
  2.2785693961062300e-04  0  0  0  0  0  1  0  1  0  0  0  0  0  1  0  2
  5.5228974348622442e-05  0  1  1  0  0  0  0  0  0  0  0  0  0  1  1  1
  2.1727694739040020e-04  0  0  0  0  0  0  2  0  0  0  0  0  0  2  0  1
 -8.1330548776420304e-06  0  0  0  0  3  0  1  0  0  0  0  0  0  1  0  0
 -4.7207945100111002e-04  0  0  0  0  1  1  1  0  0  0  0  0  2  0  0  0
  1.9782673312697773e-04  0  0  0  0  0  0  1  0  0  0  0  0  1  1  2  0
  1.0614154304092224e-02  0  0  0  0  0  0  0  0  0  0  0  0  0  2  0  3
  3.7585046936761621e-10  0  1  0  0  0  0  0  0  1  0  1  0  0  0  0  0
  1.5176569832961654e-04  0  0  0  0  0  0  1  0  0  0  0  0  0  0  3  1
  3.8849319643320041e-06  0  0  0  0  0  0  4  1  0  0  0  0  0  0  0  0
 -1.8858135758936304e-05  1  2  0  0  0  0  0  0  0  0  0  0  0  1  1  0
  1.5171996444983006e-05  0  0  0  0  0  2  0  1  0  0  0  0  0  2  0  0
  4.5309159159185468e-05  2  0  0  1  0  0  0  0  0  0  0  0  0  2  0  0
  4.1892406589804608e-02  0  0  0  0  0  0  0  0  0  2  2  0  0  0  0  1
  7.2792703502467986e-03  0  0  0  0  0  0  0  0  0  0  0  5  0  0  0  0
  2.5702542915493389e-04  0  0  0  0  2  1  0  0  0  0  0  0  0  1  0  1
  1.8589428362776048e-05  0  0  0  0  1  2  0  1  0  0  0  0  1  0  0  0
 -2.3970931793908908e-02  0  0  0  0  0  0  0  0  0  0  3  1  0  0  1  0
 -1.4939745132700304e-04  0  0  0  0  2  1  0  1  0  0  0  0  0  1  0  0
  1.6814477151362475e-04  1  1  0  0  0  0  0  0  0  0  0  0  0  2  1  0
 -7.8880689014938326e-06  1  2  0  0  0  0  0  0  0  0  0  0  1  0  0  1
  2.5070024162918234e-02  0  0  0  0  0  0  0  0  2  0  0  0  0  0  2  1
 -6.7006871385953806e-02  0  0  0  0  0  0  0  0  1  0  0  0  1  0  0  3
  1.0452255819872696e-02  0  0  0  0  0  0  0  0  0  0  0  3  0  0  2  0
  6.5769115413462092e-10  0  0  0  0  0  0  0  1  0  2  0  0  0  0  0  0
 -2.6102723096315739e-04  0  0  0  0  0  0  1  1  0  0  0  0  0  0  1  2
  1.0155535237264854e-05  0  0  0  0  0  0  0  0  1  0  1  0  0  1  0  0
  7.5472506818403040e-05  0  0  0  2  0  0  0  0  0  0  0  0  0  2  0  1
  1.1172383669134868e-02  0  0  0  0  0  0  0  0  3  0  1  0  0  1  0  0
  3.5184599154329299e-04  0  0  0  0  2  0  0  0  0  0  0  0  0  0  0  3
 -6.5590648293686990e-04  0  0  0  0  2  0  0  1  0  0  0  0  0  0  0  2
 -1.6988270627161340e-04  0  0  0  0  1  1  2  0  0  0  0  0  0  0  1  0
  5.0497110339953702e-02  0  0  0  0  0  0  0  0  0  0  0  3  0  0  0  2
  5.1102997348939680e-02  0  0  0  0  0  0  0  0  0  0  1  1  2  0  1  0
  2.1492333991017703e-10  0  0  0  0  1  0  0  1  1  0  0  0  0  0  0  0
 -2.1213200848229111e-06  2  0  1  0  0  0  0  0  0  0  0  0  1  1  0  0
 -1.9626041476162282e-05  1  0  1  0  0  0  0  0  0  0  0  0  0  1  0  2
 -1.1172383669134868e-02  0  0  0  0  0  0  0  0  0  3  0  1  0  1  0  0
 -2.7300940015560150e-03  0  0  0  0  0  0  0  0  0  0  0  0  0  0  4  1
  1.3951166386756450e-04  0  0  0  0  1  0  2  0  0  0  0  0  0  1  1  0
  1.4297632179069295e-04  0  0  0  0  0  0  0  3  0  0  0  0  0  0  0  2
  4.3632086612344157e-11  0  0  0  2  0  0  0  0  0  0  0  1  0  0  0  0
  2.2156348554205980e-04  0  0  0  0  1  1  0  1  0  0  0  0  1  1  0  0
 -9.0610392087661085e-03  0  0  0  0  0  0  0  0  0  3  0  0  1  0  1  0
 -4.2406920745598377e-04  0  0  0  0  0  1  0  0  0  0  0  0  3  0  1  0
  2.7483731117685525e-05  0  0  0  0  0  0  0  0  1  0  0  0  1  0  0  1
 -7.9806732295139786e-07  0  0  0  0  1  0  0  1  0  0  0  0  1  0  0  0
 -1.0117013215793402e-01  0  0  0  0  0  0  0  0  1  0  0  1  0  1  1  1
  5.0634005724643787e-08  0  1  1  0  0  0  0  0  0  0  0  0  1  0  0  0
 -8.6993824974521627e-02  0  0  0  0  0  0  0  0  1  1  1  0  0  2  0  0
 -1.2771880170380807e-05  0  0  1  0  0  0  0  0  0  0  0  0  3  1  0  0
 -4.8756941166422509e-04  0  0  0  0  1  1  1  1  0  0  0  0  0  0  0  1
 -1.2239880561163176e-10  0  0  0  0  0  1  0  1  0  1  0  0  0  0  0  0
 -5.0713281048836053e-05  0  1  0  1  0  0  0  0  0  0  0  0  1  0  1  1
 -5.6151909394997360e-05  0  0  0  0  1  2  0  0  0  0  0  0  1  0  0  1
 -6.5519189495213440e-07  0  0  0  0  0  0  1  0  0  0  0  0  0  0  1  1
 -8.4308488221742382e-06  1  1  2  0  0  0  0  0  0  0  0  0  0  0  1  0
 -8.8427029790963035e-02  0  0  0  0  0  0  0  0  2  0  0  3  0  0  0  0
 -1.4145947506674030e-11  0  0  0  1  0  0  0  0  1  0  0  0  1  0  0  0
 -1.2117120060229970e-07  1  0  0  0  0  0  0  0  0  0  0  0  0  1  1  0
 -4.0580569534260615e-05  0  0  0  0  0  2  0  0  0  0  0  0  0  0  0  3
  2.6238979717371110e-10  0  0  0  0  0  0  0  2  0  0  0  1  0  0  0  0
 -5.3253252452029366e-10  0  0  0  0  0  0  1  0  0  1  0  0  1  0  0  0
 -6.4792411641800385e-02  0  0  0  0  0  0  0  0  0  2  1  0  0  0  1  1
  2.3037812772089728e-04  1  0  0  0  0  0  0  0  0  0  0  0  1  2  0  1
 -1.2209271226700048e-07  0  0  0  0  0  0  1  0  0  0  0  0  1  1  0  0
 -1.1209543022290831e-03  0  0  0  0  0  0  0  0  0  4  0  0  0  0  0  1
  9.7437789654970533e-02  0  0  0  0  0  0  0  0  1  0  1  0  1  0  1  1
  1.3290719501706949e-10  1  0  0  0  0  1  1  0  0  0  0  0  0  0  0  0
 -1.0105904456811404e-05  0  0  2  0  0  0  0  0  0  0  0  0  0  0  0  3
 -6.4822807775321364e-06  0  2  0  1  0  0  0  0  0  0  0  0  2  0  0  0
  8.9509949989762135e-05  0  0  0  0  1  0  2  1  0  0  0  0  1  0  0  0
 -3.0496939212821692e-02  0  0  0  0  0  0  0  0  0  0  0  4  0  0  0  1
 -2.5514978273008834e-05  0  0  1  1  0  0  0  0  0  0  0  0  0  0  1  2
 -4.0515503550227834e-06  0  0  0  0  0  0  0  0  0  0  0  1  0  0  2  0
  3.8849319643320058e-06  0  0  0  0  0  0  0  5  0  0  0  0  0  0  0  0
  1.0855633770129366e-10  0  0  0  0  1  0  1  0  0  1  0  0  0  0  0  0
  8.7363382206166904e-07  0  0  0  0  0  0  0  1  0  0  0  0  2  0  0  0
  7.8831817905049700e-02  0  0  0  0  0  0  0  0  1  0  0  0  3  0  0  1
  6.9009431353172124e-05  0  1  0  0  0  0  0  0  0  0  0  0  0  3  0  1
 -8.7627001843276711e-06  0  2  0  0  0  0  0  0  0  0  0  0  0  0  0  3
 -4.9980550697863098e-11  2  0  0  0  0  0  0  0  0  0  0  1  0  0  0  0
  7.4156155396840157e-05  0  0  0  0  0  0  2  1  0  0  0  0  0  0  2  0
 -1.6300416092403998e-05  2  0  0  1  0  0  0  0  0  0  0  0  0  0  2  0
  9.4788466379587556e-08  0  0  4  1  0  0  0  0  0  0  0  0  0  0  0  0
  2.8098708021231922e-05  0  0  0  1  0  0  0  0  0  0  0  0  0  0  0  4
 -1.7608138359400550e-06  0  0  0  4  0  0  0  0  0  0  0  0  0  0  0  1
 -1.9074349332455692e-02  0  0  0  0  0  0  0  0  0  0  0  0  4  0  0  1
 -3.6184276790463092e-02  0  0  0  0  0  0  0  0  0  0  0  1  0  2  0  2
  5.7755711602497557e-07  0  0  0  0  0  0  0  2  0  0  0  0  0  0  0  1
 -7.3535342281758065e-02  0  0  0  0  0  0  0  0  2  1  0  0  1  0  1  0
  3.4844511908683898e-07  0  0  0  1  0  0  0  0  0  0  0  0  2  0  0  0
  4.2866073159588718e-07  0  0  0  0  0  1  0  0  0  0  0  0  0  1  0  1
 -3.6963875528993942e-08  0  1  0  1  0  0  0  0  0  0  0  0  0  1  0  0
  5.2406654469252060e-05  2  0  0  1  0  0  0  0  0  0  0  0  2  0  0  0
 -4.7335695261040645e-02  0  0  0  0  0  0  0  0  1  0  1  0  0  1  0  2
 -1.8871174206627391e-06  0  1  3  0  0  0  0  0  0  0  0  0  1  0  0  0
  6.9295700819058694e-06  2  0  0  0  0  0  0  0  0  0  0  0  1  1  1  0
 -1.6988270627161348e-04  0  0  0  0  1  1  0  2  0  0  0  0  0  0  1  0
  1.1031858357105816e-04  0  0  0  0  2  0  1  1  0  0  0  0  0  0  1  0
  5.6197416042463844e-06  0  0  0  1  0  0  0  0  0  0  0  0  0  0  4  0
  3.0738069093121465e-10  0  0  0  0  0  0  1  0  0  0  0  1  0  0  1  0
  1.1031858357105816e-04  0  0  0  0  0  2  1  1  0  0  0  0  0  0  1  0
 -5.3079969075679908e-04  0  0  0  0  0  1  0  1  0  0  0  0  1  0  1  1
  1.2279748646531064e-03  0  0  0  0  1  0  0  0  0  0  0  0  1  2  0  1
  3.7941424582404135e-05  0  0  0  0  0  0  0  1  0  0  0  0  0  0  4  0
  1.6061302368194407e-09  0  0  0  0  0  1  0  0  0  1  0  1  0  0  0  0
  5.9185197400416591e-02  0  0  0  0  0  0  0  0  0  0  1  2  0  0  1  1
  5.0514194842805293e-06  1  1  1  2  0  0  0  0  0  0  0  0  0  0  0  0
 -2.8133854338748567e-06  2  0  0  3  0  0  0  0  0  0  0  0  0  0  0  0
  4.6303951921130605e-09  0  0  0  0  0  0  0  0  0  0  0  1  0  0  0  0
 -2.7115889972150626e-05  0  0  0  2  0  0  0  0  0  0  0  0  0  0  0  3
  1.3863153067588411e-05  0  1  2  0  0  0  0  0  0  0  0  0  1  0  1  0
  1.2294710266191671e-05  0  0  0  0  4  0  0  1  0  0  0  0  0  0  0  0
  2.5362677776836595e-11  0  0  0  0  1  1  0  0  0  0  1  0  0  0  0  0
 -1.5306681063466556e-04  2  0  0  0  0  0  0  0  0  0  0  0  2  0  0  1
 -4.3272089116797675e-02  0  0  0  0  0  0  0  0  0  1  0  1  2  1  0  0
  2.7726306135176825e-05  0  1  1  1  0  0  0  0  0  0  0  0  1  0  0  1
 -7.9522226950792390e-05  0  0  0  1  0  0  0  0  0  0  0  0  0  2  2  0
  2.7972831053517513e-04  0  0  0  0  1  0  0  1  0  0  0  0  1  0  2  0
  7.5794895943024042e-08  0  0  1  1  0  0  0  0  0  0  0  0  0  0  1  0
 -1.2718301297774395e-05  0  0  0  0  3  1  1  0  0  0  0  0  0  0  0  0
  1.4909633827643049e-05  0  0  0  0  0  0  0  0  0  0  0  2  0  0  0  1
 -1.6231874930393870e-02  0  0  0  0  0  0  0  0  0  0  1  1  0  0  3  0
  5.6678299153267893e-02  0  0  0  0  0  0  0  0  0  0  0  1  1  1  1  1
 -3.2600832184807995e-05  0  2  1  0  0  0  0  0  0  0  0  0  0  0  1  1
 -2.3425374320723245e-02  0  0  0  0  0  0  0  0  0  0  0  0  1  1  1  2
 -3.5073299023647359e-10  1  0  0  0  0  1  0  0  0  0  0  0  0  0  1  0
 -5.6481551702032019e-10  0  0  0  1  0  0  0  0  0  0  0  2  0  0  0  0
  3.7375738367378070e-05  0  0  2  0  0  0  0  0  0  0  0  0  2  0  0  1
  1.3863153067588412e-05  1  0  0  2  0  0  0  0  0  0  0  0  0  1  1  0
 -2.5070024162918227e-02  0  0  0  0  0  0  0  0  0  0  0  2  0  0  2  1
  2.3301492226158779e-02  0  0  0  0  0  0  0  0  0  1  0  3  0  1  0  0
 -1.2455730328927738e-07  1  0  0  1  0  0  0  0  0  0  0  0  1  0  0  0
 -8.4184870880072340e-05  0  1  0  0  0  0  0  0  0  0  0  0  1  2  1  0
  9.1229725033041734e-02  0  0  0  0  0  0  0  0  3  0  0  0  1  0  0  1
  1.0876088759470339e-04  0  0  0  0  0  2  2  0  0  0  0  0  0  0  0  1
 -1.6366719530224368e-06  3  1  0  0  0  0  0  0  0  0  0  0  0  0  1  0
  5.7911046386525000e-02  0  0  0  0  0  0  0  0  2  0  0  1  0  2  0  0
 -6.9138253742122153e-06  2  1  0  1  0  0  0  0  0  0  0  0  0  1  0  0
 -4.3539582487022745e-07  0  3  1  0  0  0  0  0  0  0  0  0  1  0  0  0
 -3.9900597136595592e-02  0  0  0  0  0  0  0  0  0  1  0  0  0  1  2  1
 -1.5904445390158478e-04  0  0  1  0  0  0  0  0  0  0  0  0  2  0  1  1
  3.2539178187552706e-07  0  0  0  0  0  0  1  1  0  0  0  0  0  0  1  0
 -1.9348255139411965e-06  0  2  2  1  0  0  0  0  0  0  0  0  0  0  0  0
 -2.3233186074919848e-06  0  0  0  0  0  3  1  0  0  0  0  0  1  0  0  0
 -1.5935127474991845e-08  0  2  0  1  0  0  0  0  0  0  0  0  0  0  0  0
  1.5697434361492604e-01  0  0  0  0  0  0  0  0  2  0  0  1  2  0  0  0
  6.2899811031510863e-02  0  0  0  0  0  0  0  0  1  0  0  2  0  1  1  0
 -8.0684348183862576e-05  1  0  0  0  0  0  0  0  0  0  0  0  0  3  1  0
  1.5160426823223952e-07  0  2  0  3  0  0  0  0  0  0  0  0  0  0  0  0
 -2.4913902974886763e-02  0  0  0  0  0  0  0  0  0  1  0  1  0  3  0  0
 -1.5657458561444071e-04  0  0  1  0  0  0  0  0  0  0  0  0  0  2  1  1
