758
 -2.9480875289537960e-02  0  0  0  0  0  0  0  0  0  0  0  0  2  2  1  0
  2.3443159670052064e-05  0  0  0  0  0  0  0  0  1  1  0  0  0  0  0  1
  4.3272089116797668e-02  0  0  0  0  0  0  0  0  1  0  0  0  1  2  1  0
  2.3970931793908908e-02  0  0  0  0  0  0  0  0  0  0  0  3  0  0  1  1
 -1.1675233382131372e-02  0  0  0  0  0  0  0  0  2  0  1  0  0  0  2  0
  3.2358191358656647e-02  0  0  0  0  0  0  0  0  2  0  1  0  2  0  0  0
  6.0755390416626750e-08  2  0  1  0  0  0  0  0  0  0  0  0  0  0  0  0
 -1.9909039116715974e-10  0  0  1  0  0  0  0  0  0  1  0  0  0  1  0  0
 -6.6669854337667337e-03  0  0  0  0  1  0  2  0  0  1  0  1  0  0  0  0
  4.4190746162621787e-03  0  0  0  0  0  0  0  0  0  0  1  0  0  0  0  4
  9.6402186424861674e-03  0  0  0  0  0  0  0  0  0  0  1  0  4  0  0  0
 -1.6492169008122705e-02  0  0  0  0  0  0  1  1  0  2  0  1  0  0  0  0
  2.9624543526902261e-02  0  0  0  0  0  1  0  0  1  2  0  1  0  0  0  0
 -2.6389224647802656e-03  0  0  0  0  1  1  2  1  0  0  0  0  0  0  0  0
 -3.0921504028683084e-09  0  1  0  0  0  0  1  0  0  1  0  0  0  0  0  0
  4.6072707844004029e-04  0  0  0  0  3  1  0  1  0  0  0  0  0  0  0  0
 -1.5925907774633322e-10  0  0  0  1  0  0  0  0  0  0  0  0  0  0  1  1
 -8.8449785169443726e-03  0  0  0  0  0  0  0  2  2  0  1  0  0  0  0  0
 -1.1278528010081104e-01  0  0  0  0  0  0  0  0  1  1  0  0  1  1  1  0
 -2.9015437984784787e-06  0  0  0  0  0  0  0  2  0  0  1  0  0  0  0  0
  1.3590751967030169e-04  0  0  0  2  0  0  0  0  0  0  3  0  0  0  0  0
  2.9758817628333770e-02  0  0  0  0  0  0  0  0  2  0  0  0  0  0  1  2
 -2.9226934947561365e-05  0  0  0  0  0  1  0  0  0  1  1  0  0  0  0  0
  6.8398639108955329e-10  1  0  0  0  0  0  1  0  1  0  0  0  0  0  0  0
 -5.3818998146413545e-04  1  1  0  1  0  0  0  0  0  0  2  0  0  0  0  0
 -1.3171409810585856e-02  0  0  0  0  0  0  1  0  0  0  4  0  0  0  0  0
  3.9092624219964163e-04  0  0  0  1  0  0  0  0  1  3  0  0  0  0  0  0
  7.6013512853150958e-02  0  0  0  0  0  0  0  0  0  1  0  0  2  1  1  0
 -1.8977949855630814e-04  1  1  1  0  0  0  0  0  1  1  0  0  0  0  0  0
 -8.8673437380724390e-02  0  0  0  0  0  0  0  0  0  1  2  1  1  0  0  0
 -4.5862665834783833e-04  0  0  0  0  0  4  1  0  0  0  0  0  0  0  0  0
 -2.8895737432248134e-07  2  0  0  0  0  0  0  0  0  0  1  0  0  0  0  0
 -4.4494621716690132e-04  0  0  0  2  0  0  0  0  2  0  1  0  0  0  0  0
 -5.7911046386525014e-02  0  0  0  0  0  0  0  0  0  2  0  0  2  0  1  0
 -7.4572386949136636e-05  0  1  3  0  0  0  0  0  0  1  0  0  0  0  0  0
 -1.9849768675914328e-02  0  0  0  0  0  2  1  0  0  2  0  0  0  0  0  0
 -2.0581585984763339e-05  0  0  0  0  0  0  0  0  0  0  1  2  0  0  0  0
  7.1947160139677890e-02  0  0  0  0  0  0  0  0  1  0  0  2  0  1  0  1
  2.4288160925748565e-09  0  0  0  1  1  0  0  0  0  1  0  0  0  0  0  0
  8.8224213714293304e-08  0  0  3  0  0  0  0  0  0  0  0  0  0  0  0  0
 -1.1303075624767065e-05  0  0  0  0  0  0  0  0  0  1  0  0  1  0  0  1
  4.9735499965485657e-03  0  0  0  0  2  0  0  0  2  0  1  0  0  0  0  0
  3.3401929950708224e-05  0  0  0  0  0  0  0  0  0  1  0  0  0  1  1  0
 -3.6807864062814943e-02  0  0  0  0  0  0  0  0  2  0  3  0  0  0  0  0
 -1.7221579565895152e-10  0  0  0  1  0  0  0  0  1  0  0  0  0  1  0  0
 -9.9292320313361317e-04  0  0  0  0  2  1  0  0  0  1  1  0  0  0  0  0
  8.0645156880119929e-06  0  0  0  0  0  0  0  0  0  0  1  0  2  0  0  0
  7.4653229229126950e-05  2  1  0  0  0  0  0  0  0  1  1  0  0  0  0  0
 -3.6764357730411291e-02  0  0  0  0  0  0  0  0  2  0  1  0  0  0  0  2
 -1.1294907881874057e-01  0  0  0  0  0  0  0  0  0  1  1  0  0  3  0  0
 -1.2579962206302170e-01  0  0  0  0  0  0  0  0  0  1  1  0  1  0  1  1
  1.7112345415140509e-03  0  0  0  0  0  0  2  2  0  0  1  0  0  0  0  0
  5.2181218432694404e-03  0  0  0  0  1  1  2  0  0  0  0  1  0  0  0  0
  7.2571342146665206e-04  1  0  0  1  0  0  0  0  0  1  2  0  0  0  0  0
 -5.8003983967056624e-05  0  2  1  1  0  0  0  0  0  0  0  1  0  0  0  0
 -4.6303951921130613e-09  0  0  0  0  0  0  0  0  0  0  0  0  0  0  1  0
 -1.6061302368194429e-09  0  0  0  0  1  0  0  0  1  0  0  0  0  0  1  0
  1.2523225360578467e-03  0  1  1  0  0  0  0  0  2  1  0  0  0  0  0  0
  1.0529759009992175e-05  0  0  0  0  0  0  0  1  0  0  1  1  0  0  0  0
  2.1004200922019787e-06  0  0  0  0  4  0  1  0  0  0  0  0  0  0  0  0
 -8.2389577955305243e-02  0  0  0  0  0  0  0  0  0  0  1  1  1  1  1  0
 -7.7030920466774737e-10  0  0  0  2  0  0  1  0  0  0  0  0  0  0  0  0
 -1.1175193068869542e-05  0  0  0  0  1  1  0  0  0  0  0  1  0  0  0  0
  1.0003924569004304e-03  0  0  0  0  0  1  0  3  1  0  0  0  0  0  0  0
  7.3990498840076054e-03  0  0  0  0  1  0  0  2  1  0  1  0  0  0  0  0
 -2.5362677776836595e-11  0  0  0  0  1  1  0  0  0  0  0  0  0  0  0  1
 -6.6755244054146623e-03  0  0  0  0  0  0  0  0  0  0  0  0  0  0  3  2
 -4.1760075050206345e-04  0  2  1  0  0  0  0  0  2  0  0  0  0  0  0  0
 -2.9117081400987194e-02  0  0  0  0  0  0  0  0  0  0  1  3  0  0  0  1
  5.1883318050730048e-03  0  0  0  0  0  0  3  0  0  2  0  0  0  0  0  0
 -9.2242983933977212e-03  0  0  0  0  0  0  0  0  0  0  0  0  1  1  0  3
 -1.2142091106038767e-01  0  0  0  0  0  0  0  0  1  1  2  0  0  0  0  1
 -2.9726638308604176e-06  0  4  1  0  0  0  0  0  0  0  0  0  0  0  0  0
 -1.4465458984737190e-05  0  2  0  2  0  0  0  0  0  0  1  0  0  0  0  0
  1.4940617445231510e-01  0  0  0  0  0  0  0  0  1  0  1  1  0  1  1  0
  1.6821972703086224e-04  0  1  0  2  0  0  0  0  0  1  1  0  0  0  0  0
  4.1723059709506091e-05  0  1  2  1  0  0  0  0  1  0  0  0  0  0  0  0
  1.2960850017411837e-02  0  0  0  0  0  0  0  0  0  0  0  0  3  1  0  1
  2.7601413778407602e-04  1  0  1  1  0  0  0  0  1  0  0  1  0  0  0  0
 -3.9487050310581012e-04  1  0  1  0  0  0  0  0  1  0  2  0  0  0  0  0
 -3.0738069093121486e-10  0  0  0  0  0  0  0  1  0  0  0  0  0  0  1  1
 -1.0063310559697462e-01  0  0  0  0  0  0  0  0  2  0  1  2  0  0  0  0
 -1.6988751310001025e-02  0  0  0  0  0  0  2  0  2  0  1  0  0  0  0  0
  9.5805628954128697e-03  0  0  0  0  1  0  0  0  1  0  3  0  0  0  0  0
 -1.9430495934836557e-04  1  0  0  2  0  0  0  0  0  1  0  1  0  0  0  0
 -1.7217335965923009e-11  1  1  0  0  0  0  0  0  0  0  0  0  0  0  0  1
 -1.0103029517855148e-03  1  0  0  1  0  0  0  0  1  0  1  1  0  0  0  0
  2.7572014851009196e-09  0  0  0  1  0  0  1  1  0  0  0  0  0  0  0  0
 -8.1258509009090177e-06  1  1  0  3  0  0  0  0  0  0  0  0  0  0  0  0
  9.5906785541667650e-02  0  0  0  0  0  0  0  0  0  2  1  1  0  0  0  1
  8.3429115935125933e-10  0  0  0  0  0  1  0  0  0  0  0  0  1  0  0  1
  9.3567569037459350e-04  0  0  0  0  2  0  1  2  0  0  0  0  0  0  0  0
  3.0033180155438033e-01  0  0  0  0  0  0  0  0  0  1  1  0  0  1  2  0
  3.9499725218971172e-06  2  0  1  0  0  0  0  0  2  0  0  0  0  0  0  0
 -4.4601642793479093e-10  0  0  1  0  0  0  0  0  1  0  0  0  1  0  0  0
  7.8975225435673601e-03  0  0  0  0  0  0  0  2  0  0  1  2  0  0  0  0
  4.1011298350791869e-06  0  0  0  0  0  0  0  1  1  1  0  0  0  0  0  0
 -7.2660403764955986e-02  0  0  0  0  0  0  0  0  0  1  0  2  0  1  1  0
  7.3761074137333164e-11  1  0  0  0  0  0  0  0  0  0  0  0  1  0  1  0
 -3.2467580432427537e-10  0  0  0  0  0  1  1  0  0  0  0  0  0  1  0  0
  4.2965360716213576e-02  0  0  0  0  0  2  0  0  0  2  1  0  0  0  0  0
 -4.1973474139889427e-12  0  1  0  1  0  0  0  0  0  0  0  0  1  0  0  0
  2.6252042423669806e-03  0  0  0  1  0  0  0  0  0  2  1  1  0  0  0  0
 -8.9140396655146455e-03  0  0  0  0  2  0  0  0  1  1  0  1  0  0  0  0
 -7.8975225435673566e-03  0  0  0  0  0  2  0  0  0  0  1  2  0  0  0  0
 -3.4251187190581719e-02  0  0  0  0  0  0  2  0  0  2  1  0  0  0  0  0
 -3.5853909899863121e-05  1  1  2  1  0  0  0  0  0  0  0  0  0  0  0  0
  1.6753460246461176e-02  0  0  0  0  0  0  0  0  0  0  0  3  1  1  0  0
 -5.1177568626423371e-04  0  0  0  1  0  0  0  0  0  0  1  3  0  0  0  0
  3.1444530574414251e-02  0  0  0  0  0  1  0  0  0  1  1  2  0  0  0  0
  1.7483552529852290e-10  0  0  1  0  0  0  0  0  0  0  0  0  0  2  0  0
 -6.3971960783029214e-04  0  0  1  0  0  0  0  0  0  0  4  0  0  0  0  0
  2.9833749028765483e-02  0  0  0  0  0  0  0  0  4  0  1  0  0  0  0  0
 -7.2897312624683744e-10  0  1  1  0  0  1  0  0  0  0  0  0  0  0  0  0
  3.2133503633501633e-04  0  0  1  1  0  0  0  0  1  1  1  0  0  0  0  0
  4.3463520024699450e-04  1  0  1  0  0  0  0  0  1  2  0  0  0  0  0  0
 -8.3274914818503340e-02  0  0  0  0  0  0  0  0  1  1  0  0  0  0  2  1
  4.1593362171529546e-11  1  0  0  1  0  0  0  0  0  0  0  0  0  1  0  0
 -9.8902632400294493e-03  0  0  0  0  0  0  1  0  4  0  0  0  0  0  0  0
 -4.3426146326834424e-06  0  0  0  0  0  0  0  0  2  0  0  0  0  0  1  0
  5.9760859808152224e-06  0  0  0  4  0  0  0  0  0  0  1  0  0  0  0  0
  3.5582719663430552e-02  0  0  0  0  0  1  2  0  0  1  1  0  0  0  0  0
  3.4721236632811706e-07  1  0  1  0  0  0  0  0  1  0  0  0  0  0  0  0
  1.1694233870555878e-03  0  1  1  0  0  0  0  0  1  0  1  1  0  0  0  0
  1.5551060797758677e-03  0  1  0  0  0  0  0  0  0  1  1  2  0  0  0  0
  2.0064236316624215e-06  0  0  0  1  0  0  0  0  0  0  1  1  0  0  0  0
  8.3049223779587331e-03  0  0  0  0  1  1  0  0  0  0  0  3  0  0  0  0
  2.1097903759556544e-02  0  0  0  0  0  1  0  0  3  0  0  1  0  0  0  0
  3.4621345611886366e-02  0  0  0  0  0  0  0  0  2  1  0  0  0  1  1  0
  8.9202302675690043e-02  0  0  0  0  0  0  0  0  0  4  1  0  0  0  0  0
 -1.7339618806314261e-03  0  1  0  0  0  0  0  0  1  0  2  1  0  0  0  0
  9.4371698995061856e-02  0  0  0  0  0  0  0  0  0  1  0  0  0  3  1  0
  1.9029650137164394e-01  0  0  0  0  0  0  0  0  0  2  1  0  0  2  0  0
 -1.4508135674545856e-05  0  0  0  0  0  0  0  0  1  0  1  0  1  0  0  0
 -6.7572595385854918e-04  0  2  0  0  0  0  0  0  0  0  3  0  0  0  0  0
  3.0096354474936325e-06  0  0  1  0  0  0  0  0  0  0  2  0  0  0  0  0
 -4.0592786659799137e-05  0  0  0  0  0  0  0  0  0  1  1  0  0  1  0  0
 -6.2161441966595288e-02  0  0  0  0  0  1  0  0  2  1  1  0  0  0  0  0
  1.5778565087013547e-02  0  0  0  0  0  0  0  0  1  0  0  0  0  1  0  3
 -1.1806792413727456e-03  0  0  1  0  0  0  0  0  4  0  0  0  0  0  0  0
 -3.5735218374494250e-03  0  0  0  0  0  2  1  1  0  0  0  1  0  0  0  0
 -1.4160414411959988e-03  0  0  0  0  0  0  0  3  1  1  0  0  0  0  0  0
  3.3763845851385338e-02  0  0  0  0  0  0  0  0  0  0  0  1  1  1  2  0
  1.4054491304992070e-09  0  0  0  0  0  0  1  0  0  0  0  1  0  0  0  1
  1.2894608782250209e-05  2  0  1  2  0  0  0  0  0  0  0  0  0  0  0  0
 -1.3333970867533473e-02  0  0  0  0  0  1  1  1  1  0  1  0  0  0  0  0
  2.6507102029574803e-10  0  0  0  0  1  0  0  0  0  0  0  0  1  0  1  0
 -1.5480516537495506e-02  0  0  0  0  0  0  0  0  0  0  0  1  3  1  0  0
  1.1547511253740630e-03  1  1  0  0  0  0  0  0  0  0  2  1  0  0  0  0
  9.2421336545560993e-05  0  2  0  1  0  0  0  0  0  0  1  1  0  0  0  0
 -8.8688262595965452e-06  0  0  0  0  1  0  0  0  1  0  1  0  0  0  0  0
 -7.8975225435673601e-03  0  0  0  0  2  0  0  0  0  0  1  2  0  0  0  0
  8.9792455448367229e-03  0  0  0  0  1  0  1  0  3  0  0  0  0  0  0  0
  6.0993878425643390e-02  0  0  0  0  0  0  0  0  0  0  3  0  0  0  2  0
 -5.2374812096556469e-06  0  0  0  0  0  2  1  0  0  0  0  0  0  0  0  0
 -4.8516333227940803e-04  1  0  0  1  0  0  0  0  0  3  0  0  0  0  0  0
  1.3042325492626650e-05  0  0  0  0  0  0  0  0  1  0  0  1  0  1  0  0
  4.5597892869177368e-03  0  0  0  0  1  2  1  0  1  0  0  0  0  0  0  0
  4.1642268587394234e-02  0  0  0  0  0  0  0  0  2  0  0  0  1  1  0  1
  8.3680901117457319e-11  0  0  0  0  0  0  0  1  0  0  0  0  1  1  0  0
 -5.8364160295412131e-02  0  0  0  0  0  0  0  0  1  0  0  1  0  1  0  2
  1.9146987153892837e-04  0  0  0  0  3  0  1  0  1  0  0  0  0  0  0  0
 -1.1403764401931922e-02  0  0  0  0  1  1  0  1  0  0  0  2  0  0  0  0
  3.2056380972980934e-03  0  0  0  0  0  1  2  1  1  0  0  0  0  0  0  0
  5.7201808453455926e-07  1  1  0  1  0  0  0  0  0  0  0  0  0  0  0  0
  3.0843149581836867e-02  0  0  0  0  0  0  0  0  0  0  0  0  0  2  3  0
  5.0585066078967005e-02  0  0  0  0  0  0  0  0  0  1  0  0  1  0  2  1
 -1.4993923859325638e-10  1  0  0  0  0  0  0  0  0  1  0  0  0  0  0  1
 -5.1102997348939694e-02  0  0  0  0  0  0  0  0  0  0  0  1  0  2  1  1
  4.4537897365906154e-03  0  0  0  0  2  0  0  1  1  1  0  0  0  0  0  0
  2.5574730032846796e-05  0  0  2  2  0  0  0  0  0  0  1  0  0  0  0  0
 -3.7388317189901939e-02  0  0  0  0  0  0  1  0  1  1  1  1  0  0  0  0
 -1.5389398919574424e-03  0  0  0  0  0  0  0  0  4  0  0  0  0  0  1  0
 -7.2814384712393263e-10  0  0  1  0  0  0  0  1  0  0  0  1  0  0  0  0
 -7.9566296010984442e-04  0  0  0  0  1  1  0  3  0  0  0  0  0  0  0  0
 -5.1126269411793247e-07  0  2  1  0  0  0  0  0  0  0  0  0  0  0  0  0
 -1.8881627464746554e-03  1  1  0  0  0  0  0  0  2  0  0  1  0  0  0  0
 -4.4633813511621850e-02  0  0  0  0  0  0  0  0  2  1  1  0  0  1  0  0
 -1.0931983839500689e-02  0  0  0  0  0  1  0  0  1  0  0  3  0  0  0  0
 -5.3776406878195647e-02  0  0  0  0  0  0  0  0  0  0  3  0  0  2  0  0
 -1.2280659704468167e-02  0  0  0  0  1  1  1  0  1  1  0  0  0  0  0  0
  2.7604732927977382e-05  0  0  0  0  2  0  2  0  0  0  1  0  0  0  0  0
  3.4842571066429672e-03  0  0  0  0  1  0  2  1  0  1  0  0  0  0  0  0
 -4.7443072074084659e-04  1  0  1  0  0  0  0  0  1  0  0  2  0  0  0  0
 -3.1073926503024360e-08  0  0  0  0  2  0  1  0  0  0  0  0  0  0  0  0
 -4.9201866512522403e-02  0  0  0  0  0  0  0  0  0  1  0  0  0  1  1  2
 -6.9374783858415364e-09  0  0  1  0  0  0  1  0  0  0  1  0  0  0  0  0
  1.5551060797758681e-03  1  0  0  0  0  0  0  0  1  0  1  2  0  0  0  0
 -4.5597892869177368e-03  0  0  0  0  2  1  0  1  1  0  0  0  0  0  0  0
  4.4687119753649470e-03  0  0  1  0  0  0  0  0  0  2  2  0  0  0  0  0
 -1.9755016172788739e-10  1  0  0  0  0  0  0  0  0  0  0  1  0  1  0  0
 -2.4736006201387777e-04  0  0  0  0  0  0  3  2  0  0  0  0  0  0  0  0
 -1.2064502774172784e-09  0  0  0  0  0  0  1  0  1  0  0  0  1  0  0  0
  6.9686762753544615e-02  0  0  0  0  0  0  0  0  0  0  1  0  1  1  1  1
  1.5683298327816291e-03  0  1  0  0  0  0  0  0  3  0  0  1  0  0  0  0
 -1.2369878597906575e-10  0  0  0  0  0  0  0  1  0  1  0  0  1  0  0  0
 -4.8718894827485267e-02  0  0  0  0  0  0  0  0  1  0  0  0  1  0  1  2
 -4.8603071976445449e-05  0  0  2  1  0  0  0  0  1  1  0  0  0  0  0  0
 -3.9189983872394592e-03  0  0  0  0  0  0  2  1  1  1  0  0  0  0  0  0
  5.0777303741868347e-08  4  0  1  0  0  0  0  0  0  0  0  0  0  0  0  0
  1.4187327131582037e-02  0  0  0  0  0  0  0  0  0  0  5  0  0  0  0  0
  6.5461871402817663e-05  2  0  0  1  0  0  0  0  1  1  0  0  0  0  0  0
  2.5913874865539496e-04  2  1  0  0  0  0  0  0  1  0  0  1  0  0  0  0
 -2.7785774302735501e-05  0  0  0  0  0  0  0  0  0  2  0  0  0  0  1  0
 -1.0406282938144030e-10  1  0  0  0  0  0  0  0  0  0  1  0  1  0  0  0
 -1.4389432027935578e-01  0  0  0  0  0  0  0  0  0  1  1  1  0  1  0  1
  2.6528108937288919e-01  0  0  0  0  0  0  0  0  0  2  2  0  0  0  1  0
  9.1232970390983575e-02  0  0  0  0  0  0  0  0  2  0  1  1  0  0  0  1
  1.1575420715364299e-05  0  1  0  3  0  0  0  0  1  0  0  0  0  0  0  0
  1.4389432027935581e-01  0  0  0  0  0  0  0  0  0  1  1  1  1  0  1  0
 -5.9368553646924609e-02  0  0  0  0  0  0  0  0  3  1  0  1  0  0  0  0
  6.9904476678476310e-02  0  0  0  0  0  0  0  0  1  0  2  0  0  1  0  1
 -2.6491779994467082e-04  0  0  0  0  3  0  0  0  1  0  1  0  0  0  0  0
 -3.8860991869673120e-04  1  0  1  1  0  0  0  0  0  1  1  0  0  0  0  0
  2.3451937977538934e-02  0  0  0  0  0  2  1  0  0  0  2  0  0  0  0  0
  5.0819205051175957e-04  1  1  0  1  0  0  0  0  2  0  0  0  0  0  0  0
 -4.1941571462467181e-07  0  0  0  2  0  0  0  0  0  0  1  0  0  0  0  0
 -8.1225357779581808e-05  1  2  0  1  0  0  0  0  0  1  0  0  0  0  0  0
 -7.5467958517963812e-02  0  0  0  0  0  0  0  0  0  2  0  1  0  0  1  1
  6.1335096671265701e-02  0  0  0  0  0  0  0  0  0  0  1  1  0  2  0  1
  6.9389500682222538e-05  0  3  1  0  0  0  0  0  0  1  0  0  0  0  0  0
  1.5114683252518675e-02  0  0  0  0  0  0  0  0  0  3  0  1  1  0  0  0
  7.1564301836821746e-06  0  2  1  2  0  0  0  0  0  0  0  0  0  0  0  0
  3.0461941960129760e-02  0  0  0  0  0  0  0  0  1  0  0  1  0  3  0  0
 -2.0189603800627783e-09  0  0  0  1  1  1  0  0  0  0  0  0  0  0  0  0
 -5.9617771308011094e-04  0  0  0  1  0  0  0  0  1  1  0  2  0  0  0  0
  1.3042325492626641e-05  0  0  0  0  0  0  0  0  0  1  0  1  1  0  0  0
  2.1020459683159229e-05  0  2  3  0  0  0  0  0  0  0  0  0  0  0  0  0
 -2.2320053928967751e-04  2  0  0  0  0  0  0  0  0  2  1  0  0  0  0  0
  2.8480236094903011e-07  0  0  0  1  0  0  0  0  1  1  0  0  0  0  0  0
  4.7953392770833832e-02  0  0  0  0  0  0  0  0  2  0  0  2  0  0  1  0
  1.0297621274339289e-04  0  0  1  2  0  0  0  0  0  2  0  0  0  0  0  0
  1.1385550263502607e-06  0  0  0  0  0  0  1  2  0  0  0  0  0  0  0  0
  5.1421545518408049e-05  1  0  2  1  0  0  0  0  0  1  0  0  0  0  0  0
 -7.5942090855428857e-02  0  0  0  0  0  1  1  0  0  1  2  0  0  0  0  0
  3.9766337233156724e-03  0  0  0  0  0  2  0  1  1  1  0  0  0  0  0  0
 -2.2218188747222895e-11  0  0  0  0  0  0  1  1  0  0  0  0  0  0  0  1
  8.9050602155724204e-02  0  0  0  0  0  0  0  0  1  1  0  0  2  0  0  1
 -5.3505501663289350e-06  0  0  0  0  0  0  0  0  0  0  1  0  0  0  0  2
  3.2788346929314660e-09  1  0  0  0  0  1  0  0  0  0  0  1  0  0  0  0
  3.6494664598979311e-08  0  0  0  0  0  0  0  0  0  0  1  0  0  0  0  0
 -3.0273191922373929e-02  0  0  0  0  1  0  0  1  1  0  1  1  0  0  0  0
  1.1172383669134870e-02  0  0  0  0  0  0  0  0  3  0  0  0  1  0  1  0
 -2.9077771054150370e-02  0  0  0  0  1  1  0  0  2  0  0  1  0  0  0  0
  8.9140396655146437e-03  0  0  0  0  0  0  0  2  1  1  0  1  0  0  0  0
  4.6210668272780503e-05  2  0  1  0  0  0  0  0  0  0  0  2  0  0  0  0
 -2.0581585984763352e-05  0  0  0  0  0  0  0  0  0  0  3  0  0  0  0  0
  5.2064072831526227e-06  0  0  0  0  1  1  0  1  0  0  0  0  0  0  0  0
 -6.9369156185187917e-05  0  0  1  2  0  0  0  0  0  0  0  2  0  0  0  0
  5.0469842887169332e-03  0  0  0  0  0  3  1  0  0  1  0  0  0  0  0  0
  4.4571030446408815e-04  0  0  2  0  0  0  0  0  0  0  3  0  0  0  0  0
 -3.2795951518502071e-02  0  0  0  0  0  1  0  0  1  0  2  1  0  0  0  0
 -2.3305312858339440e-07  0  0  0  0  2  0  0  0  0  0  1  0  0  0  0  0
  1.5490139239689318e-04  0  0  1  1  0  0  0  0  0  0  0  3  0  0  0  0
 -2.0904511639745389e-02  0  0  0  0  0  0  0  0  0  0  1  1  0  0  0  3
 -3.4370845797449887e-10  0  0  1  0  0  0  0  0  0  0  0  0  0  0  2  0
 -4.3463520024699455e-04  0  1  0  1  0  0  0  0  1  2  0  0  0  0  0  0
 -4.1892406589804608e-02  0  0  0  0  0  0  0  0  0  2  1  0  0  0  0  2
  2.7044489933743200e-06  1  3  0  0  0  0  0  0  0  0  0  1  0  0  0  0
 -1.4909633827643049e-05  0  0  0  0  0  0  0  0  0  0  1  0  0  0  2  0
 -2.0790196161685857e-04  0  3  0  0  0  0  0  0  0  1  1  0  0  0  0  0
 -7.8640881260892605e-03  0  0  0  0  1  0  0  2  0  1  0  1  0  0  0  0
 -7.2814384712393284e-10  0  0  0  1  0  0  1  0  0  0  0  1  0  0  0  0
 -3.4661704475670864e-09  1  0  0  0  1  0  1  0  0  0  0  0  0  0  0  0
 -1.1923554261602221e-03  0  0  1  0  0  0  0  0  1  1  1  1  0  0  0  0
  4.6146374992050079e-10  0  0  0  1  0  0  0  0  0  0  0  1  0  0  1  0
 -6.0539448196226019e-03  0  0  0  0  0  0  3  0  0  0  2  0  0  0  0  0
 -2.4017160842648683e-10  0  0  0  0  0  0  0  2  0  0  0  0  0  0  1  0
 -8.9523424593239351e-02  0  0  0  0  0  0  0  0  1  2  0  0  0  1  0  1
  8.8653017064657948e-05  1  1  0  2  0  0  0  0  0  0  0  1  0  0  0  0
 -4.1194788977652635e-02  0  0  0  0  0  0  0  0  0  0  0  2  1  1  0  1
  2.8050399504058918e-04  1  1  1  1  0  0  0  0  0  0  1  0  0  0  0  0
 -5.3621893063718318e-04  1  0  0  1  0  0  0  0  2  1  0  0  0  0  0  0
 -3.8838485288687241e-09  1  0  0  0  0  1  0  1  0  0  0  0  0  0  0  0
  2.1285723990218747e-02  0  0  0  0  0  0  0  0  0  0  0  0  0  2  1  2
  7.4703087226157538e-02  0  0  0  0  0  0  0  0  0  1  0  2  1  0  0  1
 -4.1427905223659339e-10  0  0  0  0  0  0  1  0  0  1  0  0  0  1  0  0
 -8.2142196252994099e-02  0  0  0  0  0  0  0  0  0  1  0  0  0  1  3  0
 -1.1715764345046605e-06  1  0  0  0  0  0  0  0  1  0  1  0  0  0  0  0
 -6.9904476678476310e-02  0  0  0  0  0  0  0  0  1  0  2  0  1  0  1  0
  2.7110806668634857e-03  0  1  0  0  0  0  0  0  0  1  3  0  0  0  0  0
  1.3563457517062407e-06  1  0  0  0  0  0  0  0  0  1  0  1  0  0  0  0
 -9.6492863420815245e-03  0  0  0  0  1  2  0  0  1  0  1  0  0  0  0  0
 -1.5778565087013550e-02  0  0  0  0  0  0  0  0  1  0  0  0  1  0  3  0
 -1.4794347896654004e-02  0  0  0  0  1  0  1  0  1  0  0  2  0  0  0  0
  3.9487050310581012e-04  0  1  0  1  0  0  0  0  1  0  2  0  0  0  0  0
  7.3990498840076045e-03  0  0  0  0  0  1  0  2  0  1  1  0  0  0  0  0
  4.2781369435994445e-12  1  0  1  0  0  0  0  0  0  0  0  0  1  0  0  0
 -5.8003983967056617e-05  2  0  1  1  0  0  0  0  0  0  0  1  0  0  0  0
 -4.3650292827677852e-06  0  0  0  0  0  1  0  1  1  0  0  0  0  0  0  0
  4.6072707844004035e-04  0  0  0  0  1  3  0  1  0  0  0  0  0  0  0  0
 -1.9790480844087175e-06  0  0  3  2  0  0  0  0  0  0  0  0  0  0  0  0
 -3.4355166862901020e-03  0  0  0  0  0  0  1  2  0  0  0  2  0  0  0  0
  1.7644736338495299e-02  0  0  0  0  0  0  0  0  0  1  0  0  1  0  0  3
  1.6399306341921182e-06  0  2  0  0  0  0  0  0  0  0  1  0  0  0  0  0
  1.4749359205652735e-02  0  0  0  0  0  0  1  1  0  0  2  1  0  0  0  0
 -1.5136595961186963e-02  0  0  0  0  0  1  1  0  0  1  0  2  0  0  0  0
  7.8082166884525534e-10  0  0  0  0  0  1  0  0  0  1  0  0  0  0  1  0
 -4.5959757218519602e-07  1  0  0  1  0  0  0  0  0  1  0  0  0  0  0  0
 -3.7022946631734471e-02  0  0  0  0  0  0  0  0  0  0  1  2  2  0  0  0
  1.7420911869784672e-10  0  1  0  0  0  0  0  0  0  0  0  0  1  0  0  1
 -2.9557812460241459e-02  0  0  0  0  0  0  0  0  0  1  0  3  1  0  0  0
 -2.5779350079340471e-04  0  1  1  1  0  0  0  0  1  0  1  0  0  0  0  0
  7.4229179783045315e-02  0  0  0  0  0  0  1  0  0  2  2  0  0  0  0  0
 -3.3377622027073311e-03  0  0  0  0  0  0  0  0  0  0  0  0  0  0  1  4
  1.3705993978424175e-01  0  0  0  0  0  0  0  0  1  1  1  0  1  1  0  0
  3.7434243699432448e-05  0  0  0  0  0  0  0  0  2  0  1  0  0  0  0  0
 -1.3850740718094053e-02  0  0  0  0  1  0  1  0  1  0  2  0  0  0  0  0
  5.0260380739383520e-02  0  0  0  0  0  0  0  0  0  0  2  1  1  1  0  0
 -3.3377622027073311e-03  0  0  0  0  0  0  0  0  0  0  0  0  0  0  5  0
 -9.7803085519387580e-10  0  0  0  0  1  0  0  0  0  0  0  1  0  1  0  0
  3.9913149268825065e-04  1  0  0  0  0  0  0  0  1  0  3  0  0  0  0  0
  1.0032118158312108e-06  0  0  1  0  0  0  0  0  0  0  0  2  0  0  0  0
  3.7022946631734478e-02  0  0  0  0  0  0  0  0  0  0  1  2  0  0  0  2
  1.1943319088676320e-05  0  0  0  0  0  0  0  0  1  0  0  0  1  0  1  0
  3.7022946631734478e-02  0  0  0  0  0  0  0  0  0  0  1  2  0  0  2  0
  6.3825241534159666e-02  0  0  0  0  0  0  0  0  1  1  0  3  0  0  0  0
  1.1790216295765647e-01  0  0  0  0  0  0  0  0  1  0  0  1  1  0  1  1
  2.4914767133876206e-02  0  0  0  0  1  1  0  0  0  0  2  1  0  0  0  0
  1.7313386504844380e-03  0  0  0  0  0  2  3  0  0  0  0  0  0  0  0  0
 -6.8694187346914849e-06  0  0  0  0  0  0  0  0  0  0  0  0  2  0  1  0
 -6.4138977968785456e-04  1  1  1  0  0  0  0  0  0  0  1  1  0  0  0  0
 -5.9179285486796291e-06  3  0  1  0  0  0  0  0  1  0  0  0  0  0  0  0
 -2.9805043201898453e-02  0  0  0  0  0  0  0  0  0  4  0  0  0  0  1  0
  1.3652596219566954e-02  0  0  0  0  1  0  1  1  1  0  0  1  0  0  0  0
 -7.3315339215481671e-05  2  0  1  0  0  0  0  0  0  0  2  0  0  0  0  0
  2.8266103309941008e-02  0  0  0  0  0  0  0  0  1  3  0  0  0  0  0  1
 -5.4850420204438271e-03  0  0  0  0  0  1  3  0  0  1  0  0  0  0  0  0
  1.2061425596821031e-02  0  0  0  0  0  0  0  0  0  0  0  0  2  0  3  0
  3.9368533320512742e-03  0  0  0  0  0  0  1  2  0  2  0  0  0  0  0  0
  1.0568513172563704e-01  0  0  0  0  0  0  0  0  1  1  0  1  0  0  0  2
  3.4760953822467841e-02  0  0  0  0  0  0  0  0  0  0  1  0  2  2  0  0
  4.6470417719067958e-04  0  0  1  1  0  0  0  0  0  0  2  1  0  0  0  0
  4.2126878714206552e-10  0  0  0  0  0  0  0  1  0  0  1  0  0  0  0  1
 -2.8492274214827917e-02  0  0  0  0  1  0  0  0  1  2  1  0  0  0  0  0
  6.0838405519265170e-10  0  0  0  0  0  0  1  0  0  0  0  0  2  0  0  0
 -6.8710333725802049e-03  0  0  0  0  0  0  2  1  0  0  1  1  0  0  0  0
 -9.0139941841538159e-10  0  0  2  0  0  0  1  0  0  0  0  0  0  0  0  0
  6.1165667269800904e-02  0  0  0  0  0  0  0  0  1  0  1  0  1  0  0  2
 -2.6281472871807619e-02  0  0  0  0  0  0  0  0  2  0  0  0  2  0  1  0
  3.6400270159447109e-04  0  0  0  0  0  3  0  0  1  0  0  1  0  0  0  0
 -1.0568513172563702e-01  0  0  0  0  0  0  0  0  1  1  0  1  2  0  0  0
  4.3390298796787278e-03  0  0  0  0  0  2  1  0  0  0  0  2  0  0  0  0
 -2.2807528803863851e-02  0  0  0  0  1  1  1  0  0  0  1  1  0  0  0  0
 -2.6184281333325003e-03  0  0  0  0  0  0  0  3  0  0  1  1  0  0  0  0
 -2.5218945242214347e-01  0  0  0  0  0  0  0  0  1  1  1  1  0  0  1  0
 -1.4532080752991200e-01  0  0  0  0  0  0  0  0  1  0  1  1  1  0  0  1
 -1.2948301734008514e-02  0  0  0  0  0  1  0  1  1  2  0  0  0  0  0  0
  3.6400270159447120e-04  0  0  0  0  3  0  0  0  0  1  0  1  0  0  0  0
  4.6146374992049945e-10  0  0  1  0  0  0  0  0  0  0  0  1  0  0  0  1
 -8.2600126360630622e-03  0  0  0  0  0  0  0  0  0  0  0  0  4  0  1  0
  8.6780597593574572e-03  0  0  0  0  2  0  0  1  0  0  1  1  0  0  0  0
  1.6231874930393866e-02  0  0  0  0  0  0  0  0  0  0  0  1  0  0  1  3
  2.5223523339716951e-10  0  0  0  0  0  2  0  0  0  0  0  0  0  0  1  0
 -7.7874535809318592e-05  2  1  0  1  0  0  0  0  1  0  0  0  0  0  0  0
  3.7630927410846594e-02  0  0  0  0  0  0  0  1  0  2  1  1  0  0  0  0
  2.7936429557134622e-02  0  0  0  0  0  1  1  0  2  1  0  0  0  0  0  0
  9.4886144148169317e-04  1  0  1  0  0  0  0  0  0  1  1  1  0  0  0  0
  1.5495821408288460e-04  0  2  1  0  0  0  0  0  0  0  0  2  0  0  0  0
  8.6993824974521627e-02  0  0  0  0  0  0  0  0  1  1  0  0  0  2  0  1
 -5.7798729354380880e-04  1  0  0  0  0  0  0  0  0  1  0  3  0  0  0  0
 -3.2069488984392739e-04  1  1  0  1  0  0  0  0  0  0  0  2  0  0  0  0
 -4.5652623825563637e-04  0  0  0  0  2  2  1  0  0  0  0  0  0  0  0  0
  1.5814594354987737e-09  0  0  0  0  0  1  0  0  0  0  1  0  0  1  0  0
  6.7682198628247700e-04  0  2  1  0  0  0  0  0  0  0  2  0  0  0  0  0
  2.5671065784164174e-06  3  0  0  1  0  0  0  0  0  1  0  0  0  0  0  0
 -1.6675642418010329e-11  0  0  0  0  0  1  0  1  0  0  0  0  1  0  0  0
  2.7820344847945912e-05  3  0  0  0  0  0  0  0  1  0  1  0  0  0  0  0
 -5.8364160295412124e-02  0  0  0  0  0  0  0  0  0  1  0  1  1  0  2  0
 -6.2899811031510877e-02  0  0  0  0  0  0  0  0  1  0  0  1  0  1  2  0
 -2.9080891206719481e-04  2  0  0  0  0  0  0  0  0  0  1  2  0  0  0  0
  2.9080891206719481e-04  0  0  0  2  0  0  0  0  0  0  1  2  0  0  0  0
  3.0991642816576920e-04  2  0  0  1  0  0  0  0  0  0  1  1  0  0  0  0
  1.1790216295765649e-01  0  0  0  0  0  0  0  0  0  1  0  1  0  1  1  1
  1.3652596219566954e-02  0  0  0  0  0  1  1  1  0  1  0  1  0  0  0  0
  1.1032913802438030e-01  0  0  0  0  0  0  0  0  2  1  0  1  1  0  0  0
 -5.6162550757579157e-04  0  0  0  0  2  0  1  0  0  2  0  0  0  0  0  0
 -2.9080891206719481e-04  0  2  0  0  0  0  0  0  0  0  1  2  0  0  0  0
  4.9980550697863137e-11  0  2  0  0  0  0  0  0  0  0  0  0  0  0  1  0
 -5.3090561181447595e-04  0  0  0  1  0  0  0  0  1  1  2  0  0  0  0  0
 -3.6768248108489589e-09  0  0  1  0  0  0  0  0  0  0  0  0  0  0  0  0
  2.5208118908552741e-03  0  0  0  0  0  0  3  0  2  0  0  0  0  0  0  0
  1.1879506647151062e-02  0  0  0  0  1  1  1  1  0  0  1  0  0  0  0  0
  5.2470315407519465e-10  0  0  0  0  0  0  1  0  0  0  0  0  0  2  0  0
 -9.0639679179805616e-02  0  0  0  0  0  0  0  0  0  1  1  0  2  1  0  0
  1.2829632525614964e-09  0  0  1  0  1  0  0  0  1  0  0  0  0  0  0  0
 -5.1230732532971027e-07  0  0  1  1  0  0  0  0  0  0  0  1  0  0  0  0
 -9.4106219673929653e-03  0  0  0  0  0  0  0  2  0  2  1  0  0  0  0  0
  1.2103215506987039e-04  1  0  2  0  0  0  0  0  1  0  1  0  0  0  0  0
 -8.6600721202182450e-10  0  0  0  0  0  0  1  0  0  0  0  0  0  0  2  0
 -9.6942071722684163e-07  2  0  3  0  0  0  0  0  0  0  0  0  0  0  0  0
  1.0652966504653715e-03  0  0  0  0  0  0  3  1  0  0  0  1  0  0  0  0
 -4.2834642533589158e-02  0  0  0  0  0  0  0  0  0  0  2  0  1  1  0  1
  8.0691348927781052e-10  0  0  1  0  0  2  0  0  0  0  0  0  0  0  0  0
  1.3386391322741919e-02  0  0  0  0  1  1  0  1  0  2  0  0  0  0  0  0
  1.5818619259194978e-10  0  0  0  0  1  0  0  0  0  0  0  0  0  1  0  1
  1.2909235309466983e-02  0  0  0  0  1  1  0  1  2  0  0  0  0  0  0  0
  1.6696792430132109e-02  0  0  0  0  0  0  1  1  1  1  1  0  0  0  0  0
  3.9092624219964168e-04  0  0  0  1  0  0  0  0  3  1  0  0  0  0  0  0
  1.5794638514988263e-05  0  0  0  0  0  0  1  0  0  0  2  0  0  0  0  0
 -1.5716054835723874e-03  0  0  1  0  0  0  0  0  0  4  0  0  0  0  0  0
 -1.9965634447482197e-02  0  0  0  0  1  0  0  0  3  0  1  0  0  0  0  0
 -1.4402963675775675e-05  2  1  1  0  0  0  0  0  0  1  0  0  0  0  0  0
 -1.2889675039670236e-04  1  0  2  0  0  0  0  0  0  1  0  1  0  0  0  0
 -1.2368003100693889e-04  0  0  0  0  0  0  5  0  0  0  0  0  0  0  0  0
  1.8359778741335521e-02  0  0  0  0  0  0  1  0  0  2  0  2  0  0  0  0
  1.4613417688861735e-01  0  0  0  0  0  0  0  0  0  1  3  0  0  1  0  0
  1.3850740718094050e-02  0  0  0  0  0  1  0  1  1  0  2  0  0  0  0  0
  7.7874535809318579e-05  1  2  1  0  0  0  0  0  1  0  0  0  0  0  0  0
  4.1282592556628796e-06  0  0  0  0  1  0  1  0  1  0  0  0  0  0  0  0
 -8.9792455448367229e-03  0  0  0  0  0  1  0  1  3  0  0  0  0  0  0  0
  5.9275381362879166e-02  0  0  0  0  0  0  0  0  0  2  0  0  0  0  3  0
 -1.6202444921526091e-02  0  0  0  0  0  2  0  0  0  0  3  0  0  0  0  0
  2.0860179830396841e-02  0  0  0  0  0  2  0  0  2  0  1  0  0  0  0  0
  7.5695035257955653e-05  0  0  0  0  0  0  0  0  0  2  1  0  0  0  0  0
  3.3701138162495494e-03  0  0  0  0  2  0  1  0  0  0  0  2  0  0  0  0
 -1.2559489999397599e-02  0  0  0  0  0  0  0  0  2  0  0  0  0  2  1  0
  5.9495817053918008e-09  1  0  0  0  1  0  0  0  0  0  1  0  0  0  0  0
  3.1444530574414264e-02  0  0  0  0  1  0  0  0  1  0  1  2  0  0  0  0
 -1.7339618806314263e-03  1  0  0  0  0  0  0  0  0  1  2  1  0  0  0  0
  1.0942139940286148e-05  0  0  0  0  0  2  0  0  0  0  1  0  0  0  0  0
 -2.9592598700208295e-02  0  0  0  0  0  0  0  0  0  0  0  2  0  0  1  2
 -9.8952404220435875e-07  0  0  5  0  0  0  0  0  0  0  0  0  0  0  0  0
 -1.9703367443774759e-02  0  0  0  0  0  0  1  0  0  4  0  0  0  0  0  0
 -1.3109021374763305e-10  0  0  1  1  0  0  0  1  0  0  0  0  0  0  0  0
  2.7044489933743200e-06  3  1  0  0  0  0  0  0  0  0  0  1  0  0  0  0
 -2.3416442190590538e-05  3  0  0  0  0  0  0  0  0  1  0  1  0  0  0  0
 -2.5438760867950022e-03  0  1  1  0  0  0  0  0  0  1  2  0  0  0  0  0
 -1.1172383669134868e-02  0  0  0  0  0  0  0  0  3  0  0  0  0  1  0  1
  1.2799660705506732e-03  0  0  1  0  0  0  0  0  0  2  0  2  0  0  0  0
  2.5120735179981684e-02  0  0  0  0  0  0  0  0  0  0  1  0  0  4  0  0
  2.9080891206719487e-04  0  0  2  0  0  0  0  0  0  0  1  2  0  0  0  0
  3.6719557482671049e-02  0  0  0  0  0  0  0  1  2  0  1  1  0  0  0  0
 -5.2025194898481009e-02  0  0  0  0  0  0  0  0  1  0  1  0  1  2  0  0
 -1.1130270433916994e-02  0  0  0  0  0  2  2  0  0  0  1  0  0  0  0  0
  1.2813975612118273e-02  0  0  0  0  0  0  2  0  0  0  3  0  0  0  0  0
 -1.3092140666662504e-03  0  0  0  0  0  0  3  0  0  0  0  2  0  0  0  0
  4.9164530685509127e-03  0  0  0  0  0  0  1  1  0  0  0  3  0  0  0  0
  1.1541135069924498e-06  0  1  1  0  0  0  0  0  0  1  0  0  0  0  0  0
  7.5123757812615773e-10  2  0  0  0  0  0  1  0  0  0  0  0  0  0  0  0
 -4.1723059709506111e-05  1  0  1  2  0  0  0  0  1  0  0  0  0  0  0  0
  1.6231874930393870e-02  0  0  0  0  0  0  0  0  0  0  0  1  0  0  3  1
 -4.7075502854753559e-04  0  0  0  2  0  0  0  0  0  2  1  0  0  0  0  0
  1.2948301734008516e-02  0  0  0  0  1  0  1  0  1  2  0  0  0  0  0  0
  1.7404935762431275e-03  0  1  0  0  0  0  0  0  1  2  0  1  0  0  0  0
  8.8653017064657948e-05  1  1  2  0  0  0  0  0  0  0  0  1  0  0  0  0
  5.1627782807214195e-02  0  0  0  0  0  0  0  0  0  0  2  0  2  0  1  0
  2.8796420863547974e-03  0  0  0  0  0  0  0  0  2  0  0  0  0  0  3  0
  1.5114683252518668e-02  0  0  0  0  0  0  0  0  3  0  0  1  0  1  0  0
 -3.7585046936761621e-10  0  1  0  0  0  0  0  0  1  0  0  0  0  0  0  1
 -1.2276578273616620e-02  0  0  0  0  0  0  0  0  0  3  0  0  1  0  0  1
 -4.5195500324173533e-03  0  1  0  0  0  0  0  0  2  1  1  0  0  0  0  0
  4.0515503550227842e-06  0  0  0  0  0  0  0  0  0  0  0  0  0  0  3  0
 -9.5590836613141141e-06  0  0  0  0  0  0  0  0  0  0  0  1  0  0  1  1
  8.3586159997163951e-05  0  0  3  0  0  0  0  0  2  0  0  0  0  0  0  0
 -3.8260791558523226e-05  0  0  0  0  0  0  0  0  1  1  0  1  0  0  0  0
 -3.2797963800461636e-03  0  0  0  0  0  1  1  2  0  1  0  0  0  0  0  0
 -3.3117877813941206e-11  0  1  1  0  0  0  0  0  0  0  0  0  0  1  0  0
  6.7866487333812647e-04  0  0  0  0  2  1  1  0  0  1  0  0  0  0  0  0
 -1.6445834713113422e-01  0  0  0  0  0  0  0  0  0  2  3  0  0  0  0  0
 -7.6515147266201537e-13  1  1  0  0  0  0  0  1  0  0  0  0  0  0  0  0
 -8.9140396655146437e-03  0  0  0  0  0  2  0  0  1  1  0  1  0  0  0  0
 -3.8357960188921939e-04  0  1  0  1  0  0  0  0  3  0  0  0  0  0  0  0
  1.6080203139746924e-02  0  0  0  0  1  0  0  1  0  1  0  2  0  0  0  0
  1.0179054343982407e-05  0  0  0  0  0  1  0  0  1  0  0  1  0  0  0  0
 -5.9793563201345613e-10  0  0  0  0  1  0  0  0  0  1  0  0  0  0  0  1
  1.9598644052031570e-05  0  0  4  0  0  0  0  0  0  0  1  0  0  0  0  0
  2.8374654263164073e-02  0  0  0  0  0  0  0  0  0  0  3  2  0  0  0  0
  7.5200272959882211e-10  0  2  0  0  0  0  1  0  0  0  0  0  0  0  0  0
 -1.1575420715364297e-05  1  0  3  0  0  0  0  0  1  0  0  0  0  0  0  0
 -4.3430529571245012e-02  0  0  0  0  0  0  0  0  0  0  1  0  2  0  2  0
 -1.0155535237264854e-05  0  0  0  0  0  0  0  0  1  0  0  0  0  1  0  1
  4.3699045768596768e-02  0  0  0  0  0  0  0  0  0  2  0  0  1  1  0  1
 -5.1177568626423371e-04  0  0  0  1  0  0  0  0  0  0  3  1  0  0  0  0
  3.0234411346022867e-06  3  1  0  1  0  0  0  0  0  0  0  0  0  0  0  0
 -5.1163470759274319e-06  0  0  0  0  1  0  0  1  0  1  0  0  0  0  0  0
 -4.4543893045288337e-02  0  0  0  0  0  0  0  0  0  1  0  0  1  2  0  1
 -4.6640445456390773e-03  0  0  0  0  1  2  0  1  0  1  0  0  0  0  0  0
  1.3622558071216347e-05  0  0  1  3  0  0  0  0  0  0  0  1  0  0  0  0
  3.2321670481404768e-09  0  0  0  0  0  0  1  0  0  0  1  0  0  0  1  0
  6.5205725437185611e-03  0  0  0  0  1  0  2  0  1  0  1  0  0  0  0  0
 -1.3946994656632962e-02  0  0  0  0  1  0  0  1  2  1  0  0  0  0  0  0
  3.1905485746306410e-02  0  0  0  0  0  1  1  0  0  3  0  0  0  0  0  0
  1.8815463705423297e-02  0  0  0  0  0  0  1  0  2  0  0  2  0  0  0  0
 -2.4867436298567302e-03  0  0  0  0  2  0  1  0  2  0  0  0  0  0  0  0
 -2.3416442190590534e-05  0  3  0  0  0  0  0  0  1  0  0  1  0  0  0  0
  2.5599321411013468e-03  0  0  0  1  0  0  0  0  2  0  1  1  0  0  0  0
 -9.7803085519387311e-10  0  0  0  0  0  1  0  0  0  0  0  1  1  0  0  0
 -1.0377291745270469e-02  0  0  0  0  0  3  0  0  0  1  1  0  0  0  0  0
 -6.6064439440373802e-05  2  0  0  2  0  0  0  0  0  0  1  0  0  0  0  0
 -3.7022946631734478e-02  0  0  0  0  0  0  0  0  0  0  1  2  0  2  0  0
  1.1385550263502605e-06  0  0  0  0  0  0  3  0  0  0  0  0  0  0  0  0
 -7.8640881260892605e-03  0  0  0  0  0  1  2  0  1  0  0  1  0  0  0  0
 -4.6917137758788526e-03  0  1  0  0  0  0  0  0  0  3  1  0  0  0  0  0
  8.7018551968134419e-02  0  0  0  0  0  0  0  0  0  1  1  2  0  1  0  0
 -7.6766352939635035e-04  0  0  1  0  0  0  0  0  0  0  2  2  0  0  0  0
 -7.4995509061199142e-06  0  0  0  0  0  0  2  0  0  0  1  0  0  0  0  0
 -4.3632086612344157e-11  0  0  2  0  0  0  0  0  0  0  0  0  0  0  1  0
  6.7402276324990988e-03  0  0  0  0  0  2  0  1  0  0  1  1  0  0  0  0
  5.8471169352779392e-04  1  0  0  1  0  0  0  0  0  1  0  2  0  0  0  0
  3.3089925998375427e-03  0  0  1  0  0  0  0  0  2  0  2  0  0  0  0  0
 -1.8694158594950973e-02  0  0  0  0  0  0  0  1  1  1  0  2  0  0  0  0
 -1.8881627464746547e-03  1  1  0  0  0  0  0  0  0  2  0  1  0  0  0  0
  4.7146563061878338e-11  1  0  0  0  0  0  0  0  0  0  0  0  0  1  0  1
 -5.2253178287350238e-02  0  0  0  0  0  0  0  0  0  2  0  1  1  1  0  0
  3.2788346929314676e-09  0  1  0  0  1  0  0  0  0  0  0  1  0  0  0  0
 -5.2253178287350238e-02  0  0  0  0  0  0  0  0  2  0  0  1  1  1  0  0
  4.5616485195491788e-02  0  0  0  0  0  0  0  0  0  2  0  2  0  0  1  0
 -2.9077771054150377e-02  0  0  0  0  1  1  0  0  0  2  0  1  0  0  0  0
  2.0111416573248744e-01  0  0  0  0  0  0  0  0  1  1  1  0  0  0  1  1
 -1.8647632954814242e-04  0  2  0  0  0  0  0  0  1  1  0  1  0  0  0  0
  9.4108129724159407e-05  2  0  0  0  0  0  0  0  0  0  3  0  0  0  0  0
 -1.3873831237037583e-04  0  0  2  1  0  0  0  0  0  0  1  1  0  0  0  0
  7.6743557456000625e-04  0  1  2  0  0  0  0  0  0  1  1  0  0  0  0  0
 -2.7522847249451328e-03  0  0  1  0  0  0  0  0  2  2  0  0  0  0  0  0
 -1.0003924569004304e-03  0  0  0  0  1  0  3  0  1  0  0  0  0  0  0  0
  1.4690311840394666e-05  0  0  0  0  0  0  0  0  0  0  1  0  0  2  0  0
 -6.5956025543019642e-04  0  0  1  1  0  0  0  0  2  0  0  1  0  0  0  0
  2.9103749407433673e-10  0  1  0  0  0  0  0  0  0  0  1  0  0  1  0  0
 -2.0269486385273306e-02  0  0  0  0  0  0  0  0  0  0  3  0  2  0  0  0
 -2.9715795259546093e-02  0  0  0  0  0  0  0  0  1  0  1  0  3  0  0  0
  1.4794347896654009e-02  0  0  0  0  0  1  0  1  1  0  0  2  0  0  0  0
  2.4428993481587629e-11  0  0  0  0  1  0  1  0  0  0  0  0  1  0  0  0
  9.8131042037453032e-03  0  0  0  0  0  0  0  1  1  3  0  0  0  0  0  0
 -3.2795951518502064e-02  0  0  0  0  1  0  0  0  0  1  2  1  0  0  0  0
 -2.1791744797401216e-01  0  0  0  0  0  0  0  0  0  2  1  0  0  0  2  0
  4.8718894827485253e-02  0  0  0  0  0  0  0  0  1  0  0  0  0  1  2  1
 -3.4730356847913702e-07  0  1  0  1  0  0  0  0  1  0  0  0  0  0  0  0
  5.9802391699847368e-06  0  0  0  0  0  0  0  0  0  0  0  2  0  0  1  0
 -3.1343983093855894e-02  0  0  0  0  0  0  0  0  2  2  0  0  0  0  1  0
 -2.9588695793308015e-02  0  0  0  0  0  1  0  1  0  1  1  1  0  0  0  0
 -6.9979531658036486e-05  0  0  0  3  0  0  0  0  0  0  1  1  0  0  0  0
 -9.8952404220435875e-07  0  0  1  4  0  0  0  0  0  0  0  0  0  0  0  0
 -2.5473484599803964e-04  1  2  0  0  0  0  0  0  1  0  1  0  0  0  0  0
 -7.2792703502468012e-03  0  0  0  0  0  0  0  0  0  0  0  4  0  0  1  0
  9.7483712437313238e-03  0  0  0  0  1  2  0  0  0  1  0  1  0  0  0  0
 -3.1356767459618087e-02  0  0  0  0  0  0  0  0  0  0  2  0  0  0  1  2
  1.4054491304992070e-09  0  0  0  0  0  0  0  1  0  0  0  1  0  0  1  0
 -2.6342819621171711e-03  0  0  0  0  0  0  1  0  0  0  0  4  0  0  0  0
  4.8965027822107719e-05  0  2  0  1  0  0  0  0  1  1  0  0  0  0  0  0
 -1.7817532787189048e-06  0  4  0  0  0  0  0  0  0  0  1  0  0  0  0  0
 -1.5728176252178521e-02  0  0  0  0  1  0  1  1  0  1  1  0  0  0  0  0
  3.4848461641004052e-11  0  0  0  1  0  0  0  0  0  0  0  0  1  1  0  0
 -1.8444938022816536e-10  0  0  1  0  0  0  0  0  0  0  0  0  0  0  0  2
 -1.2368003100693883e-04  0  0  0  0  0  0  1  4  0  0  0  0  0  0  0  0
  1.7940717509954216e-05  0  0  0  0  0  0  0  0  0  0  2  0  0  0  1  0
  2.6382282440604202e-02  0  0  0  0  1  1  0  0  1  1  1  0  0  0  0  0
  1.1903605170445548e-01  0  0  0  0  0  0  0  0  2  2  1  0  0  0  0  0
  1.3622558071216347e-05  0  0  3  1  0  0  0  0  0  0  0  1  0  0  0  0
 -5.1102997348939680e-02  0  0  0  0  0  0  0  0  0  0  0  1  2  0  1  1
 -8.0936240317818593e-04  0  0  0  0  3  1  0  0  0  0  0  1  0  0  0  0
 -1.3828903668540952e-03  1  0  0  0  0  0  0  0  3  0  1  0  0  0  0  0
  2.7235546245117750e-10  0  0  1  0  0  0  0  2  0  0  0  0  0  0  0  0
  1.3609635614358099e-05  0  0  0  0  0  1  1  0  0  1  0  0  0  0  0  0
 -2.9557812460241462e-02  0  0  0  0  0  0  0  0  1  0  0  3  0  1  0  0
 -1.9288880085145992e-06  1  1  0  0  0  0  0  0  0  0  0  1  0  0  0  0
  6.2974950227202231e-02  0  0  0  0  0  0  0  0  0  0  1  1  2  0  0  1
  3.3763845851385338e-02  0  0  0  0  0  0  0  0  0  0  0  1  1  1  0  2
 -8.8673437380724390e-02  0  0  0  0  0  0  0  0  1  0  2  1  0  1  0  0
  2.1618851188439137e-02  0  0  0  0  0  0  0  0  0  0  0  0  2  0  1  2
  7.8172257937915296e-02  0  0  0  0  0  0  0  0  0  1  2  0  1  0  0  1
  8.9523424593239337e-02  0  0  0  0  0  0  0  0  1  2  0  0  1  0  1  0
 -1.3934868784322438e-04  0  0  3  0  0  0  0  0  0  0  2  0  0  0  0  0
 -2.9218865271185493e-06  2  2  1  0  0  0  0  0  0  0  0  0  0  0  0  0
 -4.5980071076414338e-06  0  0  0  0  0  0  1  1  0  0  0  1  0  0  0  0
 -3.9047932712224384e-12  0  0  1  1  0  0  0  0  0  0  0  0  0  0  0  1
 -6.0808768047110575e-10  0  1  0  0  0  1  0  0  0  0  1  0  0  0  0  0
  1.5428544526087693e-02  0  0  0  0  0  0  0  0  2  0  2  0  0  0  1  0
  3.8357960188921945e-04  1  0  1  0  0  0  0  0  3  0  0  0  0  0  0  0
 -1.3341596528790285e-02  0  0  0  0  1  1  0  1  0  0  2  0  0  0  0  0
 -1.5480516537495503e-02  0  0  0  0  0  0  0  0  0  0  0  1  1  3  0  0
  5.2468889409246959e-04  1  1  0  1  0  0  0  0  0  2  0  0  0  0  0  0
  5.2771341599064672e-02  0  0  0  0  0  0  0  0  1  0  0  1  2  1  0  0
  1.6686012929158561e-11  0  0  0  1  0  1  0  0  1  0  0  0  0  0  0  0
  2.0650949546656045e-02  0  0  0  0  0  0  0  0  0  0  1  0  0  0  4  0
  1.7123463402287512e-10  0  1  0  0  0  0  0  1  1  0  0  0  0  0  0  0
  8.8224213714293291e-08  0  0  1  2  0  0  0  0  0  0  0  0  0  0  0  0
  1.6821972703086229e-04  1  0  0  2  0  0  0  0  1  0  1  0  0  0  0  0
  1.9849383699824534e-03  0  2  0  0  0  0  0  0  0  2  1  0  0  0  0  0
 -3.7460227488897683e-10  0  0  0  0  1  0  0  0  0  0  1  0  1  0  0  0
  1.7404935762431271e-03  1  0  0  0  0  0  0  0  2  1  0  1  0  0  0  0
  1.4187327131582038e-02  0  0  0  0  0  0  0  0  0  0  1  4  0  0  0  0
 -7.4710241108680155e-11  0  0  0  1  0  0  0  0  0  1  0  0  1  0  0  0
 -3.3093788216110676e-10  1  0  0  0  0  0  0  0  1  0  0  0  0  0  1  0
  1.0652966504653713e-03  0  0  0  0  0  0  1  3  0  0  0  1  0  0  0  0
  2.1273906524266245e-05  1  0  0  3  0  0  0  0  0  1  0  0  0  0  0  0
  2.7601413778407597e-04  0  1  1  1  0  0  0  0  0  1  0  1  0  0  0  0
 -7.3335665980780208e-06  0  0  0  0  4  0  0  0  0  0  1  0  0  0  0  0
  3.2160406279493847e-02  0  0  0  0  0  1  1  0  1  0  1  1  0  0  0  0
 -9.3172303995438203e-07  0  0  2  0  0  0  0  0  0  0  1  0  0  0  0  0
  7.9469526998203011e-04  0  0  0  0  2  2  0  0  0  0  1  0  0  0  0  0
 -3.5735218374494254e-03  0  0  0  0  2  0  1  1  0  0  0  1  0  0  0  0
 -1.0496929748705473e-04  0  0  1  2  0  0  0  0  0  0  2  0  0  0  0  0
 -3.2056380972980939e-03  0  0  0  0  1  0  1  2  1  0  0  0  0  0  0  0
 -5.0497110339953688e-02  0  0  0  0  0  0  0  0  0  0  2  0  0  0  3  0
 -2.7170913599077640e-02  0  0  0  0  0  0  0  0  0  0  1  0  2  0  0  2
 -9.4942270937270964e-03  0  0  0  0  0  2  1  0  2  0  0  0  0  0  0  0
  1.1032913802438031e-01  0  0  0  0  0  0  0  0  1  2  0  1  0  1  0  0
  2.0968398693952682e-10  0  0  1  0  0  0  0  0  0  0  0  0  2  0  0  0
  2.9588695793308018e-02  0  0  0  0  1  0  1  0  0  1  1  1  0  0  0  0
  1.3563457517062407e-06  0  1  0  0  0  0  0  0  1  0  0  1  0  0  0  0
  8.7018551968134447e-02  0  0  0  0  0  0  0  0  1  0  1  2  1  0  0  0
 -6.2899811031510863e-02  0  0  0  0  0  0  0  0  0  1  0  1  1  0  0  2
  3.0461941960129760e-02  0  0  0  0  0  0  0  0  0  1  0  1  3  0  0  0
  4.0515503550227825e-06  0  0  0  0  0  0  0  0  0  0  0  0  0  0  1  2
  8.9140396655146437e-03  0  0  0  0  0  0  2  0  1  1  0  1  0  0  0  0
 -4.4424747954994828e-05  0  1  1  2  0  0  0  0  0  1  0  0  0  0  0  0
 -9.4886144148169317e-04  0  1  0  1  0  0  0  0  0  1  1  1  0  0  0  0
  2.5913874865539496e-04  1  2  0  0  0  0  0  0  0  1  0  1  0  0  0  0
  1.0179054343982409e-05  0  0  0  0  1  0  0  0  0  1  0  1  0  0  0  0
  1.7708306447372788e-02  0  0  0  0  1  0  0  1  0  1  2  0  0  0  0  0
 -6.5956025543019642e-04  0  0  1  1  0  0  0  0  0  2  0  1  0  0  0  0
 -8.0936240317818614e-04  0  0  0  0  1  3  0  0  0  0  0  1  0  0  0  0
 -1.4404447006584505e-02  0  0  0  0  0  0  0  0  3  0  1  0  1  0  0  0
  9.8192669612272177e-05  0  0  1  2  0  0  0  0  2  0  0  0  0  0  0  0
  5.9179285486796282e-06  0  3  0  1  0  0  0  0  1  0  0  0  0  0  0  0
 -2.8339149576633950e-02  0  0  0  0  0  0  0  0  0  0  0  0  1  1  2  1
  1.6081399753886012e-02  0  0  0  0  0  0  0  0  2  0  1  0  0  2  0  0
  1.1960478339969474e-05  0  0  0  0  0  0  0  0  0  0  1  1  0  0  0  1
 -1.4759460762239159e-10  0  1  0  0  0  0  0  0  0  0  0  0  0  1  1  0
  9.2269571465541534e-07  4  0  0  0  0  0  0  0  0  0  1  0  0  0  0  0
 -2.1220862653474903e-02  0  0  0  0  0  0  0  0  0  0  0  0  0  4  1  0
 -1.5550541103155936e-03  1  0  0  0  0  0  0  0  1  2  1  0  0  0  0  0
  6.9513353192172792e-02  0  0  0  0  0  0  0  0  0  2  1  0  2  0  0  0
  5.2648795049960874e-06  0  0  0  0  0  0  1  0  0  0  0  2  0  0  0  0
  2.5070024162918227e-02  0  0  0  0  0  0  0  0  0  0  1  0  0  0  2  2
 -3.2450688975409745e-04  0  0  0  0  2  0  1  0  0  0  2  0  0  0  0  0
  9.7483712437313273e-03  0  0  0  0  2  1  0  0  1  0  0  1  0  0  0  0
 -3.9276421999987496e-03  0  0  0  0  0  0  1  2  0  0  2  0  0  0  0  0
 -1.2909828021452402e-03  0  0  2  0  0  0  0  0  0  2  1  0  0  0  0  0
  6.3995232559495221e-04  1  1  0  0  0  0  0  0  1  1  1  0  0  0  0  0
  6.9644844176110958e-04  0  0  0  0  2  0  0  0  0  2  1  0  0  0  0  0
 -1.3984826828348346e-01  0  0  0  0  0  0  0  0  0  3  1  0  0  1  0  0
  3.6578044022387323e-10  0  0  0  0  1  0  0  1  0  0  0  0  0  1  0  0
 -5.7798729354380891e-04  0  1  0  0  0  0  0  0  1  0  0  3  0  0  0  0
 -3.6391821503542532e-01  0  0  0  0  0  0  0  0  0  1  2  0  0  1  1  0
 -1.0096253904399351e-09  0  1  0  0  1  0  0  1  0  0  0  0  0  0  0  0
  2.9810694750164470e-03  0  0  0  0  0  0  0  2  0  0  3  0  0  0  0  0
  3.8491704179135426e-04  1  1  0  0  0  0  0  0  0  0  0  3  0  0  0  0
  3.7722903638770047e-03  0  0  0  0  0  0  1  2  2  0  0  0  0  0  0  0
  1.9147572460247897e-01  0  0  0  0  0  0  0  0  1  1  2  1  0  0  0  0
 -3.2913708286253397e-10  0  1  0  1  1  0  0  0  0  0  0  0  0  0  0  0
 -2.6238979717371084e-10  0  0  0  0  0  0  2  0  0  0  0  0  0  0  1  0
 -2.6990765981435621e-06  0  0  1  0  0  0  0  0  0  2  0  0  0  0  0  0
  1.6183574112864170e-05  2  0  2  0  0  0  0  0  0  0  1  0  0  0  0  0
  1.8647632954814245e-04  0  0  0  2  0  0  0  0  1  1  0  1  0  0  0  0
  3.2763214731939695e-11  2  0  0  0  0  0  0  0  0  0  0  0  0  0  1  0
  1.4784858776368348e-03  0  2  0  0  0  0  0  0  2  0  1  0  0  0  0  0
  1.3483728754048768e-01  0  0  0  0  0  0  0  0  0  0  2  0  0  2  1  0
 -3.6396351751233985e-02  0  0  0  0  0  0  0  0  0  0  4  0  0  0  1  0
  3.0234411346022862e-06  1  3  0  1  0  0  0  0  0  0  0  0  0  0  0  0
 -3.4989765829018236e-05  0  0  3  0  0  0  0  0  0  0  0  2  0  0  0  0
  3.1487475113601109e-02  0  0  0  0  0  0  0  0  0  0  0  2  0  2  1  0
  2.9624543526902261e-02  0  0  0  0  1  0  0  0  2  1  0  1  0  0  0  0
 -1.7890162736512458e-09  0  0  0  0  0  1  0  0  1  0  0  0  0  0  0  1
 -1.6492169008122705e-02  0  0  0  0  0  0  1  1  2  0  0  1  0  0  0  0
 -1.0452255819872695e-02  0  0  0  0  0  0  0  0  0  0  0  2  0  0  3  0
 -7.1947160139677890e-02  0  0  0  0  0  0  0  0  1  0  0  2  1  0  1  0
  1.1296310340406400e-09  0  0  1  0  0  0  0  0  0  0  1  0  0  0  1  0
 -6.6847243920162076e-10  0  0  0  0  0  0  0  1  1  0  0  0  0  1  0  0
 -9.4383895442958963e-04  0  0  2  0  0  0  0  0  2  0  1  0  0  0  0  0
  5.7803858900534390e-02  0  0  0  0  0  0  0  0  1  0  1  0  1  0  2  0
 -1.1672832059082432e-01  0  0  0  0  0  0  0  0  1  0  1  0  0  1  1  1
  2.0670353419964317e-10  0  0  0  1  0  0  0  0  0  0  1  0  0  0  0  1
 -2.6185706903377438e-02  0  0  0  0  0  0  0  0  0  1  0  0  3  0  0  1
 -1.2889675039670233e-04  0  1  0  2  0  0  0  0  1  0  0  1  0  0  0  0
  5.4514932666874843e-06  0  0  0  0  0  0  0  0  0  0  0  0  1  1  0  1
 -5.0515147589275740e-04  0  1  1  0  0  0  0  0  0  1  0  2  0  0  0  0
  3.6049021599349939e-09  1  0  0  0  0  0  0  1  0  1  0  0  0  0  0  0
 -5.9368553646924581e-02  0  0  0  0  0  0  0  0  1  3  0  1  0  0  0  0
  4.7443072074084664e-04  0  1  0  1  0  0  0  0  1  0  0  2  0  0  0  0
 -1.5697434361492599e-01  0  0  0  0  0  0  0  0  0  2  0  0  0  2  1  0
 -7.2740633164745857e-10  0  0  0  0  0  1  0  0  0  0  0  0  0  1  1  0
 -2.1272144047208835e-04  0  2  2  0  0  0  0  0  0  0  1  0  0  0  0  0
 -8.5971674936286922e-09  0  0  0  0  0  0  1  0  0  0  0  0  0  0  0  0
  3.2296894552433952e-04  0  0  0  0  0  0  0  4  0  0  1  0  0  0  0  0
  2.4913902974886770e-02  0  0  0  0  0  0  0  0  1  0  0  0  3  0  1  0
  7.1912795381726721e-02  0  0  0  0  0  0  0  0  0  0  2  1  0  0  1  1
 -2.9572513026026952e-04  0  0  0  0  3  0  0  1  0  1  0  0  0  0  0  0
  8.0202883658010812e-04  0  0  0  0  0  4  0  0  0  0  1  0  0  0  0  0
 -1.7782788666775424e-02  0  0  0  0  0  0  0  1  1  1  2  0  0  0  0  0
 -8.9700706040343918e-05  2  0  0  0  0  0  0  0  2  0  1  0  0  0  0  0
 -4.3675622101480793e-02  0  0  0  0  0  0  0  0  0  0  2  2  0  0  1  0
  3.0667548335632851e-02  0  0  0  0  0  0  0  0  0  0  0  2  2  0  1  0
 -2.9516563734545403e-02  0  0  0  0  0  0  0  0  1  1  0  0  0  0  0  3
  1.5683298327816291e-03  1  0  0  0  0  0  0  0  0  3  0  1  0  0  0  0
  1.8647632954814242e-04  0  0  2  0  0  0  0  0  1  1  0  1  0  0  0  0
 -6.6669854337667337e-03  0  0  0  0  0  1  0  2  1  0  0  1  0  0  0  0
  8.0970889814922678e-04  0  0  0  0  0  2  1  2  0  0  0  0  0  0  0  0
 -6.6257961523826681e-06  0  0  0  0  0  0  0  0  0  0  0  1  1  1  0  0
  3.7296547557231143e-02  0  0  0  0  0  0  1  0  2  0  2  0  0  0  0  0
 -1.1625388529425197e-09  0  0  1  0  0  1  0  0  0  1  0  0  0  0  0  0
 -1.2120468907849662e-09  0  0  1  0  2  0  0  0  0  0  0  0  0  0  0  0
  5.3308498253415625e-02  0  0  0  0  0  1  0  0  0  1  3  0  0  0  0  0
  4.0739983439137519e-04  0  0  0  0  2  0  0  0  0  0  3  0  0  0  0  0
  1.0568513172563705e-01  0  0  0  0  0  0  0  0  1  1  0  1  0  0  2  0
 -1.9390052746228940e-05  0  0  0  3  0  0  0  0  1  1  0  0  0  0  0  0
  2.1097903759556540e-02  0  0  0  0  1  0  0  0  0  3  0  1  0  0  0  0
 -3.8842679379171430e-06  0  1  0  0  0  0  0  0  0  1  1  0  0  0  0  0
  4.4385591222112215e-10  1  0  1  0  1  0  0  0  0  0  0  0  0  0  0  0
  3.2396205820900192e-02  0  0  0  0  0  0  0  0  0  2  0  0  0  0  1  2
 -3.9727293341121713e-11  0  0  0  2  0  0  0  0  0  0  0  0  0  0  1  0
 -7.0688081733941019e-02  0  0  0  0  0  1  0  0  0  3  1  0  0  0  0  0
 -1.8647632954814242e-04  2  0  0  0  0  0  0  0  1  1  0  1  0  0  0  0
 -9.9779384674611761e-03  0  0  0  0  1  0  0  1  0  3  0  0  0  0  0  0
  1.2790114662453033e-03  0  0  0  0  1  0  0  3  0  1  0  0  0  0  0  0
  1.4045938039382408e-05  0  0  0  0  2  0  3  0  0  0  0  0  0  0  0  0
 -5.5862652109060928e-10  0  0  0  0  0  0  1  0  0  0  0  0  0  0  0  2
 -2.6091378073690663e-02  0  0  0  0  0  0  0  0  0  0  1  0  0  2  0  2
 -1.0537127848468684e-02  0  0  0  0  0  0  0  1  0  0  3  1  0  0  0  0
 -1.4003227661720697e-05  0  0  0  0  0  0  1  0  0  2  0  0  0  0  0  0
  1.5019661213304938e-09  1  0  0  1  0  1  0  0  0  0  0  0  0  0  0  0
  9.8131042037453032e-03  0  0  0  0  0  0  0  1  3  1  0  0  0  0  0  0
  1.1758272235850111e-04  0  0  3  0  0  0  0  0  0  2  0  0  0  0  0  0
 -1.0961890177844613e-01  0  0  0  0  0  0  0  0  1  2  1  0  1  0  0  0
 -2.3386267531981292e-03  0  0  0  0  2  0  0  2  0  0  1  0  0  0  0  0
 -1.2320912001378979e-05  0  0  0  0  0  0  0  0  0  0  0  0  0  2  1  0
  6.1165667269800904e-02  0  0  0  0  0  0  0  0  0  1  1  0  0  1  0  2
 -1.2794392156605843e-04  0  0  1  0  0  0  0  0  0  0  0  4  0  0  0  0
  1.3126021211834903e-03  0  0  1  0  0  0  0  0  2  0  0  2  0  0  0  0
 -1.2609472621107173e-01  0  0  0  0  0  0  0  0  1  1  0  2  0  0  0  1
 -1.6169952728920373e-03  0  0  0  0  0  2  0  2  0  0  1  0  0  0  0  0
  5.2181218432694413e-03  0  0  0  0  1  1  0  2  0  0  0  1  0  0  0  0
 -2.4142742371945316e-06  0  0  1  0  0  0  0  0  2  0  0  0  0  0  0  0
 -7.5467958517963785e-02  0  0  0  0  0  0  0  0  2  0  0  1  0  0  1  1
  7.8975225435673584e-03  0  0  0  0  0  0  2  0  0  0  1  2  0  0  0  0
  2.8266103309941008e-02  0  0  0  0  0  0  0  0  3  1  0  0  0  0  0  1
 -1.5805691772703027e-02  0  0  0  0  0  0  1  0  0  0  2  2  0  0  0  0
 -1.9755016172788791e-10  0  1  0  0  0  0  0  0  0  0  0  1  1  0  0  0
 -1.9146987153892842e-04  0  0  0  0  0  3  0  1  1  0  0  0  0  0  0  0
  1.3052014837825580e-02  0  0  0  0  0  0  0  0  0  0  3  0  0  0  0  2
 -4.3272089116797668e-02  0  0  0  0  0  0  0  0  1  0  0  0  2  1  0  1
  3.0295569475520929e-09  0  0  1  0  0  0  2  0  0  0  0  0  0  0  0  0
  4.1626272187588492e-05  2  0  1  0  0  0  0  0  0  2  0  0  0  0  0  0
 -1.1203775679940266e-01  0  0  0  0  0  0  0  0  0  0  1  0  0  2  2  0
  1.1297238653599083e-01  0  0  0  0  0  0  0  0  0  3  0  0  0  1  1  0
 -5.9185197400416605e-02  0  0  0  0  0  0  0  0  0  0  1  1  0  0  2  1
  1.4273034717415582e-09  0  1  0  0  0  1  1  0  0  0  0  0  0  0  0  0
 -1.0537127848468684e-02  0  0  0  0  0  0  0  1  0  0  1  3  0  0  0  0
 -1.9430495934836563e-04  0  1  2  0  0  0  0  0  1  0  0  1  0  0  0  0
  2.2687255562033272e-10  0  0  0  0  2  0  0  0  0  0  0  0  0  0  1  0
 -9.0627619197721082e-02  0  0  0  0  0  0  0  0  2  1  0  0  1  0  0  1
  1.3033781344156221e-03  0  1  1  0  0  0  0  0  0  3  0  0  0  0  0  0
  5.2771341599064686e-02  0  0  0  0  0  0  0  0  0  1  0  1  1  2  0  0
 -2.9593630683804200e-02  0  0  0  0  0  0  1  0  2  2  0  0  0  0  0  0
  2.7902927047651516e-02  0  0  0  0  0  0  0  0  1  0  3  0  1  0  0  0
 -2.9117081400987194e-02  0  0  0  0  0  0  0  0  0  0  3  1  0  0  0  1
 -1.0931983839500692e-02  0  0  0  0  1  0  0  0  0  1  0  3  0  0  0  0
 -5.6970394939268032e-04  0  2  1  0  0  0  0  0  0  2  0  0  0  0  0  0
  1.2960850017411837e-02  0  0  0  0  0  0  0  0  0  0  0  0  1  3  0  1
 -5.4811906915936587e-09  0  0  0  1  0  0  0  1  0  0  1  0  0  0  0  0
 -1.0063310559697462e-01  0  0  0  0  0  0  0  0  0  2  1  2  0  0  0  0
  1.3882655959897108e-03  0  0  0  0  0  0  4  0  0  0  1  0  0  0  0  0
 -8.5905756406348943e-07  2  2  0  0  0  0  0  0  0  0  1  0  0  0  0  0
 -9.9020978266415063e-06  0  0  0  0  0  0  1  0  2  0  0  0  0  0  0  0
  1.9485182579976244e-10  0  1  0  0  0  0  0  0  0  1  0  0  0  0  1  0
 -1.0568513172563702e-01  0  0  0  0  0  0  0  0  1  1  0  1  0  2  0  0
 -2.4913902974886760e-02  0  0  0  0  0  0  0  0  1  0  0  0  0  3  0  1
