758
  2.7032135192508071e-02  0  0  0  0  0  0  0  0  0  0  0  0  2  2  1  0
 -1.9288101608630725e-05  0  0  0  0  0  0  0  0  1  1  0  0  0  0  0  1
 -3.5987584820155995e-02  0  0  0  0  0  0  0  0  1  0  0  0  1  2  1  0
 -2.0904511639745393e-02  0  0  0  0  0  0  0  0  0  0  0  3  0  0  1  1
  3.3984704461536072e-04  0  0  0  0  0  0  1  0  0  0  0  0  0  2  0  2
  8.6389262590643931e-03  0  0  0  0  0  0  0  0  2  0  1  0  0  0  2  0
 -9.2459254115697726e-06  2  0  0  2  0  0  0  0  0  0  0  0  0  0  1  0
 -2.6281472871807619e-02  0  0  0  0  0  0  0  0  2  0  1  0  2  0  0  0
 -6.9295700819058694e-06  0  2  0  0  0  0  0  0  0  0  0  0  1  1  0  1
  1.5935127474991845e-08  2  0  1  0  0  0  0  0  0  0  0  0  0  0  0  0
  1.4145947506674114e-11  0  0  1  0  0  0  0  0  0  1  0  0  0  1  0  0
 -1.3928734162002546e-04  0  1  1  0  0  0  0  0  0  0  0  0  0  1  2  0
  1.3243262862063629e-04  0  0  0  0  1  0  2  0  0  0  0  0  1  0  1  0
 -3.3377622027073311e-03  0  0  0  0  0  0  0  0  0  0  1  0  0  0  0  4
 -8.2600126360630622e-03  0  0  0  0  0  0  0  0  0  0  1  0  4  0  0  0
 -1.2222635048431897e-04  0  0  0  0  1  1  2  1  0  0  0  0  0  0  0  0
  2.5407265388368945e-07  0  0  0  1  0  0  0  0  0  0  0  0  0  0  1  1
 -5.0235735522469486e-04  0  0  0  0  0  1  0  0  0  0  0  0  1  0  2  1
  1.2718301297774393e-05  0  0  0  0  3  1  0  1  0  0  0  0  0  0  0  0
 -1.5171996444983000e-05  0  0  0  0  2  0  1  0  0  0  0  0  2  0  0  0
  7.9522226950792390e-05  0  0  1  0  0  0  0  0  0  0  0  0  2  0  0  2
  9.2809900744469195e-02  0  0  0  0  0  0  0  0  1  1  0  0  1  1  1  0
 -2.4017160842648683e-10  0  0  0  0  0  0  0  2  0  0  1  0  0  0  0  0
  2.3233186074919856e-06  0  0  0  0  3  0  0  1  0  0  0  0  0  1  0  0
 -2.3524489352217575e-05  0  2  2  0  0  0  0  0  0  0  0  0  0  0  1  0
 -5.2989008825127847e-05  1  1  1  0  0  0  0  0  0  0  0  0  0  0  1  1
 -2.5070024162918234e-02  0  0  0  0  0  0  0  0  2  0  0  0  0  0  1  2
  7.8082166884525534e-10  0  0  0  0  0  1  0  0  0  1  1  0  0  0  0  0
 -2.2959368019067279e-05  0  1  0  1  0  0  0  0  0  0  0  0  3  0  0  0
 -6.3725046594500054e-02  0  0  0  0  0  0  0  0  0  1  0  0  2  1  1  0
  7.1947160139677904e-02  0  0  0  0  0  0  0  0  0  1  2  1  1  0  0  0
 -8.8144861246269954e-05  0  0  2  0  0  0  0  0  0  0  0  0  0  2  1  0
 -1.2294710266191671e-05  0  0  0  0  0  4  1  0  0  0  0  0  0  0  0  0
  3.2763214731939695e-11  2  0  0  0  0  0  0  0  0  0  1  0  0  0  0  0
 -1.7890224511922422e-04  0  0  0  0  0  0  0  1  0  0  0  0  1  1  2  0
  4.8208842901300238e-02  0  0  0  0  0  0  0  0  0  2  0  0  2  0  1  0
 -5.3079969075679908e-04  0  0  0  0  0  1  0  1  0  0  0  0  0  1  1  1
  2.6785980715802628e-10  1  0  0  0  0  0  0  1  0  0  0  0  0  1  0  0
  5.9802391699847368e-06  0  0  0  0  0  0  0  0  0  0  1  2  0  0  0  0
 -6.2899811031510863e-02  0  0  0  0  0  0  0  0  1  0  0  2  0  1  0  1
  8.1330548776420304e-06  0  0  0  0  0  3  0  1  0  0  0  0  1  0  0  0
  1.6496014472545578e-08  0  0  3  0  0  0  0  0  0  0  0  0  0  0  0  0
  1.5657458561444071e-04  0  0  0  1  0  0  0  0  0  0  0  0  2  0  1  1
  8.8265062045727757e-06  0  0  0  0  0  0  0  0  0  1  0  0  1  0  0  1
  5.1428481753625641e-03  0  0  0  0  0  0  0  0  2  0  3  0  0  0  0  0
 -2.7483731117685535e-05  0  0  0  0  0  0  0  0  0  1  0  0  0  1  1  0
  1.4788001943589986e-10  0  0  0  1  0  0  0  0  1  0  0  0  0  1  0  0
 -3.0678869826196632e-05  1  0  0  1  0  0  0  0  0  0  0  0  0  3  0  0
 -6.8694187346914849e-06  0  0  0  0  0  0  0  0  0  0  1  0  2  0  0  0
  4.8906539025495347e-04  0  0  0  0  1  0  0  0  0  0  0  0  2  1  0  1
 -2.7726306135176821e-05  1  0  1  1  0  0  0  0  0  0  0  0  0  1  1  0
  1.2007334250962173e-04  0  0  0  0  0  0  3  0  0  0  0  0  0  2  0  0
  4.0902158068745182e-05  0  0  0  0  1  0  0  3  0  0  0  0  0  1  0  0
  2.9523385398047742e-04  0  0  0  0  0  1  1  1  0  0  0  0  0  1  0  1
 -2.8553112136764982e-04  0  0  0  0  1  0  0  1  0  0  0  0  2  1  0  0
  2.9758817628333770e-02  0  0  0  0  0  0  0  0  2  0  1  0  0  0  0  2
  2.3911666432814308e-04  0  0  0  0  1  0  1  0  0  0  0  0  1  2  0  0
  1.0117013215793401e-01  0  0  0  0  0  0  0  0  0  1  1  0  1  0  1  1
  9.4371698995061856e-02  0  0  0  0  0  0  0  0  0  1  1  0  0  3  0  0
 -6.9009431353172137e-05  1  0  0  0  0  0  0  0  0  0  0  0  3  0  1  0
  8.9138801961633356e-09  0  0  0  0  0  0  0  0  0  0  0  0  0  0  1  0
 -6.0298980547996825e-06  0  1  3  0  0  0  0  0  0  0  0  0  0  1  0  0
  1.7838187788602018e-05  0  1  1  1  0  0  0  0  0  0  0  0  0  1  0  1
  1.1052924964393742e-09  0  0  0  0  1  0  0  0  1  0  0  0  0  0  1  0
 -2.5702542915493384e-04  0  0  0  0  1  2  0  0  0  0  0  0  1  0  1  0
  1.4054491304992070e-09  0  0  0  0  0  0  0  1  0  0  1  1  0  0  0  0
  4.2359103158272296e-07  0  0  0  0  4  0  1  0  0  0  0  0  0  0  0  0
 -7.8311776778130468e-05  0  1  0  0  0  0  0  0  0  0  0  0  1  0  2  1
 -5.7495762293681483e-05  1  1  0  1  0  0  0  0  0  0  0  0  0  0  2  0
  6.7527691702770676e-02  0  0  0  0  0  0  0  0  0  0  1  1  1  1  1  0
 -1.1319854695319428e-10  0  0  0  2  0  0  1  0  0  0  0  0  0  0  0  0
 -1.5563271100451617e-04  0  0  0  0  0  2  0  0  0  0  0  0  0  0  1  2
  8.5049927576696115e-06  0  0  1  1  0  0  0  0  0  0  0  0  0  0  0  3
 -2.5362677776836624e-11  0  0  0  0  1  1  0  0  0  0  0  1  0  0  0  0
  3.4930928861923746e-04  0  0  0  0  0  0  1  0  0  0  0  0  2  0  0  2
 -1.1201672971546000e-06  0  0  0  0  1  1  0  0  0  0  0  0  0  0  0  1
  5.4601880031120301e-03  0  0  0  0  0  0  0  0  0  0  0  0  0  0  3  2
  2.3970931793908908e-02  0  0  0  0  0  0  0  0  0  0  1  3  0  0  0  1
 -4.6703382047310175e-06  0  0  1  2  0  0  0  0  0  0  0  0  0  0  0  2
  1.0055708286624372e-01  0  0  0  0  0  0  0  0  1  1  2  0  0  0  0  1
  7.8084581069077482e-03  0  0  0  0  0  0  0  0  0  0  0  0  1  1  0  3
  2.5514978273008831e-05  0  0  1  1  0  0  0  0  0  0  0  0  0  0  2  1
 -2.4552572482389804e-07  0  4  1  0  0  0  0  0  0  0  0  0  0  0  0  0
 -1.0693564464030592e-05  0  0  3  0  0  0  0  0  0  0  0  0  0  0  2  0
 -1.2579962206302175e-01  0  0  0  0  0  0  0  0  1  0  1  1  0  1  1  0
 -1.1116563472403307e-02  0  0  0  0  0  0  0  0  0  0  0  0  3  1  0  1
  6.5519189495213430e-07  0  0  0  0  0  0  0  1  0  0  0  0  0  0  1  1
  1.1730202203774279e-04  0  0  0  0  0  2  0  1  0  0  0  0  0  0  1  1
  4.7953392770833832e-02  0  0  0  0  0  0  0  0  2  0  1  2  0  0  0  0
  3.5073299023647359e-10  1  0  0  0  0  1  0  0  0  0  0  0  0  0  0  1
  4.5931786051697883e-06  2  0  1  0  0  0  0  0  0  0  0  0  2  0  0  0
 -2.5087987036227760e-06  0  3  0  0  0  0  0  0  0  0  0  0  1  0  0  1
 -3.3430481631748708e-07  1  1  0  0  0  0  0  0  0  0  0  0  0  0  0  1
 -4.5904967508772504e-04  0  0  0  0  0  0  2  0  0  0  0  0  2  0  1  0
 -8.7855991993366062e-07  1  1  0  3  0  0  0  0  0  0  0  0  0  0  0  0
  3.7285573623376358e-10  0  0  0  1  0  0  1  1  0  0  0  0  0  0  0  0
  1.2320694450871142e-04  0  0  0  0  1  0  0  0  0  0  0  0  1  0  3  0
 -7.5467958517963812e-02  0  0  0  0  0  0  0  0  0  2  1  1  0  0  0  1
 -1.8970712291202071e-04  0  0  0  0  0  0  1  0  0  0  0  0  0  0  4  0
  4.9033655715422272e-07  0  0  0  0  0  1  0  0  0  0  0  0  1  0  0  1
  4.3120707566559767e-05  0  0  0  0  2  0  1  2  0  0  0  0  0  0  0  0
 -2.4642658875898230e-01  0  0  0  0  0  0  0  0  0  1  1  0  0  1  2  0
 -1.1031858357105816e-04  0  0  0  0  2  0  1  1  0  0  0  0  0  0  0  1
  6.1165667269800904e-02  0  0  0  0  0  0  0  0  0  1  0  2  0  1  1  0
  2.2966962191888922e-10  0  0  1  0  0  0  0  0  1  0  0  0  1  0  0  0
 -9.1662200608187068e-10  0  0  0  0  0  0  0  1  1  1  0  0  0  0  0  0
  1.2268301109769366e-03  0  0  0  0  0  0  1  0  0  0  0  0  0  2  2  0
 -1.0265380944511463e-07  1  0  0  0  0  0  0  0  0  0  0  0  1  0  1  0
  1.1045707102112755e-06  0  0  3  1  0  0  0  0  0  0  0  0  0  0  0  1
  7.9806732295139797e-07  0  0  0  0  0  1  1  0  0  0  0  0  0  1  0  0
 -7.2648041735539114e-06  1  2  0  1  0  0  0  0  0  0  0  0  0  1  0  0
 -3.6959422035639655e-08  0  1  0  1  0  0  0  0  0  0  0  0  1  0  0  0
  7.8287292807220356e-05  0  0  1  0  0  0  0  0  0  0  0  0  0  2  0  2
 -3.8896217743737509e-04  0  0  0  0  0  2  2  0  0  0  0  0  0  0  1  0
 -5.0514194842805309e-06  1  1  2  1  0  0  0  0  0  0  0  0  0  0  0  0
 -1.4278214177863052e-02  0  0  0  0  0  0  0  0  0  0  0  3  1  1  0  0
 -2.5356640524418030e-05  1  0  1  0  0  0  0  0  0  0  0  0  1  0  0  2
 -3.4844511908683898e-07  0  0  1  0  0  0  0  0  0  0  0  0  0  2  0  0
  1.7490684010220569e-04  0  0  0  0  1  0  0  2  0  0  0  0  1  0  1  0
 -1.5389398919574424e-03  0  0  0  0  0  0  0  0  4  0  1  0  0  0  0  0
 -1.2206692910930096e-10  0  1  1  0  0  1  0  0  0  0  0  0  0  0  0  0
 -5.8477151184735616e-06  0  2  1  1  0  0  0  0  0  0  0  0  0  0  0  1
  8.7627001843276711e-06  2  0  0  0  0  0  0  0  0  0  0  0  0  0  3  0
  6.8960166780033902e-02  0  0  0  0  0  0  0  0  1  1  0  0  0  0  2  1
 -5.0634005724643787e-08  1  0  0  1  0  0  0  0  0  0  0  0  0  1  0  0
  3.2940039497787777e-06  0  0  0  0  0  0  0  0  2  0  0  0  0  0  1  0
  4.8745723694885907e-11  0  0  1  0  1  0  0  0  0  0  0  0  1  0  0  0
  1.6366719530224368e-06  3  1  0  0  0  0  0  0  0  0  0  0  0  0  0  1
  2.1933813226609445e-04  0  0  1  0  0  0  0  0  0  0  0  0  2  0  2  0
 -1.7347639395990227e-05  0  0  0  0  0  3  0  0  0  0  0  0  1  0  0  1
  1.3356568605087141e-11  1  0  1  0  0  0  0  0  1  0  0  0  0  0  0  0
 -4.5309159159185461e-05  0  2  1  0  0  0  0  0  0  0  0  0  2  0  0  0
 -4.5026338532930833e-05  0  0  1  1  0  0  0  0  0  0  0  0  2  0  0  1
  2.2785693961062289e-04  0  0  0  0  0  1  0  1  0  0  0  0  1  0  2  0
  1.8858135758936304e-05  1  2  0  0  0  0  0  0  0  0  0  0  0  1  0  1
  4.6146374992050079e-10  0  0  0  1  0  0  0  0  0  0  1  1  0  0  0  0
 -1.8610897214481014e-05  0  2  0  0  0  0  0  0  0  0  0  0  0  0  1  2
 -2.6755421960049802e-02  0  0  0  0  0  0  0  0  2  1  0  0  0  1  1  0
 -2.9805043201898453e-02  0  0  0  0  0  0  0  0  0  4  1  0  0  0  0  0
 -1.5697434361492599e-01  0  0  0  0  0  0  0  0  0  2  1  0  0  2  0  0
 -7.8831817905049686e-02  0  0  0  0  0  0  0  0  0  1  0  0  0  3  1  0
  1.7490684010220572e-04  0  0  0  0  0  1  0  2  0  0  0  0  0  1  1  0
  2.4303895960508483e-05  0  0  0  0  0  1  0  3  0  0  0  0  1  0  0  0
  1.1943319088676320e-05  0  0  0  0  0  0  0  0  1  0  1  0  1  0  0  0
 -1.4075275281301008e-03  0  0  0  0  0  1  1  0  0  0  0  0  0  1  2  0
  5.6481551702031999e-10  0  0  1  0  0  0  0  0  0  0  2  0  0  0  0  0
 -6.9295700819058694e-06  2  0  0  0  0  0  0  0  0  0  0  0  1  1  0  1
  3.3401929950708224e-05  0  0  0  0  0  0  0  0  0  1  1  0  0  1  0  0
 -1.0876088759470342e-04  0  0  0  0  2  0  0  2  0  0  0  0  0  0  1  0
  4.5516650334368716e-04  0  0  0  0  1  1  0  1  0  0  0  0  2  0  0  0
  1.1485568691922082e-05  0  0  1  1  0  0  0  0  0  0  0  0  1  1  1  0
 -2.3387865041710703e-04  0  1  0  0  0  0  0  0  0  0  0  0  0  3  1  0
 -1.3553137124679100e-02  0  0  0  0  0  0  0  0  1  0  0  0  0  1  0  3
 -2.7672895180193169e-02  0  0  0  0  0  0  0  0  0  0  0  1  1  1  2  0
  3.1436240264805153e-11  1  0  0  0  0  0  1  0  0  0  0  0  1  0  0  0
 -3.0738069093121465e-10  0  0  0  0  0  0  1  0  0  0  0  1  0  0  0  1
 -8.9509949989762135e-05  0  0  0  0  0  1  1  2  0  0  0  0  0  1  0  0
  1.9348255139411965e-06  2  0  1  2  0  0  0  0  0  0  0  0  0  0  0  0
 -8.1054127927646880e-06  0  1  0  2  0  0  0  0  0  0  0  0  1  0  0  1
 -4.2866073159588713e-07  0  0  0  0  1  0  0  0  0  0  0  0  1  0  1  0
 -2.3119327139097936e-05  0  0  0  0  0  0  0  3  0  0  0  0  1  1  0  0
  1.2960850017411841e-02  0  0  0  0  0  0  0  0  0  0  0  1  3  1  0  0
 -2.2007530960865133e-05  2  0  0  0  0  0  0  0  0  0  0  0  2  0  1  0
 -1.6061302368194429e-09  0  0  0  0  1  0  0  0  1  0  1  0  0  0  0  0
 -5.0497110339953688e-02  0  0  0  0  0  0  0  0  0  0  3  0  0  0  2  0
 -5.7691313132674807e-07  0  0  0  0  0  2  1  0  0  0  0  0  0  0  0  0
  1.5563271100451617e-04  0  0  0  0  0  0  0  2  0  0  0  0  0  0  1  2
  1.7608138359400548e-06  0  0  4  0  0  0  0  0  0  0  0  0  0  0  1  0
 -1.1303075624767062e-05  0  0  0  0  0  0  0  0  1  0  0  1  0  1  0  0
 -3.4843381376772314e-02  0  0  0  0  0  0  0  0  2  0  0  0  1  1  0  1
  8.6837556732307904e-06  0  0  1  2  0  0  0  0  0  0  0  0  0  2  0  0
  1.2209271226700048e-07  0  0  0  0  0  0  0  1  0  0  0  0  1  1  0  0
  5.0585066078967011e-02  0  0  0  0  0  0  0  0  1  0  0  1  0  1  0  2
  2.0596964335124833e-04  0  0  0  0  0  0  1  1  0  0  0  0  1  1  1  0
  1.2047726288395066e-07  1  1  0  1  0  0  0  0  0  0  0  0  0  0  0  0
 -3.7983644974113879e-04  0  0  0  0  1  0  0  0  0  0  0  0  3  0  1  0
 -2.7972831053517508e-04  0  0  0  0  0  1  1  0  0  0  0  0  0  1  0  2
 -2.6231070517907712e-02  0  0  0  0  0  0  0  0  0  0  0  0  0  2  3  0
 -1.5563271100451617e-04  0  0  0  0  2  0  0  0  0  0  0  0  0  0  1  2
 -4.0659411374037308e-02  0  0  0  0  0  0  0  0  0  1  0  0  1  0  2  1
 -1.0252330829368350e-04  0  0  1  0  0  0  0  0  0  0  0  0  0  4  0  0
  1.6007183399359499e-10  1  0  0  0  0  0  0  0  0  1  0  0  0  0  0  1
 -3.2931482989648958e-06  1  0  1  2  0  0  0  0  0  0  0  0  1  0  0  0
  4.3237702376878281e-02  0  0  0  0  0  0  0  0  0  0  0  1  0  2  1  1
  1.1209543022290833e-03  0  0  0  0  0  0  0  0  4  0  0  0  0  0  1  0
 -3.0290977344992361e-05  0  0  0  0  1  1  0  3  0  0  0  0  0  0  0  0
 -2.4876436667404161e-04  0  0  0  0  1  0  0  1  0  0  0  0  0  3  0  0
 -1.0454213540895882e-07  0  2  1  0  0  0  0  0  0  0  0  0  0  0  0  0
 -3.7941424582404142e-05  0  0  0  0  0  0  1  0  0  0  0  0  0  0  0  4
 -9.3406764094620349e-06  0  0  2  1  0  0  0  0  0  0  0  0  0  0  1  1
 -7.4156155396840157e-05  0  0  0  0  0  0  1  2  0  0  0  0  0  0  0  2
  3.4621345611886366e-02  0  0  0  0  0  0  0  0  2  1  1  0  0  1  0  0
 -3.5987228885421385e-05  0  0  1  0  0  0  0  0  0  0  0  0  1  1  1  1
  4.4945762513495899e-02  0  0  0  0  0  0  0  0  0  0  3  0  0  2  0  0
  3.9900597136595592e-02  0  0  0  0  0  0  0  0  0  1  0  0  0  1  1  2
  5.7428980581152459e-08  0  0  0  0  2  0  1  0  0  0  0  0  0  0  0  0
  1.3894107784186897e-04  0  0  0  0  0  3  1  0  0  0  0  0  0  1  0  0
 -1.7993614442710692e-05  0  0  0  1  0  0  0  0  0  0  0  0  1  1  0  2
 -1.5176569832961657e-04  0  0  0  0  0  0  0  1  0  0  0  0  0  0  1  3
 -3.1664872280168476e-04  0  0  0  0  1  1  0  1  0  0  0  0  0  0  0  2
  5.3447167008481655e-07  0  0  0  0  4  0  0  0  0  0  0  0  0  0  1  0
 -7.7698639286640115e-06  0  0  0  0  0  0  3  2  0  0  0  0  0  0  0  0
  1.7420911869784643e-10  1  0  0  0  0  0  0  0  0  0  0  1  0  1  0  0
  5.2808046714336756e-10  0  0  0  0  0  0  1  0  1  0  0  0  1  0  0  0
 -5.6678299153267900e-02  0  0  0  0  0  0  0  0  0  0  1  0  1  1  1  1
  8.4243628676839294e-11  0  0  0  0  0  0  0  1  0  1  0  0  1  0  0  0
  3.9900597136595606e-02  0  0  0  0  0  0  0  0  1  0  0  0  1  0  1  2
  2.4264178799223530e-04  0  0  0  0  0  0  2  0  0  0  0  0  0  0  3  0
  1.6988270627161348e-04  0  0  0  0  1  1  0  2  0  0  0  0  0  0  0  1
 -7.2792703502467977e-03  0  0  0  0  0  0  0  0  0  0  5  0  0  0  0  0
 -3.0101774865150983e-08  4  0  1  0  0  0  0  0  0  0  0  0  0  0  0  0
  2.2582105558409485e-05  0  0  0  0  0  0  0  0  0  2  0  0  0  0  1  0
  7.3761074137333164e-11  1  0  0  0  0  0  0  0  0  0  1  0  1  0  0  0
  8.0784875954472996e-04  0  0  0  0  0  1  2  0  0  0  0  0  0  1  1  0
  1.1790216295765649e-01  0  0  0  0  0  0  0  0  0  1  1  1  0  1  0  1
 -5.6197416042463844e-06  0  0  1  0  0  0  0  0  0  0  0  0  0  0  0  4
 -7.5467958517963785e-02  0  0  0  0  0  0  0  0  2  0  1  1  0  0  0  1
 -2.1791744797401216e-01  0  0  0  0  0  0  0  0  0  2  2  0  0  0  1  0
 -1.6745245174156498e-04  0  0  0  0  1  0  0  0  0  0  0  0  0  1  0  3
 -1.1672832059082425e-01  0  0  0  0  0  0  0  0  0  1  1  1  1  0  1  0
  2.8266103309941018e-02  0  0  0  0  0  0  0  0  3  1  0  1  0  0  0  0
  1.1725831648347072e-04  0  0  0  0  0  0  0  2  0  0  0  0  1  1  0  1
 -5.8364160295412158e-02  0  0  0  0  0  0  0  0  1  0  2  0  0  1  0  1
 -1.1725831648347072e-04  0  0  0  0  0  2  0  0  0  0  0  0  1  1  0  1
  4.5811184799184138e-04  0  0  0  0  1  0  0  0  0  0  0  0  1  0  1  2
 -5.8178794856836200e-10  0  0  0  1  0  0  0  1  0  0  0  0  0  0  1  0
 -2.4220883792753505e-05  0  1  0  1  0  0  0  0  0  0  0  0  1  2  0  0
 -1.6814477151362478e-04  1  1  0  0  0  0  0  0  0  0  0  0  2  0  0  1
  2.8060674911631382e-04  0  0  0  0  2  0  0  1  0  0  0  0  0  0  1  1
 -5.1102997348939694e-02  0  0  0  0  0  0  0  0  0  0  1  1  0  2  0  1
  5.9517635256667541e-02  0  0  0  0  0  0  0  0  0  2  0  1  0  0  1  1
 -3.9727293341121713e-11  0  0  0  2  0  0  0  0  0  0  1  0  0  0  0  0
 -8.1330548776420304e-06  0  0  0  0  3  0  1  0  0  0  0  0  1  0  0  0
 -1.1172383669134868e-02  0  0  0  0  0  0  0  0  0  3  0  1  1  0  0  0
  3.0870730528813396e-06  2  0  0  1  0  0  0  0  0  0  0  0  1  1  0  0
  7.2695565170142104e-07  0  2  1  2  0  0  0  0  0  0  0  0  0  0  0  0
  4.3306333844555890e-06  1  0  2  1  0  0  0  0  0  0  0  0  0  1  0  0
 -2.6185706903377442e-02  0  0  0  0  0  0  0  0  1  0  0  1  0  3  0  0
 -3.0252358122790048e-10  0  0  0  1  1  1  0  0  0  0  0  0  0  0  0  0
  1.1547394519223927e-05  0  1  0  2  0  0  0  0  0  0  0  0  0  1  1  0
 -1.0155535237264854e-05  0  0  0  0  0  0  0  0  0  1  0  1  1  0  0  0
  6.7710724483355199e-05  1  0  0  0  0  0  0  0  0  0  0  0  1  0  1  2
  2.8133854338748572e-06  0  2  3  0  0  0  0  0  0  0  0  0  0  0  0  0
 -2.9071756934310143e-10  0  0  0  1  0  0  0  0  1  1  0  0  0  0  0  0
 -4.1892406589804601e-02  0  0  0  0  0  0  0  0  2  0  0  2  0  0  1  0
  1.0448540919975197e-07  0  0  0  0  0  0  1  2  0  0  0  0  0  0  0  0
 -3.2539178187552706e-07  0  0  0  0  0  0  1  1  0  0  0  0  0  0  0  1
  2.1213200848229111e-06  0  2  0  1  0  0  0  0  0  0  0  0  1  1  0  0
 -2.2478966416985538e-05  0  0  0  1  0  0  0  0  0  0  0  0  0  0  3  1
  6.9295700819058703e-06  0  0  0  2  0  0  0  0  0  0  0  0  1  1  0  1
 -7.3300728529899412e-02  0  0  0  0  0  0  0  0  1  1  0  0  2  0  0  1
  3.3345086222566962e-05  1  0  0  1  0  0  0  0  0  0  0  0  0  1  0  2
  4.0515503550227825e-06  0  0  0  0  0  0  0  0  0  0  1  0  0  0  0  2
 -3.6801323084635184e-04  0  0  0  0  0  2  1  0  0  0  0  0  2  0  0  0
  6.5624312572877890e-07  0  0  0  4  0  0  0  0  0  0  0  0  0  0  1  0
  1.8871174206627395e-06  1  0  0  3  0  0  0  0  0  0  0  0  0  1  0  0
 -4.6303951921130613e-09  0  0  0  0  0  0  0  0  0  0  1  0  0  0  0  0
 -8.7732955550559794e-04  0  0  0  0  1  1  0  0  0  0  0  0  2  0  0  1
  5.6920549251300661e-06  0  3  1  0  0  0  0  0  0  0  0  0  0  1  0  0
 -8.6333435425175811e-03  0  0  0  0  0  0  0  0  3  0  0  0  1  0  1  0
 -1.0646633899311917e-11  0  0  0  1  0  1  0  0  0  0  0  0  1  0  0  0
  5.9802391699847394e-06  0  0  0  0  0  0  0  0  0  0  3  0  0  0  0  0
  6.3434211190790051e-07  0  0  0  0  1  1  0  1  0  0  0  0  0  0  0  0
  6.3454243260590312e-04  0  0  0  0  0  1  1  0  0  0  0  0  1  0  1  1
  1.2421079028825978e-04  0  0  0  0  0  0  0  1  0  0  0  0  1  3  0  0
  2.2687255562033272e-10  0  0  0  0  2  0  0  0  0  0  1  0  0  0  0  0
  1.6231874930393866e-02  0  0  0  0  0  0  0  0  0  0  1  1  0  0  0  3
  3.8110898082553425e-07  0  0  1  0  0  0  0  0  0  0  0  0  0  0  2  0
  3.2396205820900192e-02  0  0  0  0  0  0  0  0  0  2  1  0  0  0  0  2
  1.2154651065068353e-05  0  0  0  0  0  0  0  0  0  0  1  0  0  0  2  0
 -8.1163002678914662e-05  0  0  0  0  2  0  0  0  0  0  0  0  0  2  1  0
 -2.6103925592710157e-05  1  0  0  0  0  0  0  0  0  0  0  0  0  1  0  3
 -4.9183148330356056e-10  1  0  0  0  1  0  1  0  0  0  0  0  0  0  0  0
 -3.6889876045633098e-10  0  0  0  1  0  0  0  0  0  0  0  1  0  0  1  0
 -2.5216533414944846e-07  0  0  0  0  0  0  0  2  0  0  0  0  0  0  1  0
  7.3535342281758079e-02  0  0  0  0  0  0  0  0  1  2  0  0  0  1  0  1
  3.4843381376772314e-02  0  0  0  0  0  0  0  0  0  0  0  2  1  1  0  1
  7.4170164474728387e-06  1  0  2  0  0  0  0  0  0  0  0  0  1  0  1  0
 -5.5924061436460760e-10  1  0  0  0  0  1  0  1  0  0  0  0  0  0  0  0
 -1.8422612410999972e-02  0  0  0  0  0  0  0  0  0  0  0  0  0  2  1  2
 -5.8364160295412151e-02  0  0  0  0  0  0  0  0  0  1  0  2  1  0  0  1
 -8.8695686053765375e-11  0  0  0  0  0  0  1  0  0  1  0  0  0  1  0  0
  6.7006871385953806e-02  0  0  0  0  0  0  0  0  0  1  0  0  0  1  3  0
  5.8651011018871394e-05  0  0  0  0  2  0  1  0  0  0  0  0  0  0  0  2
 -3.3093788216110676e-10  1  0  0  0  0  0  0  0  1  0  1  0  0  0  0  0
  5.7803858900534390e-02  0  0  0  0  0  0  0  0  1  0  2  0  1  0  1  0
  2.8704714942482823e-06  3  0  0  0  0  0  0  0  0  0  0  0  1  0  1  0
 -3.7585046936761595e-10  1  0  0  0  0  0  0  0  0  1  0  1  0  0  0  0
  1.2794322887237405e-02  0  0  0  0  0  0  0  0  1  0  0  0  1  0  3  0
  3.6963875528993942e-08  1  0  1  0  0  0  0  0  0  0  0  0  1  0  0  0
  9.6954015370523776e-05  0  0  0  0  0  0  1  2  0  0  0  0  2  0  0  0
 -1.0855633770129396e-10  0  0  0  0  0  1  0  1  1  0  0  0  0  0  0  0
  1.2718301297774396e-05  0  0  0  0  1  3  0  1  0  0  0  0  0  0  0  0
 -1.8957693275917517e-07  0  0  3  2  0  0  0  0  0  0  0  0  0  0  0  0
 -2.5087987036227760e-06  3  0  0  0  0  0  0  0  0  0  0  0  0  1  0  1
  8.2120792196426059e-05  1  1  0  0  0  0  0  0  0  0  0  0  0  0  2  1
  4.9980550697863137e-11  0  2  0  0  0  0  0  0  0  0  1  0  0  0  0  0
 -1.3553137124679100e-02  0  0  0  0  0  0  0  0  0  1  0  0  1  0  0  3
  4.3539582487022745e-07  3  0  0  1  0  0  0  0  0  0  0  0  0  1  0  0
 -1.9227473641698618e-04  0  0  1  0  0  0  0  0  0  0  0  0  2  2  0  0
  5.3772848921626487e-11  1  0  0  1  0  0  0  0  0  1  0  0  0  0  0  0
  3.0667548335632851e-02  0  0  0  0  0  0  0  0  0  0  1  2  2  0  0  0
 -2.6258951592552844e-10  0  0  0  0  0  1  0  0  0  1  0  0  0  0  1  0
  1.2117120060229970e-07  0  1  0  0  0  0  0  0  0  0  0  0  1  0  0  1
 -2.8098708021231922e-05  0  0  1  0  0  0  0  0  0  0  0  0  0  0  4  0
  2.3301492226158779e-02  0  0  0  0  0  0  0  0  0  1  0  3  1  0  0  0
  7.8637462421192347e-07  0  3  0  1  0  0  0  0  0  0  0  0  1  0  0  0
  2.7300940015560159e-03  0  0  0  0  0  0  0  0  0  0  0  0  0  0  1  4
 -1.1278528010081104e-01  0  0  0  0  0  0  0  0  1  1  1  0  1  1  0  0
 -4.3426146326834424e-06  0  0  0  0  0  0  0  0  2  0  1  0  0  0  0  0
 -4.1194788977652622e-02  0  0  0  0  0  0  0  0  0  0  2  1  1  1  0  0
  2.7300940015560150e-03  0  0  0  0  0  0  0  0  0  0  0  0  0  0  5  0
  6.8623634016797054e-05  0  0  0  0  0  0  0  2  0  0  0  0  0  0  3  0
  8.3429115935125912e-10  0  0  0  0  1  0  0  0  0  0  0  1  0  1  0  0
 -1.4831231079368031e-04  0  0  0  0  0  0  2  1  0  0  0  0  0  0  1  1
  1.0335176709982163e-10  0  0  1  0  0  0  0  0  0  0  0  2  0  0  0  0
 -4.5026338532930840e-05  0  0  1  1  0  0  0  0  0  0  0  0  0  2  0  1
 -2.9592598700208295e-02  0  0  0  0  0  0  0  0  0  0  1  2  0  0  0  2
 -1.3951166386756450e-04  0  0  0  0  1  0  2  0  0  0  0  0  0  1  0  1
 -3.1356767459618087e-02  0  0  0  0  0  0  0  0  0  0  1  2  0  0  2  0
 -9.8307187085399736e-06  0  0  0  0  0  0  0  0  1  0  0  0  1  0  1  0
 -4.0473637020129218e-02  0  0  0  0  0  0  0  0  1  1  0  3  0  0  0  0
 -9.8403733025044751e-02  0  0  0  0  0  0  0  0  1  0  0  1  1  0  1  1
  3.5073299023647260e-10  0  1  0  0  1  0  0  0  0  0  0  0  0  0  0  1
 -1.3478865561065246e-05  0  3  0  0  0  0  0  0  0  0  0  0  0  1  1  0
  7.3411684911552135e-05  0  0  0  0  0  2  3  0  0  0  0  0  0  0  0  0
  2.6102723096315728e-04  0  0  0  0  0  0  1  1  0  0  0  0  0  0  2  1
 -1.5523746155566594e-05  0  0  0  1  0  0  0  0  0  0  0  0  1  1  2  0
  8.3552153611968532e-06  0  0  0  0  0  0  0  0  0  0  0  0  2  0  1  0
  2.3098841254042247e-02  0  0  0  0  0  0  0  0  0  4  0  0  0  0  1  0
  1.4939745132700301e-04  0  0  0  0  1  2  1  0  0  0  0  0  1  0  0  0
 -2.1977886951813169e-02  0  0  0  0  0  0  0  0  1  3  0  0  0  0  0  1
 -1.0614154304092221e-02  0  0  0  0  0  0  0  0  0  0  0  0  2  0  3  0
 -2.7546211021017531e-05  2  0  0  0  0  0  0  0  0  0  0  0  0  2  1  0
 -3.0914506587482486e-11  0  0  0  1  0  0  1  0  0  0  0  0  0  0  0  1
 -8.3274914818503354e-02  0  0  0  0  0  0  0  0  1  1  0  1  0  0  0  2
 -2.9480875289537960e-02  0  0  0  0  0  0  0  0  0  0  1  0  2  2  0  0
  1.4030337455815691e-04  0  0  0  0  0  2  1  0  0  0  0  0  0  0  0  2
 -3.0738069093121486e-10  0  0  0  0  0  0  0  1  0  0  1  0  0  0  0  1
  6.5346418594311125e-04  0  0  0  0  0  1  1  0  0  0  0  0  2  1  0  0
 -7.5154110979466838e-07  0  0  0  0  0  0  1  0  0  0  0  0  2  0  0  0
 -1.4107227830114241e-10  0  0  2  0  0  0  1  0  0  0  0  0  0  0  0  0
  8.4164475710184284e-06  0  0  1  2  0  0  0  0  0  0  0  0  2  0  0  0
 -4.8718894827485267e-02  0  0  0  0  0  0  0  0  1  0  1  0  1  0  0  2
  2.1313064743635427e-02  0  0  0  0  0  0  0  0  2  0  0  0  2  0  1  0
  2.4170569616688331e-06  0  0  2  2  0  0  0  0  0  0  0  0  0  0  1  0
  8.6993824974521655e-02  0  0  0  0  0  0  0  0  1  1  0  1  2  0  0  0
 -3.7375738367378070e-05  0  0  0  2  0  0  0  0  0  0  0  0  0  2  1  0
 -2.7902332773512901e-04  0  0  0  0  0  1  1  1  0  0  0  0  1  0  1  0
  1.1790216295765647e-01  0  0  0  0  0  0  0  0  1  0  1  1  1  0  0  1
  4.5811184799184138e-04  0  0  0  0  0  1  0  0  0  0  0  0  0  1  1  2
  2.1137026345127410e-01  0  0  0  0  0  0  0  0  1  1  1  1  0  0  1  0
 -1.5925907774633315e-10  0  0  1  0  0  0  0  0  0  0  0  1  0  0  0  1
  1.5904445390158478e-04  0  0  0  1  0  0  0  0  0  0  0  0  0  2  1  1
  7.9577858600523837e-03  0  0  0  0  0  0  0  0  0  0  0  0  4  0  1  0
 -8.4963233517204644e-07  1  0  3  0  0  0  0  0  0  0  0  0  1  0  0  0
 -1.9626041476162282e-05  1  0  1  0  0  0  0  0  0  0  0  0  1  0  2  0
 -1.3351048810829328e-02  0  0  0  0  0  0  0  0  0  0  0  1  0  0  1  3
  9.7391384973158559e-07  0  0  0  0  0  2  0  0  0  0  0  0  0  0  1  0
 -6.7929281324681989e-04  0  0  0  0  0  0  2  0  0  0  0  0  0  2  1  0
 -1.7347639395990223e-05  0  0  0  0  3  0  0  0  0  0  0  0  0  1  0  1
 -7.3300728529899425e-02  0  0  0  0  0  0  0  0  1  1  0  0  0  2  0  1
  6.7890823634321235e-04  0  0  0  0  0  2  0  0  0  0  0  0  2  0  1  0
  1.2771880170380805e-05  0  0  0  1  0  0  0  0  0  0  0  0  3  1  0  0
 -1.1871119234608949e-05  0  0  0  0  2  2  1  0  0  0  0  0  0  0  0  0
 -7.2740633164745857e-10  0  0  0  0  0  1  0  0  0  0  1  0  0  1  0  0
 -2.4240314353390453e-07  0  0  0  0  0  1  0  1  0  0  0  0  1  0  0  0
 -1.6814477151362475e-04  1  1  0  0  0  0  0  0  0  0  0  0  0  2  0  1
  1.5306681063466556e-04  0  2  0  0  0  0  0  0  0  0  0  0  0  2  1  0
  5.2934209015485900e-02  0  0  0  0  0  0  0  0  1  0  0  1  0  1  2  0
  4.7335695261040645e-02  0  0  0  0  0  0  0  0  0  1  0  1  1  0  2  0
 -9.7437789654970491e-02  0  0  0  0  0  0  0  0  0  1  0  1  0  1  1  1
  5.3079969075679897e-04  0  0  0  0  1  0  1  0  0  0  0  0  0  1  1  1
 -8.9523424593239337e-02  0  0  0  0  0  0  0  0  2  1  0  1  1  0  0  0
  2.7416138204786737e-07  0  2  0  0  0  0  0  0  0  0  0  0  0  0  1  0
  2.7115889972150626e-05  0  0  2  0  0  0  0  0  0  0  0  0  0  0  3  0
 -8.5095027029345453e-10  0  0  1  0  0  0  0  0  0  0  0  0  0  0  0  0
 -1.6210825585529376e-05  0  1  1  1  0  0  0  0  0  0  0  0  1  0  1  0
 -8.7363382206166883e-07  0  0  0  0  0  0  1  0  0  0  0  0  0  2  0  0
 -1.2929710474520759e-03  0  0  0  0  0  1  0  0  0  0  0  0  0  3  1  0
 -2.8074162030775052e-04  0  0  0  0  0  0  1  0  0  0  0  0  4  0  0  0
 -7.2509954049381902e-05  1  0  0  0  0  0  0  0  0  0  0  0  1  2  1  0
  7.6013512853150958e-02  0  0  0  0  0  0  0  0  0  1  1  0  2  1  0  0
 -1.6745245174156495e-04  0  0  0  0  0  1  0  0  0  0  0  0  1  0  0  3
  1.0105904456811404e-05  0  0  0  2  0  0  0  0  0  0  0  0  0  0  3  0
 -3.9047932712224328e-12  0  0  1  1  0  0  0  0  0  0  0  1  0  0  0  0
 -1.5160426823223950e-07  2  0  3  0  0  0  0  0  0  0  0  0  0  0  0  0
  9.8278784242820150e-07  0  0  0  0  0  0  1  0  0  0  0  0  0  0  2  0
  3.4843381376772307e-02  0  0  0  0  0  0  0  0  0  0  2  0  1  1  0  1
  1.3498025736227385e-10  0  0  1  0  0  2  0  0  0  0  0  0  0  0  0  0
  4.9033655715422272e-07  0  0  0  0  1  0  0  0  0  0  0  0  0  1  0  1
 -2.2156348554205977e-04  0  0  0  0  1  1  1  0  0  0  0  0  1  1  0  0
  1.2421079028825975e-04  0  0  0  0  0  0  0  1  0  0  0  0  3  1  0  0
  1.6160835240702384e-09  0  0  0  0  0  0  1  0  0  0  2  0  0  0  0  0
 -3.9639280318896474e-04  0  0  0  0  1  0  1  1  0  0  0  0  0  1  1  0
 -3.8849319643320058e-06  0  0  0  0  0  0  5  0  0  0  0  0  0  0  0  0
  2.1456630603016896e-05  0  0  0  0  3  0  0  0  0  0  0  0  1  0  1  0
 -1.2130607167847510e-01  0  0  0  0  0  0  0  0  0  1  3  0  0  1  0  0
 -8.1054127927646880e-06  1  0  2  0  0  0  0  0  0  0  0  0  0  1  0  1
 -3.0815714890671204e-07  0  2  0  2  0  0  0  0  0  0  0  0  0  0  1  0
  1.2239880561163137e-10  0  0  0  0  1  0  1  0  1  0  0  0  0  0  0  0
  8.4184870880072340e-05  0  1  0  0  0  0  0  0  0  0  0  0  1  2  0  1
 -4.8056746422929522e-02  0  0  0  0  0  0  0  0  0  2  0  0  0  0  3  0
  2.2749765547939635e-06  2  0  2  0  0  0  0  0  0  0  0  0  0  0  1  0
 -2.2478966416985538e-05  0  0  0  1  0  0  0  0  0  0  0  0  0  0  1  3
 -2.7785774302735501e-05  0  0  0  0  0  0  0  0  0  2  1  0  0  0  0  0
  9.7514957481731369e-03  0  0  0  0  0  0  0  0  2  0  0  0  0  2  1  0
  7.6805184278809071e-05  0  0  0  0  2  0  0  1  0  0  0  0  1  1  0  0
  2.2959368019067279e-05  1  0  1  0  0  0  0  0  0  0  0  0  3  0  0  0
  2.5223523339716951e-10  0  0  0  0  0  2  0  0  0  0  1  0  0  0  0  0
  2.5070024162918227e-02  0  0  0  0  0  0  0  0  0  0  0  2  0  0  1  2
  2.6113442036196057e-04  0  0  0  0  1  2  0  0  0  0  0  0  0  1  0  1
  7.7978696101325911e-06  0  0  3  0  0  0  0  0  0  0  0  0  2  0  0  0
  4.2406920745598377e-04  0  0  0  0  0  1  0  0  0  0  0  0  3  0  0  1
 -9.4788466379587556e-08  0  0  5  0  0  0  0  0  0  0  0  0  0  0  0  0
  1.8811128765852579e-10  0  0  0  1  1  0  0  0  0  0  0  0  0  1  0  0
  4.5423550138418628e-06  0  0  0  0  0  4  0  0  0  0  0  0  0  0  1  0
 -2.7873731347947856e-11  0  0  1  1  0  0  0  1  0  0  0  0  0  0  0  0
 -5.0235735522469497e-04  0  0  0  0  1  0  0  0  0  0  0  0  0  1  2  1
  2.4705234666350979e-05  0  0  0  0  2  0  2  0  0  0  0  0  0  0  1  0
 -7.8311776778130468e-05  1  0  0  0  0  0  0  0  0  0  0  0  0  1  2  1
 -1.3951166386756450e-04  0  0  0  0  0  1  0  2  0  0  0  0  1  0  0  1
 -2.1220862653474903e-02  0  0  0  0  0  0  0  0  0  0  1  0  0  4  0  0
  9.0610392087661067e-03  0  0  0  0  0  0  0  0  3  0  0  0  0  1  0  1
 -1.9782673312697776e-04  0  0  0  0  0  0  0  1  0  0  0  0  1  1  0  2
  2.7841937467558399e-05  0  0  0  0  0  0  1  3  0  0  0  0  0  0  0  1
 -4.5984494613289696e-05  0  2  0  0  0  0  0  0  0  0  0  0  0  0  3  0
  4.3272089116797668e-02  0  0  0  0  0  0  0  0  1  0  1  0  1  2  0  0
 -2.7194576081822060e-11  0  1  1  0  0  0  0  0  0  1  0  0  0  0  0  0
  1.3366899041070138e-04  0  2  0  0  0  0  0  0  0  0  0  0  2  0  1  0
  1.1131349311981880e-10  2  0  0  0  0  0  1  0  0  0  0  0  0  0  0  0
 -1.3351048810829326e-02  0  0  0  0  0  0  0  0  0  0  0  1  0  0  3  1
  1.1547394519223923e-05  1  0  0  2  0  0  0  0  0  0  0  0  1  0  1  0
 -5.5228974348622428e-05  1  0  0  1  0  0  0  0  0  0  0  0  1  0  1  1
 -2.6539984537839948e-04  0  0  0  0  1  0  1  0  0  0  0  0  1  0  0  2
 -4.3430529571245012e-02  0  0  0  0  0  0  0  0  0  0  2  0  2  0  1  0
 -1.2276578273616620e-02  0  0  0  0  0  0  0  0  3  0  0  1  0  1  0  0
 -2.0833019029069251e-03  0  0  0  0  0  0  0  0  2  0  0  0  0  0  3  0
  1.6007183399359554e-10  0  1  0  0  0  0  0  0  1  0  0  0  0  0  0  1
  9.0610392087661085e-03  0  0  0  0  0  0  0  0  0  3  0  0  1  0  0  1
 -1.9819640159448237e-04  0  0  0  0  0  1  2  0  0  0  0  0  1  0  0  1
 -4.0386311797163361e-06  0  0  0  0  0  0  0  0  0  0  0  0  0  0  3  0
  8.1031007100455668e-06  0  0  0  0  0  0  0  0  0  0  0  1  0  0  1  1
  2.5356640524418027e-05  0  1  0  1  0  0  0  0  0  0  0  0  1  0  0  2
  2.3443159670052054e-05  0  0  0  0  0  0  0  0  1  1  0  1  0  0  0  0
  1.2455730328927738e-07  0  1  1  0  0  0  0  0  0  0  0  0  0  1  0  0
  8.8427029790963063e-02  0  0  0  0  0  0  0  0  0  2  3  0  0  0  0  0
  4.9658051857897466e-12  1  1  0  0  0  0  0  1  0  0  0  0  0  0  0  0
 -2.1230419848698716e-06  0  0  2  1  0  0  0  0  0  0  0  0  1  1  0  0
  4.3591378570609089e-05  1  0  0  1  0  0  0  0  0  0  0  0  0  1  2  0
 -5.9793563201345809e-10  0  0  0  0  0  1  0  0  1  0  0  1  0  0  0  0
  6.8394100618245019e-10  0  0  0  0  1  0  0  0  0  1  0  0  0  0  0  1
  5.6151909394997360e-05  0  0  0  0  2  1  0  0  0  0  0  0  0  1  1  0
 -4.7995344988025591e-04  0  0  0  0  1  1  0  1  0  0  0  0  0  0  2  0
  4.2406920745598377e-04  0  0  0  0  1  0  0  0  0  0  0  0  0  3  0  1
  1.0634768793402955e-10  0  2  0  0  0  0  1  0  0  0  0  0  0  0  0  0
 -1.4558540700493597e-02  0  0  0  0  0  0  0  0  0  0  3  2  0  0  0  0
 -5.2406654469252060e-05  0  2  1  0  0  0  0  0  0  0  0  0  0  2  0  0
  1.1725831648347072e-04  0  0  0  0  0  0  2  0  0  0  0  0  1  1  0  1
  1.0979400042147042e-05  0  0  0  0  0  0  0  4  0  0  0  0  0  0  1  0
 -1.5400766779219190e-11  0  1  0  0  0  1  0  0  0  0  0  0  0  0  1  0
 -4.0495241059601024e-04  0  0  0  0  0  0  1  0  0  0  0  0  0  4  0  0
 -1.5520718759715304e-04  0  0  0  0  1  2  0  1  0  0  0  0  0  1  0  0
  1.6366719530224370e-06  1  3  0  0  0  0  0  0  0  0  0  0  0  0  0  1
 -6.8820166393852779e-05  0  0  0  0  0  0  0  3  0  0  0  0  0  0  1  1
  3.6184276790463092e-02  0  0  0  0  0  0  0  0  0  0  1  0  2  0  2  0
  5.9892236621386258e-05  0  0  0  0  0  2  0  1  0  0  0  0  1  1  0  0
  8.4063888872685805e-04  0  0  0  0  0  0  1  0  0  0  0  0  2  0  2  0
  8.8265062045727757e-06  0  0  0  0  0  0  0  0  1  0  0  0  0  1  0  1
 -3.4843381376772307e-02  0  0  0  0  0  0  0  0  0  2  0  0  1  1  0  1
  5.4878512989598939e-05  1  1  0  1  0  0  0  0  0  0  0  0  0  2  0  0
  1.5995743036904411e-06  0  2  0  1  0  0  0  0  0  0  0  0  0  0  1  1
  2.4936500284116535e-05  1  1  0  0  0  0  0  0  0  0  0  0  1  1  1  0
  2.1542394995874710e-07  3  1  0  1  0  0  0  0  0  0  0  0  0  0  0  0
  4.0580569534260601e-05  0  0  0  0  2  0  0  0  0  0  0  0  0  0  3  0
  4.4587848322310209e-10  0  0  0  0  1  0  0  1  0  1  0  0  0  0  0  0
  1.8610897214481014e-05  0  0  2  0  0  0  0  0  0  0  0  0  0  0  1  2
  3.6528887852996503e-02  0  0  0  0  0  0  0  0  0  1  0  0  1  2  0  1
 -5.0713281048836060e-05  0  1  0  1  0  0  0  0  0  0  0  0  0  1  1  1
  5.3912760021540516e-05  1  1  0  1  0  0  0  0  0  0  0  0  2  0  0  0
 -2.6103925592710157e-05  0  1  0  0  0  0  0  0  0  0  0  0  1  0  0  3
 -1.7320144240436490e-09  0  0  0  0  0  0  1  0  0  0  1  0  0  0  1  0
  6.4822807775321364e-06  2  0  1  0  0  0  0  0  0  0  0  0  0  2  0  0
  6.9295700819058703e-06  0  0  2  0  0  0  0  0  0  0  0  0  1  1  0  1
 -3.1940385599882851e-05  1  0  0  1  0  0  0  0  0  0  0  0  2  1  0  0
  1.8610897214481014e-05  0  0  0  2  0  0  0  0  0  0  0  0  0  0  1  2
  7.9978715184522043e-07  2  0  1  0  0  0  0  0  0  0  0  0  0  0  0  2
 -5.9265271745332402e-05  0  0  0  0  0  0  2  1  0  0  0  0  1  1  0  0
  1.1045707102112755e-06  0  0  1  3  0  0  0  0  0  0  0  0  0  0  0  1
 -4.4483263254010855e-04  0  0  0  0  1  0  0  0  0  0  0  0  1  2  1  0
  1.5818619259194898e-10  0  0  0  0  0  1  0  0  0  0  0  1  1  0  0  0
  1.7838187788602018e-05  1  0  1  1  0  0  0  0  0  0  0  0  1  0  0  1
  3.1487475113601109e-02  0  0  0  0  0  0  0  0  0  0  1  2  0  2  0  0
  9.3023336341166276e-06  0  0  3  0  0  0  0  0  0  0  0  0  0  2  0  0
 -3.5184599154329299e-04  0  0  0  0  0  2  0  0  0  0  0  0  0  0  3  0
  1.0448540919975198e-07  0  0  0  0  0  0  3  0  0  0  0  0  0  0  0  0
 -2.3037812772089725e-04  0  1  0  0  0  0  0  0  0  0  0  0  2  1  1  0
  5.0713281048836060e-05  1  0  1  0  0  0  0  0  0  0  0  0  0  1  1  1
 -7.2660403764955986e-02  0  0  0  0  0  0  0  0  0  1  1  2  0  1  0  0
 -1.4488757756554611e-07  0  0  2  0  0  0  0  0  0  0  0  0  0  0  1  0
 -2.6238979717371084e-10  0  0  0  0  0  0  2  0  0  0  1  0  0  0  0  0
 -6.9138253742122162e-06  2  1  0  1  0  0  0  0  0  0  0  0  1  0  0  0
  1.6300416092403998e-05  0  2  1  0  0  0  0  0  0  0  0  0  0  0  0  2
  1.2117120060229970e-07  1  0  0  0  0  0  0  0  0  0  0  0  0  1  0  1
 -1.4939745132700298e-04  0  0  0  0  2  1  0  1  0  0  0  0  1  0  0  0
  4.1642268587394234e-02  0  0  0  0  0  0  0  0  0  2  0  1  1  1  0  0
  4.3699045768596782e-02  0  0  0  0  0  0  0  0  2  0  0  1  1  1  0  0
 -1.8610897214481014e-05  2  0  0  0  0  0  0  0  0  0  0  0  0  0  1  2
 -3.6764357730411298e-02  0  0  0  0  0  0  0  0  0  2  0  2  0  0  1  0
 -1.6654982963700668e-01  0  0  0  0  0  0  0  0  1  1  1  0  0  0  1  1
  4.8906539025495336e-04  0  0  0  0  0  1  0  0  0  0  0  0  1  2  0  1
 -1.2320912001378979e-05  0  0  0  0  0  0  0  0  0  0  1  0  0  2  0  0
 -9.8340970294362585e-07  2  2  0  0  0  0  0  0  0  0  0  0  0  0  1  0
 -3.3718449625478306e-05  0  0  1  0  0  0  0  0  0  0  0  0  0  0  2  2
 -1.4759460762239159e-10  0  1  0  0  0  0  0  0  0  0  1  0  0  1  0  0
  1.7209260935738064e-02  0  0  0  0  0  0  0  0  0  0  3  0  2  0  0  0
  2.4913902974886770e-02  0  0  0  0  0  0  0  0  1  0  1  0  3  0  0  0
  2.4237292204617894e-07  0  0  0  0  1  0  1  0  0  0  0  0  1  0  0  0
  1.7782614408863751e-01  0  0  0  0  0  0  0  0  0  2  1  0  0  0  2  0
 -4.0659411374037301e-02  0  0  0  0  0  0  0  0  1  0  0  0  0  1  2  1
 -5.3505501663289367e-06  0  0  0  0  0  0  0  0  0  0  0  2  0  0  1  0
 -1.3221704234717328e-11  0  1  0  1  0  0  0  0  1  0  0  0  0  0  0  0
  2.4219795556271337e-02  0  0  0  0  0  0  0  0  2  2  0  0  0  0  1  0
 -1.4297632179069292e-04  0  0  0  0  0  0  3  0  0  0  0  0  0  0  2  0
 -9.4788466379587556e-08  0  0  1  4  0  0  0  0  0  0  0  0  0  0  0  0
  2.9523385398047742e-04  0  0  0  0  1  0  1  1  0  0  0  0  1  0  0  1
  6.5260074189127902e-03  0  0  0  0  0  0  0  0  0  0  0  4  0  0  1  0
  2.5070024162918227e-02  0  0  0  0  0  0  0  0  0  0  2  0  0  0  1  2
 -1.1172530421812186e-09  0  0  0  0  0  0  0  1  0  0  0  1  0  0  1  0
 -4.0078833437570455e-06  0  0  0  0  3  1  0  0  0  0  0  0  0  0  0  1
  8.4308488221742365e-06  1  1  0  2  0  0  0  0  0  0  0  0  0  0  0  1
  8.4184870880072327e-05  1  0  0  0  0  0  0  0  0  0  0  0  2  1  0  1
  2.7841937467558399e-05  0  0  0  0  0  0  3  1  0  0  0  0  0  0  0  1
  1.2703632694184472e-07  0  0  1  0  0  0  0  0  0  0  0  0  0  0  0  2
  1.5847168952888445e-08  0  0  0  1  0  0  0  0  0  0  0  0  1  1  0  0
  7.7859121638017409e-05  0  1  1  0  0  0  0  0  0  0  0  0  0  3  0  0
 -3.8849319643320058e-06  0  0  0  0  0  0  1  4  0  0  0  0  0  0  0  0
 -1.4909633827643049e-05  0  0  0  0  0  0  0  0  0  0  2  0  0  0  1  0
 -3.1343983093855894e-02  0  0  0  0  0  0  0  0  2  2  1  0  0  0  0  0
  4.2571447980437500e-02  0  0  0  0  0  0  0  0  0  0  0  1  2  0  1  1
 -2.2764854749442480e-04  0  0  0  0  0  0  1  0  0  0  0  0  0  0  2  2
 -1.5013105444005014e-04  0  0  0  0  0  1  3  0  0  0  0  0  0  1  0  0
  3.2600832184807995e-05  2  0  0  1  0  0  0  0  0  0  0  0  0  0  1  1
  3.0620035746334417e-11  0  0  1  0  0  0  0  2  0  0  0  0  0  0  0  0
  2.6057419312638431e-02  0  0  0  0  0  0  0  0  1  0  0  3  0  1  0  0
 -2.1492333991017734e-10  0  0  0  0  0  1  1  0  0  1  0  0  0  0  0  0
 -1.7217335965923080e-11  1  1  0  0  0  0  0  0  0  0  0  1  0  0  0  0
 -5.1102997348939680e-02  0  0  0  0  0  0  0  0  0  0  1  1  2  0  0  1
 -2.8339149576633946e-02  0  0  0  0  0  0  0  0  0  0  0  1  1  1  0  2
  7.4703087226157552e-02  0  0  0  0  0  0  0  0  1  0  2  1  0  1  0  0
 -6.3329744560336953e-04  0  0  0  0  1  1  1  0  0  0  0  0  0  0  1  1
  8.4963233517204654e-07  0  1  0  3  0  0  0  0  0  0  0  0  1  0  0  0
 -3.4858888034204329e-05  0  0  0  0  0  2  0  2  0  0  0  0  0  0  1  0
 -1.8422612410999979e-02  0  0  0  0  0  0  0  0  0  0  0  0  2  0  1  2
  7.8880689014938343e-06  2  1  0  0  0  0  0  0  0  0  0  0  0  1  1  0
 -6.2899811031510849e-02  0  0  0  0  0  0  0  0  0  1  2  0  1  0  0  1
 -5.9043326205785091e-05  0  0  0  0  2  0  1  0  0  0  0  0  0  0  2  0
  6.6690172445133938e-05  0  1  1  0  0  0  0  0  0  0  0  0  1  0  1  1
 -7.3107646615509531e-02  0  0  0  0  0  0  0  0  1  2  0  0  1  0  1  0
 -3.0116131296497884e-06  0  0  3  0  0  0  0  0  0  0  0  0  0  0  0  2
  6.7969408923072134e-04  0  0  0  0  0  0  0  1  0  0  0  0  2  0  1  1
 -2.7562749968904899e-07  2  2  1  0  0  0  0  0  0  0  0  0  0  0  0  0
 -2.2218188747222933e-11  0  0  0  0  0  0  1  1  0  0  0  1  0  0  0  0
  7.8881043067406540e-05  0  0  0  0  0  0  3  0  0  0  0  0  2  0  0  0
 -7.5794895943024042e-08  0  0  1  1  0  0  0  0  0  0  0  0  0  0  0  1
 -1.8589428362776044e-05  0  0  0  0  2  1  1  0  0  0  0  0  0  1  0  0
 -1.1675233382131372e-02  0  0  0  0  0  0  0  0  2  0  2  0  0  0  1  0
  3.4737234169674601e-05  1  1  1  1  0  0  0  0  0  0  0  0  0  0  1  0
 -2.5816138650872594e-06  0  0  0  0  2  0  0  0  0  0  0  0  2  0  1  0
  2.0234990963453482e-04  0  0  0  0  1  0  1  0  0  0  0  0  3  0  0  0
  1.2960850017411841e-02  0  0  0  0  0  0  0  0  0  0  0  1  1  3  0  0
 -4.4543893045288316e-02  0  0  0  0  0  0  0  0  1  0  0  1  2  1  0  0
 -1.6688811013536656e-02  0  0  0  0  0  0  0  0  0  0  1  0  0  0  4  0
  1.6496014472545578e-08  0  0  1  2  0  0  0  0  0  0  0  0  0  0  0  0
 -1.3863153067588412e-05  1  0  0  2  0  0  0  0  0  0  0  0  0  1  0  1
 -5.5945662107035026e-04  0  0  0  0  1  0  0  1  0  0  0  0  1  0  1  1
  2.6507102029574803e-10  0  0  0  0  1  0  0  0  0  0  1  0  1  0  0  0
 -7.2792703502468012e-03  0  0  0  0  0  0  0  0  0  0  1  4  0  0  0  0
  6.7643654976314635e-11  0  0  0  1  0  0  0  0  0  1  0  0  1  0  0  0
  2.3526300300637883e-10  1  0  0  0  0  0  0  0  1  0  0  0  0  0  1  0
 -2.2742562783359018e-10  0  1  0  0  0  0  1  0  0  0  0  0  0  1  0  0
 -8.4925000410796455e-05  0  0  0  0  1  0  1  2  0  0  0  0  1  0  0  0
 -1.2871893006432843e-10  0  0  1  0  0  1  0  0  0  0  0  0  0  1  0  0
 -2.0081450732940744e-06  2  1  1  0  0  0  0  0  0  0  0  0  0  1  0  0
  4.9800737551852475e-05  0  0  0  0  0  0  2  2  0  0  0  0  0  0  1  0
 -4.3632086612344157e-11  0  0  2  0  0  0  0  0  0  0  1  0  0  0  0  0
  2.6539984537839954e-04  0  0  0  0  0  1  0  1  0  0  0  0  1  0  0  2
  2.1618851188439137e-02  0  0  0  0  0  0  0  0  0  0  1  0  2  0  0  2
  4.1301899093312090e-02  0  0  0  0  0  0  0  0  0  0  2  0  0  0  3  0
 -2.0234990963453482e-04  0  0  0  0  0  1  0  1  0  0  0  0  3  0  0  0
 -6.0232262592995751e-06  0  0  0  3  0  0  0  0  0  0  0  0  0  0  1  1
 -3.3259795013395051e-07  0  0  1  0  0  0  0  0  0  0  0  0  2  0  0  0
 -9.0627619197721096e-02  0  0  0  0  0  0  0  0  1  2  0  1  0  1  0  0
 -1.4993923859325423e-10  0  1  0  0  0  0  0  0  1  0  0  1  0  0  0  0
 -2.1727694739040029e-04  0  0  0  0  0  0  0  2  0  0  0  0  2  0  1  0
 -2.4913902974886760e-02  0  0  0  0  0  0  0  0  0  1  0  1  3  0  0  0
 -7.1947160139677890e-02  0  0  0  0  0  0  0  0  1  0  1  2  1  0  0  0
  4.8718894827485253e-02  0  0  0  0  0  0  0  0  0  1  0  1  1  0  0  2
 -3.4475754937294905e-04  0  0  0  0  0  0  1  1  0  0  0  0  2  0  0  1
 -4.0386311797163361e-06  0  0  0  0  0  0  0  0  0  0  0  0  0  0  1  2
  1.0200037020650449e-04  0  0  0  0  0  0  1  2  0  0  0  0  0  2  0  0
  8.0684348183862576e-05  1  0  0  0  0  0  0  0  0  0  0  0  0  3  0  1
 -9.0348393889493609e-06  0  0  1  2  0  0  0  0  0  0  0  0  0  0  2  0
 -1.7890162736512456e-09  0  0  0  0  1  0  0  0  0  1  0  1  0  0  0  0
  1.1172383669134870e-02  0  0  0  0  0  0  0  0  3  0  1  0  1  0  0  0
  3.9167941059459617e-04  0  0  0  0  1  1  0  0  0  0  0  0  1  1  1  0
  6.5590648293686990e-04  0  0  0  0  0  2  1  0  0  0  0  0  0  0  2  0
  2.3425374320723242e-02  0  0  0  0  0  0  0  0  0  0  0  0  1  1  2  1
 -1.2559489999397599e-02  0  0  0  0  0  0  0  0  2  0  1  0  0  2  0  0
 -9.5590836613141141e-06  0  0  0  0  0  0  0  0  0  0  1  1  0  0  0  1
 -3.4499621064971413e-07  0  1  0  0  0  0  0  0  0  0  0  0  0  1  1  0
  3.2931482989648958e-06  0  1  2  1  0  0  0  0  0  0  0  0  1  0  0  0
  1.9074349332455689e-02  0  0  0  0  0  0  0  0  0  0  0  0  0  4  1  0
 -5.7911046386525014e-02  0  0  0  0  0  0  0  0  0  2  1  0  2  0  0  0
  2.1063439357103240e-10  0  0  0  0  0  0  1  0  0  0  0  2  0  0  0  0
 -2.0026573216243987e-02  0  0  0  0  0  0  0  0  0  0  1  0  0  0  2  2
 -3.5863820910068318e-06  0  1  1  2  0  0  0  0  0  0  0  0  0  1  0  0
  5.0768266839266792e-06  0  0  0  0  2  2  0  0  0  0  0  0  0  0  1  0
  7.6597605864331183e-05  0  1  1  0  0  0  0  0  0  0  0  0  2  1  0  0
  1.2771880170380807e-05  0  0  0  1  0  0  0  0  0  0  0  0  1  3  0  0
 -2.3911666432814311e-04  0  0  0  0  0  1  0  1  0  0  0  0  1  2  0  0
 -7.5472506818403040e-05  0  0  2  0  0  0  0  0  0  0  0  0  2  0  1  0
  1.1297238653599083e-01  0  0  0  0  0  0  0  0  0  3  1  0  0  1  0  0
 -3.1329125737131423e-07  0  0  0  0  1  0  0  1  0  0  0  0  0  1  0  0
  3.0033180155438033e-01  0  0  0  0  0  0  0  0  0  1  2  0  0  1  1  0
 -1.9819640159448240e-04  0  0  0  0  1  0  0  2  0  0  0  0  0  1  0  1
 -1.3290719501706892e-10  0  1  0  0  1  0  0  1  0  0  0  0  0  0  0  0
  6.8606521369372442e-10  1  0  0  0  1  0  0  0  0  0  0  0  0  0  1  0
 -5.4714368406747935e-04  0  0  0  0  0  2  1  0  0  0  0  0  0  2  0  0
 -1.2609472621107173e-01  0  0  0  0  0  0  0  0  1  1  2  1  0  0  0  0
 -4.1724696965263755e-11  0  1  0  1  1  0  0  0  0  0  0  0  0  0  0  0
 -4.0078833437570472e-06  0  0  0  0  1  3  0  0  0  0  0  0  0  0  0  1
  9.9200625812398153e-04  0  0  0  0  0  2  0  0  0  0  0  0  0  2  1  0
 -5.7755711602497557e-07  0  0  0  0  0  0  2  0  0  0  0  0  0  0  1  0
 -8.9979390596307191e-12  0  1  0  0  0  0  0  1  0  0  0  0  1  0  0  0
  3.5517396189165853e-11  0  0  1  0  0  0  0  0  0  2  0  0  0  0  0  0
  8.7009076987719131e-05  0  0  0  0  0  0  1  1  0  0  0  0  0  0  0  3
  3.8347105238427923e-04  0  0  0  0  1  0  0  1  0  0  0  0  0  1  2  0
 -6.0143434269619743e-08  2  0  0  0  0  0  0  0  0  0  0  0  0  0  1  0
  6.7710724483355199e-05  0  1  0  0  0  0  0  0  0  0  0  0  0  1  1  2
 -1.1203775679940266e-01  0  0  0  0  0  0  0  0  0  0  2  0  0  2  1  0
  3.0496939212821695e-02  0  0  0  0  0  0  0  0  0  0  4  0  0  0  1  0
  2.4220883792753505e-05  1  0  1  0  0  0  0  0  0  0  0  0  1  2  0  0
  2.1542394995874710e-07  1  3  0  1  0  0  0  0  0  0  0  0  0  0  0  0
  6.8394100618245122e-10  0  0  0  0  0  1  0  0  1  0  0  0  0  0  0  1
 -2.7170913599077643e-02  0  0  0  0  0  0  0  0  0  0  0  2  0  2  1  0
  5.9895123749217154e-05  0  2  1  0  0  0  0  0  0  0  0  0  0  0  2  0
  5.1354148168179044e-05  0  1  2  0  0  0  0  0  0  0  0  0  0  1  1  0
  8.8381492325243574e-03  0  0  0  0  0  0  0  0  0  0  0  2  0  0  3  0
  5.8863984161633041e-04  0  0  0  0  1  1  0  0  0  0  0  0  0  0  2  1
  6.1165667269800897e-02  0  0  0  0  0  0  0  0  1  0  0  2  1  0  1  0
 -1.1031858357105816e-04  0  0  0  0  0  2  1  1  0  0  0  0  0  0  0  1
  4.8756941166422504e-04  0  0  0  0  1  1  1  1  0  0  0  0  0  0  1  0
 -6.8741691594899774e-10  0  0  1  0  0  0  0  0  0  0  1  0  0  0  1  0
  5.3253252452029346e-10  0  0  0  0  0  0  0  1  1  0  0  0  0  1  0  0
 -1.8496462968310797e-05  1  2  0  0  0  0  0  0  0  0  0  0  1  0  1  0
 -8.9865974824289447e-06  1  1  1  0  0  0  0  0  0  0  0  0  1  1  0  0
  9.7437789654970505e-02  0  0  0  0  0  0  0  0  1  0  1  0  0  1  1  1
 -1.5925907774633322e-10  0  0  0  1  0  0  0  0  0  0  1  0  0  0  0  1
 -4.7335695261040651e-02  0  0  0  0  0  0  0  0  1  0  1  0  1  0  2  0
  2.1422116542446842e-02  0  0  0  0  0  0  0  0  0  1  0  0  3  0  0  1
 -2.2785693961062300e-04  0  0  0  0  1  0  1  0  0  0  0  0  1  0  2  0
 -1.3863153067588411e-05  0  1  2  0  0  0  0  0  0  0  0  0  1  0  0  1
 -3.0914506587482454e-11  0  0  1  0  0  0  0  1  0  0  0  0  0  0  0  1
 -4.7455790036256568e-06  0  0  0  0  0  0  0  0  0  0  0  0  1  1  0  1
  2.8266103309941008e-02  0  0  0  0  0  0  0  0  1  3  0  1  0  0  0  0
  1.5563271100451617e-04  0  0  0  0  0  0  2  0  0  0  0  0  0  0  1  2
  1.2945717465030721e-01  0  0  0  0  0  0  0  0  0  2  0  0  0  2  1  0
 -1.4093338459043331e-06  0  0  0  0  0  1  0  0  0  0  0  0  0  1  1  0
  8.0684348183862563e-05  0  1  0  0  0  0  0  0  0  0  0  0  3  0  0  1
  3.8821337509705446e-05  0  0  0  0  0  0  4  0  0  0  0  0  0  0  1  0
 -2.7614487174311221e-05  0  1  1  0  0  0  0  0  0  0  0  0  0  1  0  2
  1.9621328053877682e-04  0  0  0  0  1  1  0  0  0  0  0  0  0  0  0  3
 -1.5512579899421485e-09  0  0  0  0  0  0  1  0  0  0  0  0  0  0  0  0
 -2.0880813509606331e-02  0  0  0  0  0  0  0  0  1  0  0  0  3  0  1  0
 -5.9185197400416605e-02  0  0  0  0  0  0  0  0  0  0  2  1  0  0  1  1
  1.5502873297934894e-05  1  0  0  0  0  0  0  0  0  0  0  0  1  0  3  0
 -3.9565346625395546e-04  0  0  0  0  0  0  1  0  0  0  0  0  1  1  1  1
 -6.4361696174332564e-10  0  0  1  0  0  0  1  0  0  0  0  0  0  0  1  0
  1.1991857566877553e-04  0  1  0  0  0  0  0  0  0  0  0  0  0  1  3  0
  3.7022946631734478e-02  0  0  0  0  0  0  0  0  0  0  2  2  0  0  1  0
  2.2986722260011305e-02  0  0  0  0  0  0  0  0  1  1  0  0  0  0  0  3
 -2.6091378073690656e-02  0  0  0  0  0  0  0  0  0  0  0  2  2  0  1  0
  5.4514932666874860e-06  0  0  0  0  0  0  0  0  0  0  0  1  1  1  0  0
  2.7443998341888828e-05  0  0  0  0  0  2  1  2  0  0  0  0  0  0  0  0
 -8.8588606309819951e-07  0  0  0  3  0  0  0  0  0  0  0  0  1  1  0  0
 -3.4410083196926390e-05  0  0  0  0  0  0  3  0  0  0  0  0  0  0  0  2
  2.7261035875949203e-05  0  0  0  0  2  0  1  0  0  0  0  0  0  2  0  0
 -1.2279748646531062e-03  0  0  0  0  0  1  0  0  0  0  0  0  2  1  1  0
 -1.6754332386562681e-10  0  0  1  0  2  0  0  0  0  0  0  0  0  0  0  0
 -5.8477151184735625e-06  2  0  1  1  0  0  0  0  0  0  0  0  0  0  0  1
 -8.8549691203636163e-02  0  0  0  0  0  0  0  0  1  1  0  1  0  0  2  0
  1.9485182579976244e-10  0  1  0  0  0  0  0  0  0  1  1  0  0  0  0  0
 -2.5070024162918220e-02  0  0  0  0  0  0  0  0  0  2  0  0  0  0  1  2
  6.6091152310397710e-11  1  0  1  0  1  0  0  0  0  0  0  0  0  0  0  0
 -6.8569403090376082e-04  0  0  0  0  0  0  1  0  0  0  0  0  2  2  0  0
 -6.9092681622522076e-08  0  0  0  2  0  0  0  0  0  0  0  0  0  0  1  0
 -8.5945140164694922e-06  2  0  1  0  0  0  0  0  0  0  0  0  0  0  2  0
  6.9138253742122162e-06  1  2  1  0  0  0  0  0  0  0  0  0  1  0  0  0
 -7.8637462421192347e-07  3  0  1  0  0  0  0  0  0  0  0  0  1  0  0  0
  2.7373597398808689e-05  1  1  0  0  0  0  0  0  0  0  0  0  0  0  0  3
 -2.8469790031035326e-06  0  0  0  0  2  0  3  0  0  0  0  0  0  0  0  0
  2.5893085194724806e-10  0  0  0  0  0  0  1  0  0  2  0  0  0  0  0  0
  3.2759594747606720e-07  0  0  0  0  0  0  1  0  0  0  0  0  0  0  0  2
 -1.1725831648347072e-04  0  0  0  0  2  0  0  0  0  0  0  0  1  1  0  1
  2.1285723990218747e-02  0  0  0  0  0  0  0  0  0  0  1  0  0  2  0  2
  2.2988277838496249e-10  1  0  0  1  0  1  0  0  0  0  0  0  0  0  0  0
  8.9523424593239337e-02  0  0  0  0  0  0  0  0  1  2  1  0  1  0  0  0
  1.3100794364822513e-05  0  0  0  0  0  0  0  0  0  0  0  0  0  2  1  0
  3.2663112503940557e-07  4  0  0  0  0  0  0  0  0  0  0  0  0  0  1  0
 -4.9201866512522403e-02  0  0  0  0  0  0  0  0  0  1  1  0  0  1  0  2
  1.0152326251903316e-04  0  0  0  0  1  0  2  1  0  0  0  0  0  1  0  0
 -2.2233015036295342e-04  0  0  0  0  0  3  0  0  0  0  0  0  0  1  1  0
  1.0055708286624372e-01  0  0  0  0  0  0  0  0  1  1  0  2  0  0  0  1
 -1.0323024959077917e-04  0  0  0  0  0  0  1  2  0  0  0  0  0  0  2  0
  2.6113442036196046e-04  0  0  0  0  2  1  0  0  0  0  0  0  1  0  0  1
 -8.7732955550559784e-04  0  0  0  0  1  1  0  0  0  0  0  0  0  2  0  1
 -2.5520017315393575e-10  0  0  1  0  0  0  0  0  2  0  0  0  0  0  0  0
 -2.6494504412563927e-05  1  1  0  1  0  0  0  0  0  0  0  0  0  0  0  2
  6.4792411641800399e-02  0  0  0  0  0  0  0  0  2  0  0  1  0  0  1  1
  8.4925000410796469e-05  0  0  0  0  0  1  2  1  0  0  0  0  1  0  0  0
 -2.1977886951813165e-02  0  0  0  0  0  0  0  0  3  1  0  0  0  0  0  1
 -3.4475754937294899e-04  0  0  0  0  0  0  1  1  0  0  0  0  0  2  0  1
 -1.0452255819872696e-02  0  0  0  0  0  0  0  0  0  0  3  0  0  0  0  2
  4.7146563061878667e-11  0  1  0  0  0  0  0  0  0  0  0  1  1  0  0  0
  3.6528887852996503e-02  0  0  0  0  0  0  0  0  1  0  0  0  2  1  0  1
 -3.6188952631433237e-05  0  0  0  2  0  0  0  0  0  0  0  0  2  0  1  0
  4.7207945100111008e-04  0  0  0  0  1  1  0  1  0  0  0  0  0  2  0  0
  4.0347577198009773e-10  0  0  1  0  0  0  2  0  0  0  0  0  0  0  0  0
  8.4308488221742382e-06  1  1  2  0  0  0  0  0  0  0  0  0  0  0  0  1
  9.2529448745510598e-02  0  0  0  0  0  0  0  0  0  0  1  0  0  2  2  0
  1.6988270627161340e-04  0  0  0  0  1  1  2  0  0  0  0  0  0  0  0  1
 -9.1229725033041775e-02  0  0  0  0  0  0  0  0  0  3  0  0  0  1  1  0
  2.5409042700794376e-04  0  0  1  0  0  0  0  0  0  0  0  0  0  2  2  0
  4.8695624791181613e-02  0  0  0  0  0  0  0  0  0  0  1  1  0  0  2  1
  2.0031632607811656e-10  0  1  0  0  0  1  1  0  0  0  0  0  0  0  0  0
  1.9626041476162282e-05  0  1  0  1  0  0  0  0  0  0  0  0  1  0  2  0
  3.1727121630295167e-04  0  0  0  0  1  0  0  1  0  0  0  0  0  1  0  2
  6.9023094063671957e-04  0  0  0  0  0  1  1  0  0  0  0  0  0  3  0  0
 -1.5176569832961654e-04  0  0  0  0  0  0  0  1  0  0  0  0  0  0  3  1
 -1.4625344742301459e-07  0  0  0  0  2  0  0  0  0  0  0  0  0  0  1  0
  1.8858135758936300e-05  2  1  0  0  0  0  0  0  0  0  0  0  1  0  0  1
  7.3535342281758065e-02  0  0  0  0  0  0  0  0  2  1  0  0  1  0  0  1
 -4.3272089116797662e-02  0  0  0  0  0  0  0  0  0  1  0  1  1  2  0  0
 -2.3301492226158769e-02  0  0  0  0  0  0  0  0  1  0  3  0  1  0  0  0
  7.9301675147497135e-04  0  0  0  0  0  1  0  0  0  0  0  0  0  1  3  0
  2.3970931793908908e-02  0  0  0  0  0  0  0  0  0  0  3  1  0  0  0  1
 -2.3155044219824676e-04  0  0  0  0  0  0  0  2  0  0  0  0  0  2  1  0
 -1.1116563472403305e-02  0  0  0  0  0  0  0  0  0  0  0  0  1  3  0  1
 -8.9751428123302680e-05  0  0  1  0  0  0  0  0  0  0  0  0  4  0  0  0
  6.9861857723847504e-04  0  0  0  0  0  0  0  1  0  0  0  0  0  2  1  1
  4.5616485195491788e-02  0  0  0  0  0  0  0  0  0  2  1  2  0  0  0  0
 -1.3100408279830312e-06  0  4  0  0  0  0  0  0  0  0  0  0  0  0  1  0
 -6.5769115413462174e-10  0  0  0  0  0  0  1  0  2  0  0  0  0  0  0  0
 -2.4303895960508483e-05  0  0  0  0  1  0  3  0  0  0  0  0  1  0  0  0
 -8.4880664980811605e-11  0  1  0  0  0  0  0  0  0  1  0  0  0  0  1  0
  8.9050602155724204e-02  0  0  0  0  0  0  0  0  1  1  0  1  0  2  0  0
  2.1422116542446849e-02  0  0  0  0  0  0  0  0  1  0  0  0  0  3  0  1
