758
 -7.0839174349925267e-03  1  1  0  1  1  0  0  1  0  0  0  0  0  0  0  0
  5.8326310605655278e-07  0  1  0  0  0  0  0  0  2  0  0  0  0  0  0  0
  1.2736742299901982e-04  2  0  0  0  0  0  0  0  0  1  0  2  0  0  0  0
  8.1258509009090177e-06  1  0  0  3  0  0  0  0  0  0  1  0  0  0  0  0
  3.1169171104016377e-04  1  0  0  0  1  1  0  0  0  0  0  0  0  0  0  0
  1.9430495934836563e-04  0  0  2  0  0  0  0  0  1  0  1  1  0  0  0  0
  9.8210289929559218e-07  0  3  1  0  0  0  0  0  0  0  0  0  0  0  1  0
  1.3290719501706892e-10  0  0  0  0  1  0  0  1  0  0  0  0  0  0  1  0
 -1.2261976890943037e-02  0  0  1  2  1  0  0  1  0  0  0  0  0  0  0  0
  2.8302202441660863e-02  0  0  0  1  0  1  2  1  0  0  0  0  0  0  0  0
  7.5263961108683275e-06  0  2  0  0  0  0  0  0  0  0  0  0  1  0  1  1
  7.7168308560901363e-12  0  0  0  0  0  0  0  0  1  0  0  0  1  1  0  0
 -9.8860559464872233e-07  2  0  2  0  0  0  0  0  0  1  0  0  0  0  0  0
  1.5565861557252101e-02  2  0  0  1  1  0  1  0  0  0  0  0  0  0  0  0
 -2.0031632607811656e-10  0  0  0  0  0  1  1  0  0  0  0  0  0  0  1  0
  1.7264710901168919e-04  0  0  2  0  0  0  0  0  2  1  0  0  0  0  0  0
  1.4465458984737190e-05  0  1  0  2  0  0  0  0  0  0  2  0  0  0  0  0
 -1.3484431903116082e-04  0  0  1  1  0  0  0  0  1  2  0  0  0  0  0  0
  3.6959422035639655e-08  0  0  0  1  0  0  0  0  0  0  0  0  1  0  1  0
  1.6245071555916362e-04  1  1  0  1  0  0  0  0  0  1  1  0  0  0  0  0
 -3.3345086222566969e-05  0  0  1  0  0  0  0  0  0  0  0  0  1  0  2  1
  7.6429045106216493e-07  0  1  0  0  0  0  0  0  0  2  0  0  0  0  0  0
  7.6364134493444756e-03  0  1  2  0  0  0  0  2  0  0  0  0  0  0  0  0
  4.6429113873341819e-05  0  0  1  0  0  0  0  0  0  0  0  0  0  1  3  0
 -1.1856844603469258e-10  0  0  0  0  0  0  0  0  0  2  0  0  0  1  0  0
  3.4730356847913702e-07  0  0  0  1  0  0  0  0  1  0  1  0  0  0  0  0
 -1.7745967745155886e-02  1  0  0  2  0  0  1  1  0  0  0  0  0  0  0  0
  1.7798072599291722e-02  0  2  2  0  0  1  0  0  0  0  0  0  0  0  0  0
 -1.2317875400892010e-09  0  0  0  0  0  0  0  0  0  1  0  0  0  0  0  0
  2.9080891206719481e-04  0  1  0  0  0  0  0  0  0  0  2  2  0  0  0  0
 -3.0643517792587134e-03  0  0  4  0  0  1  0  0  0  0  0  0  0  0  0  0
  3.0815714890671204e-07  0  1  0  2  0  0  0  0  0  0  0  0  0  0  2  0
 -3.5806692634691661e-02  0  0  1  1  0  1  1  1  0  0  0  0  0  0  0  0
  2.2007530960865133e-05  0  1  0  0  0  0  0  0  0  0  0  0  0  2  0  2
  4.9538661939542428e-03  1  2  1  1  0  0  0  0  0  0  0  0  0  0  0  0
  2.8895737432248129e-07  0  1  0  0  0  0  0  0  0  0  0  2  0  0  0  0
 -1.7149451736905817e-02  0  0  0  0  2  3  0  0  0  0  0  0  0  0  0  0
 -2.8139797787905605e-05  1  0  2  0  0  0  0  0  1  1  0  0  0  0  0  0
  2.3099218510240879e-03  2  0  0  0  0  1  2  0  0  0  0  0  0  0  0  0
 -7.7874535809318592e-05  2  0  0  1  0  0  0  0  0  1  0  1  0  0  0  0
  2.3165942088523938e-05  0  1  0  0  0  0  0  0  0  0  0  0  4  0  0  0
 -2.2028571805364650e-02  0  0  0  0  0  1  2  2  0  0  0  0  0  0  0  0
  1.9288880085145992e-06  1  0  0  0  0  0  0  0  0  0  1  1  0  0  0  0
  2.4990871285817191e-02  0  1  1  1  0  0  1  1  0  0  0  0  0  0  0  0
  4.1346186013017337e-03  0  2  1  0  1  0  0  1  0  0  0  0  0  0  0  0
  1.1518906386044862e-04  0  0  0  0  0  0  0  0  0  0  0  0  2  1  2  0
 -1.0141178466693841e-02  2  0  1  1  1  0  0  0  0  0  0  0  0  0  0  0
  1.9263612347196348e-11  0  0  0  0  2  0  0  0  0  0  0  0  0  1  0  0
  9.3406748301997217e-03  0  3  1  0  0  0  1  0  0  0  0  0  0  0  0  0
 -1.6125127299802054e-02  0  1  3  0  0  0  1  0  0  0  0  0  0  0  0  0
 -4.0237516632863935e-04  0  0  0  0  0  3  0  0  0  0  0  0  0  0  0  0
  4.4701797166263501e-06  0  0  3  1  0  0  0  0  1  0  0  0  0  0  0  0
  3.0921504028683084e-09  0  0  0  0  0  0  1  0  0  1  1  0  0  0  0  0
  3.2277903922621927e-03  2  1  0  0  0  2  0  0  0  0  0  0  0  0  0  0
 -1.0817270542690044e-12  1  0  0  0  0  1  0  0  0  0  0  0  1  0  0  0
 -1.7420911869784672e-10  0  0  0  0  0  0  0  0  0  0  1  0  1  0  0  1
 -1.1486954894043383e-02  0  0  2  1  1  0  1  0  0  0  0  0  0  0  0  0
 -7.0785690716084675e-12  1  0  0  0  0  1  0  0  1  0  0  0  0  0  0  0
 -5.8640968861548064e-02  0  0  1  0  0  3  1  0  0  0  0  0  0  0  0  0
 -1.7157621124189064e-03  2  1  0  2  0  0  0  0  0  0  0  0  0  0  0  0
 -3.1131723114504198e-02  1  1  1  0  1  0  1  0  0  0  0  0  0  0  0  0
 -4.4385591222112215e-10  0  0  0  1  0  1  0  0  0  0  0  1  0  0  0  0
 -6.1741461057626801e-06  0  1  1  0  0  0  0  0  0  0  0  0  1  1  0  1
 -5.6841797435831804e-05  0  3  0  0  0  0  0  2  0  0  0  0  0  0  0  0
 -1.7683368889617037e-05  0  1  2  0  0  0  0  0  0  0  0  0  0  2  0  0
 -7.7859121638017409e-05  0  0  1  0  0  0  0  0  0  0  0  0  0  3  1  0
 -3.5073299023647260e-10  0  0  0  0  1  0  0  0  0  0  0  0  0  0  1  1
 -1.0323156876655483e-09  0  0  1  0  0  0  0  1  1  0  0  0  0  0  0  0
  3.3430481631748708e-07  1  0  0  0  0  0  0  0  0  0  0  0  0  0  1  1
  1.9421339689585715e-06  0  0  0  0  0  0  0  0  0  1  2  0  0  0  0  0
  9.2459254115697726e-06  0  1  2  0  0  0  0  0  0  0  0  0  0  0  0  2
 -1.5040054591976442e-09  0  1  0  0  0  0  1  0  0  0  1  0  0  0  0  0
  2.0908427081791764e-07  0  1  1  0  0  0  0  0  0  0  0  0  0  0  1  0
 -2.7416138204786737e-07  0  1  0  0  0  0  0  0  0  0  0  0  0  0  2  0
 -9.5379697109662064e-03  0  0  2  0  0  1  0  2  0  0  0  0  0  0  0  0
  1.4025199752029459e-04  1  0  1  1  0  0  0  0  2  0  0  0  0  0  0  0
 -5.7732641170057128e-04  0  0  0  0  0  0  0  0  4  1  0  0  0  0  0  0
  2.6200816559660624e-06  0  3  0  0  0  0  0  0  0  0  0  0  0  0  2  0
  1.1394078987853606e-03  0  1  1  0  0  0  0  0  0  2  1  0  0  0  0  0
 -1.5150037016897145e-09  0  0  0  0  0  0  2  0  0  1  0  0  0  0  0  0
 -2.4645953883918161e-03  1  0  3  1  0  0  0  0  0  0  0  0  0  0  0  0
  5.0314410867834343e-02  1  0  0  0  2  0  1  1  0  0  0  0  0  0  0  0
  2.6103925592710157e-05  0  0  0  0  0  0  0  0  0  0  0  0  1  0  3  1
 -5.7201808453455915e-07  1  0  1  0  0  0  0  0  0  0  0  1  0  0  0  0
  2.4999647752864066e-03  0  0  1  3  1  0  0  0  0  0  0  0  0  0  0  0
  1.2040709946060396e-07  0  3  0  1  0  0  0  0  0  0  0  0  0  0  0  1
  3.7211805316111147e-03  1  0  0  3  0  0  1  0  0  0  0  0  0  0  0  0
 -8.9653020015540725e-03  0  0  0  1  1  0  3  0  0  0  0  0  0  0  0  0
  7.6515147266333530e-13  1  0  0  0  0  0  1  0  0  0  0  1  0  0  0  0
  8.9979390596307191e-12  0  0  0  0  0  0  0  1  0  0  0  0  1  0  1  0
 -2.2988277838496239e-10  0  0  1  0  1  0  0  0  0  0  0  0  0  0  0  1
 -8.4109863515431120e-05  0  0  0  2  0  0  0  0  0  1  2  0  0  0  0  0
 -2.4371981982126995e-06  0  1  0  1  0  0  0  1  0  0  0  0  0  0  0  0
 -1.5995743036904411e-06  0  1  0  1  0  0  0  0  0  0  0  0  0  0  2  1
 -1.6390314504569496e-04  4  0  0  0  0  1  0  0  0  0  0  0  0  0  0  0
 -3.8757183244837236e-06  0  0  0  0  0  0  0  0  0  0  0  0  0  1  0  4
 -2.4345189455801636e-02  2  0  0  0  1  0  1  1  0  0  0  0  0  0  0  0
 -6.2053064027391120e-05  0  0  0  0  0  0  0  0  0  0  0  0  2  3  0  0
 -1.2151078083325353e-07  0  1  0  1  0  0  0  0  0  0  0  1  0  0  0  0
 -1.6192916686596584e-06  1  0  0  2  0  0  0  0  0  0  0  0  1  1  0  0
 -5.4878512989598939e-05  1  0  0  1  0  0  0  0  0  0  0  0  0  2  1  0
 -8.2335310535308963e-10  0  0  0  0  1  1  0  0  1  0  0  0  0  0  0  0
  3.1085524893380950e-06  3  0  0  0  0  0  0  0  1  1  0  0  0  0  0  0
 -2.4190447382221736e-04  0  0  1  0  0  0  0  0  1  0  0  3  0  0  0  0
  8.9865974824289447e-06  1  0  0  1  0  0  0  0  0  0  0  0  1  1  0  1
 -4.4137501105723891e-03  0  0  3  0  1  0  0  1  0  0  0  0  0  0  0  0
 -1.0874844578792600e-02  0  0  1  0  1  0  0  3  0  0  0  0  0  0  0  0
  4.4424747954994828e-05  0  0  1  2  0  0  0  0  0  1  1  0  0  0  0  0
 -2.3041745526744353e-03  3  0  1  0  0  0  0  1  0  0  0  0  0  0  0  0
  2.6379590128315414e-03  1  1  0  2  1  0  0  0  0  0  0  0  0  0  0  0
 -1.6222995063026562e-04  0  1  2  0  0  0  0  0  0  2  0  0  0  0  0  0
 -1.6366719530224368e-06  3  0  0  0  0  0  0  0  0  0  0  0  0  0  1  1
  6.9138253742122162e-06  2  0  0  1  0  0  0  0  0  0  0  0  1  0  1  0
  2.8805927351551347e-05  1  1  0  1  0  0  0  0  1  0  0  1  0  0  0  0
  4.1973474139889427e-12  0  0  0  1  0  0  0  0  0  0  1  0  1  0  0  0
  3.1131723114504198e-02  1  1  1  0  0  1  0  1  0  0  0  0  0  0  0  0
 -1.4025199752029459e-04  1  0  1  1  0  0  0  0  0  0  2  0  0  0  0  0
 -4.2383562343362459e-10  0  0  0  0  1  0  0  0  1  1  0  0  0  0  0  0
 -7.0039766649700842e-09  1  1  0  0  0  0  0  0  0  0  0  0  1  0  0  0
  1.9165254097893832e-05  1  0  1  0  0  0  0  0  0  0  0  0  0  0  0  3
 -7.8214179966513677e-05  0  0  0  0  1  0  1  1  0  0  0  0  0  0  0  0
  2.7546211021017534e-05  0  1  0  0  0  0  0  0  0  0  0  0  2  0  0  2
  2.4134586577546923e-02  1  1  0  0  1  0  2  0  0  0  0  0  0  0  0  0
  1.7939666048804516e-04  1  0  1  0  0  0  0  0  0  0  0  3  0  0  0  0
 -8.4308488221742382e-06  1  0  2  0  0  0  0  0  0  0  0  0  0  0  1  1
  6.3112730075318979e-03  1  2  0  0  1  1  0  0  0  0  0  0  0  0  0  0
  2.2173382002163113e-07  2  2  0  0  0  0  0  0  0  0  0  0  0  1  0  0
  3.3117877813941206e-11  0  0  1  0  0  0  0  0  0  0  1  0  0  1  0  0
 -5.8829865142994967e-06  0  2  0  0  0  0  0  0  0  0  0  0  2  1  0  0
 -4.7940607564372414e-05  2  0  0  0  0  0  0  0  2  1  0  0  0  0  0  0
  2.3524489352217575e-05  0  1  2  0  0  0  0  0  0  0  0  0  0  0  2  0
  2.2411242638879668e-08  0  0  2  0  0  0  0  0  0  0  0  0  0  1  0  0
 -3.2456287755935273e-03  0  2  0  1  0  1  0  1  0  0  0  0  0  0  0  0
  2.6494504412563924e-05  1  0  1  0  0  0  0  0  0  0  0  0  0  0  2  1
 -9.8340970294362564e-07  2  1  0  0  0  0  0  0  0  0  0  0  2  0  0  0
 -1.0276210249009529e-06  0  0  0  0  0  0  0  0  0  3  0  0  0  0  0  0
 -2.7601413778407597e-04  0  0  1  1  0  0  0  0  0  1  1  1  0  0  0  0
  3.2069488984392728e-04  1  0  1  0  0  0  0  0  0  0  2  1  0  0  0  0
 -2.1542394995874710e-07  3  0  0  1  0  0  0  0  0  0  0  0  0  0  1  0
 -2.7412672399927027e-03  0  2  1  1  1  0  0  0  0  0  0  0  0  0  0  0
 -1.9772111892974459e-06  1  1  0  2  0  0  0  0  1  0  0  0  0  0  0  0
 -3.2153672829723255e-03  2  0  0  0  0  3  0  0  0  0  0  0  0  0  0  0
  1.7084803058009041e-07  0  0  2  0  0  0  0  0  0  1  0  0  0  0  0  0
 -2.9602288400392075e-03  0  1  0  0  2  0  0  2  0  0  0  0  0  0  0  0
  1.1486954894043383e-02  0  0  2  1  0  1  0  1  0  0  0  0  0  0  0  0
 -1.2455730328927738e-07  0  0  1  0  0  0  0  0  0  0  0  0  0  1  1  0
 -2.3591238726357704e-06  0  2  0  1  0  0  0  0  0  0  0  0  1  0  1  0
  8.1258509009090160e-06  1  0  3  0  0  0  0  0  0  0  0  1  0  0  0  0
 -1.9849383699824534e-03  0  1  0  0  0  0  0  0  0  2  2  0  0  0  0  0
  1.4025199752029459e-04  1  0  1  1  0  0  0  0  0  2  0  0  0  0  0  0
 -2.4220883792753505e-05  0  0  0  1  0  0  0  0  0  0  0  0  2  1  0  1
 -4.2293883631883746e-07  1  1  0  2  0  0  0  0  0  0  0  0  1  0  0  0
  1.4782254668108739e-07  3  1  0  0  0  0  0  0  0  0  0  0  1  0  0  0
 -1.8258579435883263e-10  0  0  0  0  0  0  0  0  0  0  0  0  0  1  0  0
 -6.3987389870885534e-03  0  3  0  0  0  0  2  0  0  0  0  0  0  0  0  0
 -9.8340970294362585e-07  2  1  0  0  0  0  0  0  0  0  0  0  0  2  0  0
  1.3441164537110813e-02  1  0  0  0  1  3  0  0  0  0  0  0  0  0  0  0
 -2.7373597398808685e-05  1  0  0  0  0  0  0  0  0  0  0  0  0  0  3  1
 -9.5881215128744841e-05  1  1  0  0  0  0  0  0  1  2  0  0  0  0  0  0
  3.5068447120326878e-05  0  1  1  1  0  0  0  0  1  1  0  0  0  0  0  0
 -6.9138253742122153e-06  2  0  0  1  0  0  0  0  0  0  0  0  0  1  0  1
 -1.3162350103527003e-04  0  0  0  1  0  0  0  0  1  0  3  0  0  0  0  0
 -3.5131134629279283e-02  0  1  0  0  2  0  2  0  0  0  0  0  0  0  0  0
 -1.4611095034128403e-02  0  2  0  0  0  3  0  0  0  0  0  0  0  0  0  0
 -3.5419587174962647e-03  2  0  1  0  0  1  1  0  0  0  0  0  0  0  0  0
 -6.4627184987624130e-07  1  2  1  0  0  0  0  0  0  0  0  0  0  0  0  1
 -2.1413701400345615e-02  0  1  1  0  0  0  1  2  0  0  0  0  0  0  0  0
 -1.7076164775390198e-05  0  2  1  0  0  0  0  0  0  0  0  0  0  1  1  0
  3.7877816837408963e-02  0  1  2  0  0  0  2  0  0  0  0  0  0  0  0  0
 -1.7368617084837300e-05  1  0  1  1  0  0  0  0  0  0  0  0  0  0  2  0
  1.7939666048804516e-04  1  0  0  1  0  0  0  0  0  0  3  0  0  0  0  0
 -3.7716271517872607e-05  1  1  0  0  0  0  0  0  0  0  0  0  0  1  1  1
  4.5936005982236746e-04  0  1  0  0  0  0  0  0  0  4  0  0  0  0  0  0
 -1.9529324751114525e-02  1  0  1  1  0  0  0  2  0  0  0  0  0  0  0  0
  3.5853909899863121e-05  1  0  1  2  0  0  0  0  0  0  0  1  0  0  0  0
 -9.1863572103395749e-06  0  1  0  1  0  0  0  0  0  0  0  0  0  2  0  1
 -8.6443798726014873e-08  0  2  0  0  0  0  0  0  0  1  0  0  0  0  0  0
  6.3139407558857590e-10  0  1  0  0  0  1  0  0  0  1  0  0  0  0  0  0
 -2.7044489933743200e-06  3  0  0  0  0  0  0  0  0  0  1  1  0  0  0  0
  6.0513792348922451e-05  0  0  0  2  0  0  0  0  2  1  0  0  0  0  0  0
 -2.2749765547939635e-06  0  1  0  2  0  0  0  0  0  0  0  0  0  0  0  2
  1.0049285213750240e-07  0  1  0  0  0  0  0  0  0  0  0  0  2  0  0  0
 -1.0663650979327764e-07  0  0  0  0  0  1  0  0  0  0  0  0  0  0  0  0
 -8.1133469801229600e-06  1  2  0  0  0  0  0  0  0  0  1  1  0  0  0  0
 -8.5747258684529069e-03  0  0  0  0  0  5  0  0  0  0  0  0  0  0  0  0
  2.0015793107707795e-02  0  0  2  0  1  0  1  1  0  0  0  0  0  0  0  0
 -3.6287387832310202e-03  0  0  2  2  0  1  0  0  0  0  0  0  0  0  0  0
  5.0118201704129678e-03  0  0  0  2  0  3  0  0  0  0  0  0  0  0  0  0
 -1.9485182579976244e-10  0  0  0  0  0  0  0  0  0  1  1  0  0  0  1  0
  1.8881627464746554e-03  1  0  0  0  0  0  0  0  2  0  1  1  0  0  0  0
  1.2015644207580395e-02  1  0  2  1  0  0  1  0  0  0  0  0  0  0  0  0
 -1.3061874746106823e-06  0  2  1  0  0  0  0  0  0  0  0  0  1  0  0  1
  3.5635065574378095e-06  0  3  0  0  0  0  0  0  0  0  2  0  0  0  0  0
  4.1723059709506098e-05  0  0  2  1  0  0  0  0  0  1  0  1  0  0  0  0
  2.2320053928967751e-04  0  1  0  0  0  0  0  0  2  0  0  2  0  0  0  0
 -1.2047726288395064e-07  1  0  1  0  0  0  0  0  0  0  0  0  0  0  0  1
  2.0993189727693739e-03  0  2  0  0  0  1  0  2  0  0  0  0  0  0  0  0
  8.5321212035903097e-07  1  3  0  0  0  0  0  0  1  0  0  0  0  0  0  0
  5.8578821725233037e-07  0  0  0  0  0  0  0  0  0  1  0  2  0  0  0  0
  9.8340970294362585e-07  2  1  0  0  0  0  0  0  0  0  0  0  0  0  2  0
 -3.9676100534015850e-06  0  3  0  0  0  0  0  0  2  0  0  0  0  0  0  0
 -5.1124121332960667e-05  1  0  0  1  0  0  1  0  0  0  0  0  0  0  0  0
 -1.5574907161863716e-04  1  1  1  0  0  0  0  0  1  0  1  0  0  0  0  0
  1.7582739469683081e-02  0  0  0  2  1  0  1  1  0  0  0  0  0  0  0  0
  5.5924061436460791e-10  0  0  0  0  1  0  1  0  0  0  0  0  0  0  0  1
  1.9529324751114525e-02  1  0  1  1  2  0  0  0  0  0  0  0  0  0  0  0
 -4.7146563061878667e-11  0  0  0  0  0  0  0  0  0  0  0  1  1  0  1  0
  5.1991119009330606e-05  0  0  1  0  1  0  0  1  0  0  0  0  0  0  0  0
  1.4782254668108739e-07  1  3  0  0  0  0  0  0  0  0  0  0  1  0  0  0
  6.5420138253874268e-06  0  0  0  1  0  0  0  0  0  0  0  0  0  1  0  3
  5.0314410867834343e-02  1  0  0  0  0  2  1  1  0  0  0  0  0  0  0  0
  6.6227954200732864e-07  0  1  0  2  0  0  0  0  0  0  0  0  0  2  0  0
  1.1693932520855351e-04  0  0  0  0  0  0  0  0  0  0  0  0  0  3  2  0
  3.3041012480954896e-02  1  0  0  1  1  1  0  1  0  0  0  0  0  0  0  0
  1.0037870239532676e-02  1  1  2  0  1  0  0  0  0  0  0  0  0  0  0  0
  3.2069488984392739e-04  1  0  0  1  0  0  0  0  0  0  1  2  0  0  0  0
 -4.1730517271918863e-05  0  2  0  0  0  0  0  0  0  1  0  2  0  0  0  0
  1.2206692910930096e-10  0  0  1  0  0  1  0  0  0  0  0  0  0  0  1  0
 -1.7368617084837300e-05  1  0  1  1  0  0  0  0  0  0  0  0  0  0  0  2
 -4.8304465803028886e-03  0  2  0  0  1  0  1  1  0  0  0  0  0  0  0  0
 -1.6399306341921182e-06  0  1  0  0  0  0  0  0  0  0  2  0  0  0  0  0
  4.0421836359096464e-02  0  0  0  0  2  1  2  0  0  0  0  0  0  0  0  0
  4.7493076478904699e-03  0  1  0  0  4  0  0  0  0  0  0  0  0  0  0  0
  4.7323257248508502e-03  2  1  0  1  0  0  0  1  0  0  0  0  0  0  0  0
 -1.5683298327816291e-03  0  0  0  0  0  0  0  0  3  0  1  1  0  0  0  0
 -6.5371937353753511e-08  0  0  0  4  0  0  0  0  0  0  0  0  0  1  0  0
  1.1890655323441670e-05  0  3  1  0  0  0  0  0  0  0  1  0  0  0  0  0
 -5.3912760021540516e-05  1  0  0  1  0  0  0  0  0  0  0  0  2  0  1  0
  1.8190472185001277e-02  0  1  0  0  0  4  0  0  0  0  0  0  0  0  0  0
 -1.5747772127701265e-08  0  0  1  1  0  0  0  0  0  0  0  0  1  0  0  0
 -2.5356640524418027e-05  0  0  0  1  0  0  0  0  0  0  0  0  1  0  1  2
 -4.6240582317007478e-02  0  0  2  0  0  1  2  0  0  0  0  0  0  0  0  0
  5.8437730542370986e-06  2  1  0  1  0  0  0  0  0  0  0  1  0  0  0  0
 -7.6718584435297445e-05  0  1  0  0  0  0  2  0  0  0  0  0  0  0  0  0
  1.7582739469683081e-02  0  0  1  1  1  0  2  0  0  0  0  0  0  0  0  0
  1.7623340586336717e-02  0  0  1  0  3  0  0  1  0  0  0  0  0  0  0  0
 -1.0498287289905092e-10  0  0  1  0  0  0  0  1  0  0  0  0  1  0  0  0
 -1.6360720936367503e-02  1  1  0  0  1  2  0  0  0  0  0  0  0  0  0  0
 -3.8491704179135431e-04  1  0  0  0  0  0  0  0  0  0  3  1  0  0  0  0
 -8.6827662365798267e-03  0  1  2  1  0  0  0  1  0  0  0  0  0  0  0  0
  2.2744538209242613e-05  0  3  0  0  0  0  0  0  0  0  0  0  0  0  0  0
 -1.3366899041070138e-04  0  1  0  0  0  0  0  0  0  0  0  0  2  0  2  0
 -4.2426401696458221e-06  0  1  0  1  0  0  0  0  0  0  0  0  1  1  1  0
 -5.2468889409246959e-04  1  0  0  1  0  0  0  0  0  2  1  0  0  0  0  0
  1.2043449983742010e-11  1  0  0  0  0  0  0  0  1  0  0  0  0  1  0  0
 -6.2370344665205706e-05  2  0  0  0  0  1  0  0  0  0  0  0  0  0  0  0
  2.3785532127581551e-05  1  1  2  0  0  0  0  0  1  0  0  0  0  0  0  0
  1.2795994439139557e-08  1  0  0  0  0  0  0  0  0  0  0  0  1  1  0  0
 -8.2185746581833665e-13  0  0  0  1  0  0  0  1  0  0  0  0  0  1  0  0
  3.2931482989648962e-06  0  0  2  1  0  0  0  0  0  0  0  0  0  1  0  1
 -7.6597605864331183e-05  0  0  1  0  0  0  0  0  0  0  0  0  2  1  1  0
 -2.4391932694055047e-05  2  0  1  1  0  0  0  0  1  0  0  0  0  0  0  0
 -7.0785690716083124e-12  1  0  0  0  1  0  0  0  0  1  0  0  0  0  0  0
  2.2597750162086767e-03  0  0  0  0  0  0  0  0  2  1  2  0  0  0  0  0
  4.7759305552987601e-04  0  1  0  0  0  2  0  0  0  0  0  0  0  0  0  0
  1.0568091626145285e-02  1  0  0  1  0  0  3  0  0  0  0  0  0  0  0  0
 -7.4653229229126977e-05  1  1  0  0  0  0  0  0  1  0  0  2  0  0  0  0
  1.8509647649824862e-10  0  0  0  0  0  0  0  2  0  1  0  0  0  0  0  0
  1.5574907161863718e-04  1  1  1  0  0  0  0  0  0  1  0  1  0  0  0  0
  9.0618318318370922e-05  0  1  1  0  0  0  0  0  0  0  0  0  2  0  1  0
  2.1330303008975774e-07  4  0  0  0  0  0  0  0  0  1  0  0  0  0  0  0
  8.9700706040343877e-05  0  1  0  0  0  0  0  0  0  2  0  2  0  0  0  0
  3.2913708286253397e-10  0  0  0  1  1  0  0  0  0  0  1  0  0  0  0  0
 -3.1436240264805133e-11  0  0  0  0  0  0  0  1  0  0  0  0  0  1  0  1
 -3.8830256061054403e-04  0  1  0  3  0  0  0  1  0  0  0  0  0  0  0  0
 -9.2421336545560993e-05  0  1  0  1  0  0  0  0  0  0  2  1  0  0  0  0
 -3.9440344507469171e-06  2  0  0  0  0  0  0  0  0  0  0  0  0  1  2  0
 -4.8690378911603265e-02  1  1  0  0  0  1  1  1  0  0  0  0  0  0  0  0
  4.6528908146187577e-03  0  1  0  1  2  0  0  1  0  0  0  0  0  0  0  0
  1.9539433118288506e-02  0  0  3  0  0  1  1  0  0  0  0  0  0  0  0  0
 -3.1870254949983689e-08  0  1  0  1  0  0  0  0  0  0  0  0  0  0  0  1
 -6.7684823270311074e-11  0  0  0  0  1  1  0  0  0  0  0  0  1  0  0  0
  8.3520150100412690e-04  0  1  1  0  0  0  0  0  2  0  1  0  0  0  0  0
  6.2922386949017552e-11  0  1  0  0  1  0  0  0  0  0  0  0  1  0  0  0
 -8.5706430237902741e-05  0  2  0  0  0  0  0  0  2  1  0  0  0  0  0  0
  2.8805448581900740e-02  0  0  1  0  0  1  1  2  0  0  0  0  0  0  0  0
  6.9144518342704770e-04  0  0  0  0  0  0  0  0  0  3  0  2  0  0  0  0
  1.8610897214481014e-05  0  1  0  0  0  0  0  0  0  0  0  0  0  0  2  2
  2.3591238726357704e-06  0  2  0  1  0  0  0  0  0  0  0  0  0  1  0  1
 -1.3563457517062407e-06  0  0  0  0  0  0  0  0  1  0  1  1  0  0  0  0
  1.4402963675775675e-05  2  0  1  0  0  0  0  0  0  1  1  0  0  0  0  0
 -8.4963233517204654e-07  0  0  0  3  0  0  0  0  0  0  0  0  1  0  1  0
  5.0515147589275740e-04  0  0  1  0  0  0  0  0  0  1  1  2  0  0  0  0
 -1.0748425036504214e-02  0  1  0  0  0  2  0  2  0  0  0  0  0  0  0  0
  1.7753785646038885e-05  0  2  0  1  0  0  0  0  0  1  0  1  0  0  0  0
 -1.3092374280563533e-04  0  1  1  0  0  0  0  0  1  1  0  1  0  0  0  0
 -5.3772848921626455e-11  0  0  1  0  0  0  0  0  1  0  0  0  0  0  0  1
 -4.9658051857897660e-12  1  0  0  0  0  0  1  0  0  0  0  0  0  0  0  1
  1.6814477151362478e-04  1  0  0  0  0  0  0  0  0  0  0  0  2  0  1  1
  6.1708653411456404e-11  0  0  0  0  0  0  0  0  0  1  0  0  2  0  0  0
  8.5905756406348932e-07  2  1  0  0  0  0  0  0  0  0  0  2  0  0  0  0
  4.2440332490405802e-11  0  0  0  0  0  0  0  0  0  1  0  0  0  0  2  0
 -9.0703234038068604e-06  1  2  1  0  0  0  0  0  0  0  0  1  0  0  0  0
 -4.7054064862079724e-05  0  1  0  0  0  0  0  0  0  0  0  4  0  0  0  0
 -1.5019661213304911e-09  0  0  1  0  1  0  0  0  0  0  0  1  0  0  0  0
 -3.3670508437369860e-03  0  3  2  0  0  0  0  0  0  0  0  0  0  0  0  0
  1.1695430236947123e-05  0  1  1  1  0  0  0  0  0  0  0  0  0  0  1  1
  7.7874535809318592e-05  2  0  0  1  0  0  0  0  1  0  1  0  0  0  0  0
  4.0201538982981449e-06  0  0  0  2  0  0  0  0  0  0  0  0  2  1  0  0
 -5.4878512989598939e-05  1  0  1  0  0  0  0  0  0  0  0  0  2  0  0  1
  1.6590134448971202e-04  0  1  0  0  2  0  0  0  0  0  0  0  0  0  0  0
  4.8876892810321121e-05  0  1  0  1  0  0  0  0  0  0  0  3  0  0  0  0
  1.9540626935741292e-06  0  1  1  1  0  0  0  0  0  0  0  0  1  1  0  0
 -2.6919914318975455e-05  0  1  0  0  0  0  0  4  0  0  0  0  0  0  0  0
 -1.7123463402287512e-10  0  0  0  0  0  0  0  1  1  0  1  0  0  0  0  0
 -6.8398639108955794e-10  0  0  0  0  0  0  0  1  0  1  0  1  0  0  0  0
 -6.5326225007881115e-07  0  3  0  0  0  0  0  0  0  0  0  0  0  0  0  2
 -5.2468889409246970e-04  1  0  1  0  0  0  0  0  2  0  0  1  0  0  0  0
  1.8977949855630814e-04  1  0  1  0  0  0  0  0  1  1  1  0  0  0  0  0
  5.8437730542370986e-06  2  1  1  0  0  0  0  0  0  0  1  0  0  0  0  0
 -1.3356568605087147e-11  0  0  0  1  0  0  0  0  0  1  0  0  0  0  0  1
  5.0634005724643787e-08  0  0  1  0  0  0  0  0  0  0  0  0  1  0  0  1
 -7.7013197352492525e-06  0  2  1  0  0  0  0  0  1  0  0  1  0  0  0  0
 -5.7732641170057128e-04  0  0  0  0  0  0  0  0  0  5  0  0  0  0  0  0
  2.2742562783359018e-10  0  0  0  0  0  0  1  0  0  0  0  0  0  1  1  0
  5.7296760109796592e-06  0  1  0  1  0  0  0  0  0  0  0  0  0  0  0  3
 -1.7413534769171171e-03  0  1  0  2  2  0  0  0  0  0  0  0  0  0  0  0
  9.4988455478702575e-06  1  0  0  0  0  0  0  0  0  0  0  0  1  3  0  0
  2.4999647752864057e-03  0  0  3  1  1  0  0  0  0  0  0  0  0  0  0  0
  2.4815080597088392e-02  0  0  0  1  1  2  1  0  0  0  0  0  0  0  0  0
 -8.4184870880072340e-05  0  0  0  0  0  0  0  0  0  0  0  0  1  2  1  1
 -2.0282356933387678e-02  1  1  1  1  0  1  0  0  0  0  0  0  0  0  0  0
 -2.9098329134439926e-07  0  2  0  2  0  0  0  0  0  0  0  0  0  1  0  0
 -2.1269537586805910e-10  0  1  0  0  0  0  1  0  0  0  0  0  0  0  1  0
  5.3315480614394908e-03  0  3  0  0  0  2  0  0  0  0  0  0  0  0  0  0
 -1.8858135758936300e-05  2  0  0  0  0  0  0  0  0  0  0  0  1  0  1  1
  2.3458568879394263e-03  0  0  0  0  0  0  0  0  0  3  2  0  0  0  0  0
 -2.5931701275059279e-02  1  0  0  0  1  1  2  0  0  0  0  0  0  0  0  0
  1.8209497267180352e-02  0  0  2  0  0  3  0  0  0  0  0  0  0  0  0  0
  8.0244697302019890e-05  1  0  0  0  0  0  1  1  0  0  0  0  0  0  0  0
 -6.6091152310397671e-11  0  0  0  1  0  1  0  0  0  0  0  0  0  0  0  1
 -3.0234411346022867e-06  3  0  0  1  0  0  0  0  0  0  1  0  0  0  0  0
 -4.2781369435994445e-12  0  0  0  1  0  0  0  0  0  0  0  1  0  1  0  0
  3.1724382998309673e-02  1  1  0  1  0  1  1  0  0  0  0  0  0  0  0  0
  1.6814477151362475e-04  1  0  0  0  0  0  0  0  0  0  0  0  0  2  1  1
 -5.0566817295828653e-07  0  0  4  0  0  0  0  0  0  0  0  0  0  1  0  0
  8.5905756406348943e-07  2  1  0  0  0  0  0  0  0  0  2  0  0  0  0  0
  3.5376601530184748e-05  0  0  2  0  0  1  0  0  0  0  0  0  0  0  0  0
  1.5103941562377000e-02  0  1  1  1  1  1  0  0  0  0  0  0  0  0  0  0
 -1.5016190768491795e-10  0  0  0  0  0  0  2  0  0  0  0  0  0  1  0  0
 -1.7838187788602018e-05  0  0  1  1  0  0  0  0  0  0  0  0  0  1  1  1
 -1.5024751562523188e-09  0  1  0  0  0  0  0  1  0  0  0  1  0  0  0  0
 -3.1795522839910287e-02  0  1  2  0  0  2  0  0  0  0  0  0  0  0  0  0
  1.4993923859325423e-10  0  0  0  0  0  0  0  0  1  0  0  1  0  0  1  0
 -8.1951572522847497e-04  0  4  0  0  0  1  0  0  0  0  0  0  0  0  0  0
  5.1326904722557336e-08  0  0  0  0  0  0  0  0  0  0  0  0  0  1  0  2
  3.2277903922621918e-03  2  1  0  0  2  0  0  0  0  0  0  0  0  0  0  0
  1.1224802419914592e-07  0  1  0  0  0  0  0  0  0  0  0  0  0  0  0  0
  6.9425484267543417e-11  0  0  0  0  0  0  0  0  0  1  0  0  0  2  0  0
 -2.2390990776310373e-02  0  1  0  1  1  1  1  0  0  0  0  0  0  0  0  0
  3.7211805316111138e-03  1  0  3  0  0  0  0  1  0  0  0  0  0  0  0  0
 -1.2468250142058263e-05  1  0  0  0  0  0  0  0  0  0  0  0  1  1  0  2
 -9.9782873172062637e-05  0  0  0  0  0  0  0  0  0  1  0  4  0  0  0  0
  5.3621893063718329e-04  0  0  1  0  0  0  0  0  1  2  0  1  0  0  0  0
  2.0218298341597868e-05  0  2  0  0  0  0  0  0  0  0  0  0  0  1  2  0
  3.0320853646447905e-07  0  1  0  3  0  0  0  0  0  0  0  0  0  0  0  1
 -3.3003728013487777e-11  0  0  0  1  0  0  0  1  0  1  0  0  0  0  0  0
  1.8021744313448723e-04  0  0  2  0  0  0  0  0  0  3  0  0  0  0  0  0
 -1.4551874703716836e-10  0  0  0  0  0  0  0  0  0  0  2  0  0  1  0  0
 -1.1193230351882038e-06  0  3  0  0  0  0  0  0  0  0  0  0  2  0  0  0
 -1.3033781344156221e-03  0  0  1  0  0  0  0  0  0  3  1  0  0  0  0  0
 -1.2964561555064273e-05  0  1  0  1  0  0  0  0  0  0  0  0  2  0  0  1
  1.3221704234717328e-11  0  0  0  1  0  0  0  0  1  0  0  0  0  0  1  0
 -2.5976107331458529e-06  2  0  0  0  0  0  0  0  0  0  0  0  2  1  0  0
 -3.2788346929314676e-09  0  0  0  0  1  0  0  0  0  0  1  1  0  0  0  0
 -3.9219910095329978e-06  1  1  0  0  0  0  0  0  0  0  0  0  3  0  0  0
 -2.0816850204666762e-04  0  2  1  0  0  0  0  0  0  1  1  0  0  0  0  0
 -2.2262698623963768e-10  0  1  0  0  0  0  0  1  0  0  0  0  0  0  0  1
 -1.1763150150318980e-10  0  0  0  0  0  0  0  0  0  1  0  0  0  0  0  2
  2.6494504412563927e-05  1  0  0  1  0  0  0  0  0  0  0  0  0  0  1  2
 -1.7745967745155883e-02  1  0  2  0  0  0  1  1  0  0  0  0  0  0  0  0
 -1.0505964997455126e-08  0  2  0  0  0  0  0  0  0  0  0  0  0  1  0  0
 -9.6461018489169756e-03  0  2  0  0  2  1  0  0  0  0  0  0  0  0  0  0
 -4.1723059709506091e-05  0  0  2  1  0  0  0  0  1  0  1  0  0  0  0  0
  3.9693234052272011e-11  0  1  0  0  0  0  0  0  1  0  0  0  1  0  0  0
  5.2943458226124408e-05  0  0  0  2  0  0  0  0  0  3  0  0  0  0  0  0
  5.0514194842805293e-06  1  0  1  2  0  0  0  0  0  0  0  0  0  0  0  1
  3.8357960188921939e-04  0  0  0  1  0  0  0  0  3  0  1  0  0  0  0  0
  5.5125499937809808e-07  2  1  0  1  0  0  0  0  0  0  0  0  0  0  0  1
  1.9388414344536833e-06  0  1  0  3  0  0  0  0  0  0  0  1  0  0  0  0
  4.1032326446623274e-02  0  2  0  0  0  1  2  0  0  0  0  0  0  0  0  0
  1.1240327230848935e-03  0  3  0  0  2  0  0  0  0  0  0  0  0  0  0  0
  5.7798729354380869e-04  0  0  0  0  0  0  0  0  1  0  3  1  0  0  0  0
  2.3503252597587812e-04  0  1  0  0  0  0  0  0  4  0  0  0  0  0  0  0
  1.2156712792546092e-03  0  2  0  2  0  1  0  0  0  0  0  0  0  0  0  0
 -1.4273034717415582e-09  0  0  0  0  0  1  1  0  0  0  1  0  0  0  0  0
 -6.5561258018277994e-04  3  1  0  0  1  0  0  0  0  0  0  0  0  0  0  0
  1.8102734500561221e-07  1  0  0  0  0  0  0  0  1  1  0  0  0  0  0  0
 -5.7104011031204009e-07  0  0  2  2  0  0  0  0  0  0  0  0  0  1  0  0
  3.2456287755935264e-03  0  2  0  1  1  0  1  0  0  0  0  0  0  0  0  0
  3.1185294242528787e-04  0  2  0  0  0  0  0  0  0  1  2  0  0  0  0  0
  2.2432753384648925e-04  1  0  0  0  0  0  0  0  3  1  0  0  0  0  0  0
 -3.2277903922621927e-03  2  1  0  0  0  0  2  0  0  0  0  0  0  0  0  0
 -8.5905756406348932e-07  2  1  0  0  0  0  0  0  2  0  0  0  0  0  0  0
 -1.4052802737577009e-11  0  0  0  1  0  0  1  0  1  0  0  0  0  0  0  0
 -8.8653017064657948e-05  1  0  0  2  0  0  0  0  0  0  1  1  0  0  0  0
  1.3827650748424431e-05  1  1  1  0  0  0  0  0  0  0  0  0  0  1  0  1
  6.6064439440373789e-05  0  1  2  0  0  0  0  0  0  0  0  2  0  0  0  0
 -5.0819205051175968e-04  1  0  1  0  0  0  0  0  0  2  0  1  0  0  0  0
 -3.3855362241677599e-05  0  0  0  0  0  0  0  0  0  0  0  0  0  1  2  2
 -1.2523225360578467e-03  0  0  1  0  0  0  0  0  2  1  1  0  0  0  0  0
  4.7323257248508511e-03  2  1  1  0  0  0  1  0  0  0  0  0  0  0  0  0
 -3.6387281136727326e-03  0  0  0  3  1  0  1  0  0  0  0  0  0  0  0  0
 -2.3041745526744353e-03  3  0  0  1  0  0  1  0  0  0  0  0  0  0  0  0
 -2.7751814805503615e-04  0  1  0  1  0  0  0  3  0  0  0  0  0  0  0  0
 -5.3912760021540523e-05  1  0  1  0  0  0  0  0  0  0  0  0  0  2  0  1
  1.9430495934836552e-04  0  0  1  1  0  0  0  0  1  0  0  2  0  0  0  0
 -8.5747258684529069e-03  0  0  0  0  4  1  0  0  0  0  0  0  0  0  0  0
 -7.7755303988793383e-04  0  0  0  0  0  0  0  0  0  1  2  2  0  0  0  0
 -4.5121465752165135e-04  0  1  1  0  0  0  0  0  0  0  3  0  0  0  0  0
  4.7668939957080837e-05  0  0  0  1  1  0  1  0  0  0  0  0  0  0  0  0
 -1.7157621124189062e-03  2  1  2  0  0  0  0  0  0  0  0  0  0  0  0  0
  1.1892766063790774e-05  2  0  0  2  0  0  0  0  0  1  0  0  0  0  0  0
  3.4661704475670906e-09  0  0  0  0  0  1  0  1  0  0  0  1  0  0  0  0
 -1.5306681063466556e-04  0  1  0  0  0  0  0  0  0  0  0  0  0  2  2  0
  7.7003833896095952e-12  0  0  0  0  0  1  0  0  0  0  0  0  0  0  2  0
  3.2784370725243686e-05  1  0  1  1  0  0  0  0  0  0  0  0  0  0  0  0
  2.5356640524418030e-05  0  0  0  1  0  0  0  0  0  0  0  0  0  1  2  1
  1.1691206337917856e-02  0  0  1  2  0  1  1  0  0  0  0  0  0  0  0  0
  1.8496462968310797e-05  1  1  0  0  0  0  0  0  0  0  0  0  1  0  2  0
  3.4504715676586062e-05  0  0  0  0  0  0  0  0  0  0  0  0  0  3  0  2
 -2.5677074084089522e-05  0  0  2  0  0  0  0  0  0  0  0  0  0  1  2  0
 -5.0028435942582675e-02  0  0  1  0  2  1  1  0  0  0  0  0  0  0  0  0
  2.7194576081822060e-11  0  0  1  0  0  0  0  0  0  1  0  0  0  0  1  0
  3.5280802943327146e-06  0  2  2  0  0  0  0  0  0  0  0  0  0  1  0  0
 -9.8341887027416980e-04  2  2  0  0  0  1  0  0  0  0  0  0  0  0  0  0
 -3.0843408721413435e-02  1  0  1  0  0  2  0  1  0  0  0  0  0  0  0  0
  1.3708106228239465e-06  0  2  1  1  0  0  0  0  1  0  0  0  0  0  0  0
 -1.2047726288395066e-07  1  0  0  1  0  0  0  0  0  0  0  0  0  0  1  0
 -5.7137620158601825e-05  1  1  0  0  0  0  0  0  3  0  0  0  0  0  0  0
  1.2644214928646476e-05  0  0  2  0  0  0  0  0  0  0  0  0  2  1  0  0
 -9.9961101395726273e-11  0  1  0  0  0  0  0  0  0  0  1  0  0  0  1  0
 -5.1952214662917058e-06  1  1  0  0  0  0  0  0  0  0  0  0  1  2  0  0
  4.5959757218519596e-07  0  0  1  0  0  0  0  0  1  0  0  1  0  0  0  0
 -3.1865321664427203e-02  1  0  0  1  0  2  1  0  0  0  0  0  0  0  0  0
 -8.4308488221742365e-06  1  0  0  2  0  0  0  0  0  0  0  0  0  0  1  1
 -8.5905756406348911e-07  2  1  0  0  0  0  0  0  0  2  0  0  0  0  0  0
 -1.1541135069924498e-06  0  0  1  0  0  0  0  0  0  1  1  0  0  0  0  0
 -7.7172522770458730e-07  0  0  0  4  0  0  0  0  0  1  0  0  0  0  0  0
  1.9755016172788791e-10  0  0  0  0  0  0  0  0  0  0  1  1  1  0  0  0
 -1.4312860367364349e-05  0  1  1  2  0  0  0  0  0  0  1  0  0  0  0  0
  3.7585046936761621e-10  0  0  0  0  0  0  0  0  1  0  1  0  0  0  0  1
  2.8205178023280479e-02  1  0  1  0  0  0  2  1  0  0  0  0  0  0  0  0
 -7.8880689014938326e-06  1  1  0  0  0  0  0  0  0  0  0  0  1  0  0  2
 -7.8999450437942259e-06  0  1  0  1  0  0  0  0  0  2  0  1  0  0  0  0
  9.5128457844790813e-03  1  2  0  0  0  0  1  1  0  0  0  0  0  0  0  0
  2.5810035049777140e-06  1  1  2  0  0  0  0  0  0  0  0  0  1  0  0  0
 -6.4627184987624130e-07  1  2  0  1  0  0  0  0  0  0  0  0  0  0  1  0
 -2.0310921496747318e-07  0  3  0  1  0  0  0  0  0  0  0  1  0  0  0  0
  6.0143434269619743e-08  0  1  0  0  0  0  0  0  0  0  0  0  0  0  0  2
 -2.4645953883918165e-03  1  0  1  3  0  0  0  0  0  0  0  0  0  0  0  0
 -9.7930055644215438e-05  0  1  0  1  0  0  0  0  1  1  1  0  0  0  0  0
  1.1600796793411325e-04  0  1  1  1  0  0  0  0  0  0  1  1  0  0  0  0
 -6.9125236580233063e-03  1  2  1  0  0  0  0  1  0  0  0  0  0  0  0  0
 -1.1933768666185974e-07  0  0  1  1  0  0  0  0  1  0  0  0  0  0  0  0
 -4.3306333844555890e-06  0  0  1  2  0  0  0  0  0  0  0  0  1  0  0  1
  2.0081450732940744e-06  2  0  1  0  0  0  0  0  0  0  0  0  0  1  1  0
 -6.5561258018277983e-04  1  3  0  0  1  0  0  0  0  0  0  0  0  0  0  0
 -1.1546528234011426e-03  0  0  0  0  0  0  0  0  2  3  0  0  0  0  0  0
  1.7217335965923080e-11  1  0  0  0  0  0  0  0  0  0  0  1  0  0  1  0
  1.7001001781879595e-09  0  0  0  0  0  0  1  1  1  0  0  0  0  0  0  0
  1.3859140163811739e-05  0  1  0  0  0  0  0  0  0  0  0  0  1  1  1  1
  1.1575420715364294e-05  0  0  0  3  0  0  0  0  0  1  0  1  0  0  0  0
  1.5460183645652598e-10  0  0  0  0  0  1  0  0  0  0  0  0  0  2  0  0
  6.1618446779345715e-06  0  1  0  2  0  0  0  0  2  0  0  0  0  0  0  0
 -1.6202547678122976e-02  0  0  0  1  0  3  0  1  0  0  0  0  0  0  0  0
 -6.5196017426788495e-06  0  2  0  0  0  0  0  0  0  0  0  0  0  3  0  0
 -3.0211745018899401e-02  0  0  1  0  1  0  2  1  0  0  0  0  0  0  0  0
  8.1054127927646880e-06  0  0  0  2  0  0  0  0  0  0  0  0  1  0  1  1
 -4.3463520024699450e-04  0  0  0  1  0  0  0  0  2  1  0  1  0  0  0  0
 -3.9050787797480814e-02  0  1  1  0  0  0  3  0  0  0  0  0  0  0  0  0
 -3.2931482989648958e-06  0  0  2  1  0  0  0  0  0  0  0  0  1  0  1  0
 -1.9529324751114525e-02  1  0  1  1  0  0  2  0  0  0  0  0  0  0  0  0
 -1.2474068933041125e-04  1  1  0  0  1  0  0  0  0  0  0  0  0  0  0  0
  4.6198437020481750e-03  1  1  0  0  1  0  0  2  0  0  0  0  0  0  0  0
 -2.4434816662337891e-02  0  1  1  0  1  1  0  1  0  0  0  0  0  0  0  0
 -1.1105117201891997e-04  0  0  1  0  0  1  1  0  0  0  0  0  0  0  0  0
  1.6188352722763448e-10  0  0  0  0  2  0  0  0  0  1  0  0  0  0  0  0
 -3.1026532013695560e-05  0  0  0  0  0  0  0  0  0  0  0  0  4  1  0  0
 -3.8371778728000312e-04  0  0  2  0  0  0  0  0  0  1  2  0  0  0  0  0
 -4.3057072413724239e-06  0  2  0  0  0  0  0  0  0  0  0  0  0  1  0  2
  1.7249810532485706e-07  0  0  0  0  0  0  0  0  0  0  0  0  0  1  2  0
 -1.4025199752029459e-04  1  0  1  1  0  0  0  0  0  0  0  2  0  0  0  0
 -8.8653017064657948e-05  1  0  2  0  0  0  0  0  0  0  1  1  0  0  0  0
  8.9364498509121028e-06  0  0  0  0  0  1  0  2  0  0  0  0  0  0  0  0
  8.1054127927646880e-06  0  0  1  1  0  0  0  0  0  0  0  0  1  0  2  0
 -4.1593362171529585e-11  0  0  1  0  0  0  0  0  0  0  0  1  1  0  0  0
 -1.7914604545190234e-02  0  1  0  1  0  0  2  1  0  0  0  0  0  0  0  0
  2.1272144047208835e-04  0  1  2  0  0  0  0  0  0  0  2  0  0  0  0  0
  3.0678869826196618e-05  0  0  1  0  0  0  0  0  0  0  0  0  3  0  0  1
  1.8765141145901233e-10  0  0  0  0  0  1  0  0  0  0  0  0  2  0  0  0
  2.8205178023280493e-02  1  0  0  1  0  0  1  2  0  0  0  0  0  0  0  0
  3.8838485288687249e-09  0  0  0  0  1  0  1  0  0  0  0  1  0  0  0  0
 -4.7142273076072674e-03  0  1  0  2  0  2  0  0  0  0  0  0  0  0  0  0
  3.2236690550412406e-05  0  5  0  0  0  0  0  0  0  0  0  0  0  0  0  0
  1.5176251819990230e-02  0  0  0  0  1  0  3  1  0  0  0  0  0  0  0  0
 -3.6049021599349964e-09  0  0  0  0  0  0  1  0  1  0  0  1  0  0  0  0
  6.3780134019755708e-11  0  1  0  0  0  0  0  0  0  1  0  0  0  1  0  0
  5.7798729354380891e-04  0  0  0  0  0  0  0  0  1  0  1  3  0  0  0  0
  1.3189795064157705e-03  2  0  2  0  0  1  0  0  0  0  0  0  0  0  0  0
  3.2236690550412419e-05  4  1  0  0  0  0  0  0  0  0  0  0  0  0  0  0
 -5.2090836021102007e-12  0  0  0  1  0  0  1  0  0  0  0  0  1  0  0  0
  1.2015644207580398e-02  1  0  1  2  0  0  0  1  0  0  0  0  0  0  0  0
 -4.9658051857897466e-12  1  0  0  0  0  0  0  1  0  0  0  0  0  0  1  0
 -1.6192916686596586e-06  1  0  2  0  0  0  0  0  0  0  0  0  1  1  0  0
  2.2959368019067279e-05  0  0  0  1  0  0  0  0  0  0  0  0  3  0  1  0
  4.0162901465881488e-06  1  1  0  1  0  0  0  0  0  0  0  0  1  0  0  1
  5.2031414690720293e-11  0  0  0  0  0  0  0  0  0  0  0  2  0  1  0  0
  1.6512887313180811e-03  3  0  1  1  0  0  0  0  0  0  0  0  0  0  0  0
  5.0189351197663379e-03  2  0  0  2  0  1  0  0  0  0  0  0  0  0  0  0
  1.0040263368141429e-01  0  1  1  0  0  2  1  0  0  0  0  0  0  0  0  0
  6.6634705111784072e-09  0  0  0  2  0  0  0  0  0  0  0  0  0  1  0  0
  1.9165254097893829e-05  1  0  0  1  0  0  0  0  0  0  0  0  0  0  3  0
 -4.3813500921638356e-06  0  1  0  0  0  0  0  0  0  0  0  0  0  0  0  4
  2.2744538209242582e-05  2  1  0  0  0  0  0  0  0  0  0  0  0  0  0  0
  5.8530564433858364e-03  0  1  0  2  0  0  2  0  0  0  0  0  0  0  0  0
 -6.0516077534935179e-05  0  0  0  2  0  0  0  0  0  1  0  2  0  0  0  0
  1.3045398638799235e-06  0  1  0  2  0  0  0  0  0  0  0  0  2  0  0  0
 -3.7085082237364194e-06  0  0  0  2  0  0  0  0  0  0  0  0  0  1  0  2
  8.7150629817425742e-05  0  0  0  0  0  1  2  0  0  0  0  0  0  0  0  0
 -6.4473381100824812e-05  0  3  0  2  0  0  0  0  0  0  0  0  0  0  0  0
  1.4529608347107823e-05  1  1  0  1  0  0  0  0  0  0  0  0  0  1  1  0
 -3.0843408721413442e-02  1  0  0  1  2  0  1  0  0  0  0  0  0  0  0  0
 -3.1997616279747610e-04  1  0  0  0  0  0  0  0  1  1  2  0  0  0  0  0
  2.6235873505302126e-02  0  0  1  0  1  2  0  1  0  0  0  0  0  0  0  0
 -2.1273906524266241e-05  0  0  3  0  0  0  0  0  1  0  0  1  0  0  0  0
  9.9811044467708646e-05  0  1  1  0  0  0  1  0  0  0  0  0  0  0  0  0
 -5.4077832048651561e-02  0  2  1  0  0  1  1  0  0  0  0  0  0  0  0  0
  1.0481330893850412e-04  0  1  1  0  0  0  0  0  0  0  0  0  0  2  1  0
 -1.0524844611878649e-02  1  0  2  0  1  1  0  0  0  0  0  0  0  0  0  0
  6.0298980547996825e-06  0  0  3  0  0  0  0  0  0  0  0  0  0  1  1  0
 -9.0703234038068587e-06  1  2  0  1  0  0  0  0  0  0  1  0  0  0  0  0
 -1.0524844611878649e-02  1  0  0  2  1  1  0  0  0  0  0  0  0  0  0  0
  1.3441164537110811e-02  1  0  0  0  3  1  0  0  0  0  0  0  0  0  0  0
 -1.2468250142058268e-05  1  0  0  0  0  0  0  0  0  0  0  0  1  1  2  0
 -1.5950061611222207e-06  0  2  0  2  0  0  0  0  0  1  0  0  0  0  0  0
  2.2939779832891746e-02  0  1  0  0  2  2  0  0  0  0  0  0  0  0  0  0
 -2.8139797787905602e-05  1  0  0  2  0  0  0  0  1  1  0  0  0  0  0  0
  8.9865974824289447e-06  1  0  1  0  0  0  0  0  0  0  0  0  1  1  1  0
 -2.8814599575338290e-08  2  0  0  0  0  0  0  0  0  1  0  0  0  0  0  0
  4.1724696965263755e-11  0  0  0  1  1  0  0  0  0  0  0  0  0  0  1  0
  1.9843615382779678e-02  0  0  0  0  2  1  0  2  0  0  0  0  0  0  0  0
 -4.9100158590673108e-06  1  2  0  0  0  0  0  0  0  0  0  0  0  0  1  1
  3.6254977024690951e-05  0  0  0  0  0  0  0  0  0  0  0  0  2  1  0  2
  6.0252434113854710e-04  0  1  0  2  0  0  0  2  0  0  0  0  0  0  0  0
  9.5363785001814193e-12  0  0  0  0  0  0  0  2  0  0  0  0  0  1  0  0
 -1.6007183399359554e-10  0  0  0  0  0  0  0  0  1  0  0  0  0  0  1  1
 -7.8306636238327735e-03  0  1  1  2  0  0  1  0  0  0  0  0  0  0  0  0
  3.3093788216110651e-10  0  0  0  0  0  0  0  0  0  1  0  1  0  0  0  1
  4.3463520024699455e-04  0  0  0  1  0  0  0  0  1  2  1  0  0  0  0  0
  1.2397661950197894e-04  0  3  0  1  0  0  0  1  0  0  0  0  0  0  0  0
 -2.6785980715802649e-10  0  0  0  0  0  0  1  0  0  0  0  0  1  0  0  1
 -3.3049575002486193e-11  0  0  0  0  1  0  0  0  0  0  0  0  1  1  0  0
  7.8955163631169099e-05  0  1  0  4  0  0  0  0  0  0  0  0  0  0  0  0
 -3.4303260684686314e-10  0  0  0  0  0  1  0  0  0  0  0  0  0  0  0  2
  1.7368617084837300e-05  1  0  1  1  0  0  0  0  0  0  0  0  2  0  0  0
 -2.8568810079300916e-05  2  0  0  0  0  0  0  0  0  3  0  0  0  0  0  0
 -8.3252544375176998e-05  0  1  0  1  0  0  0  0  2  0  0  1  0  0  0  0
  1.3034971449456508e-09  0  0  0  0  0  1  0  0  0  2  0  0  0  0  0  0
 -9.5379697109662046e-03  0  0  0  2  0  1  2  0  0  0  0  0  0  0  0  0
  4.4701797166263501e-06  0  0  1  3  0  0  0  0  1  0  0  0  0  0  0  0
 -2.4815080597088392e-02  0  0  0  1  2  1  0  1  0  0  0  0  0  0  0  0
  4.7443072074084659e-04  0  0  0  1  0  0  0  0  0  1  2  1  0  0  0  0
  7.0249326571771603e-05  0  2  0  0  0  0  0  0  1  0  1  1  0  0  0  0
 -5.1827749731078992e-04  1  1  0  0  0  0  0  0  0  1  1  1  0  0  0  0
  6.4555121373179475e-10  0  1  0  0  1  0  0  0  1  0  0  0  0  0  0  0
 -1.9609955047664989e-06  2  0  0  0  0  0  0  0  0  0  0  0  0  3  0  0
  2.2494949252746050e-06  0  3  0  0  0  0  0  0  0  2  0  0  0  0  0  0
  3.4307487568548383e-05  0  2  2  0  0  0  0  0  0  1  0  0  0  0  0  0
 -8.8513730899133630e-06  0  0  1  1  0  0  0  0  0  0  0  0  3  0  0  0
 -1.6183574112864170e-05  0  1  0  2  0  0  0  0  0  0  0  2  0  0  0  0
  3.5863820910068318e-06  0  0  1  2  0  0  0  0  0  0  0  0  0  1  1  0
  9.8340970294362585e-07  2  1  0  0  0  0  0  0  0  0  0  0  0  0  0  2
  8.5321212035903097e-07  3  1  0  0  0  0  0  0  1  0  0  0  0  0  0  0
 -3.1746902581594795e-05  0  0  1  1  1  0  0  0  0  0  0  0  0  0  0  0
 -1.2117120060229970e-07  0  0  0  0  0  0  0  0  0  0  0  0  1  0  1  1
  1.0937009903534302e-10  0  0  1  0  0  0  1  0  0  0  0  0  0  1  0  0
 -4.8783865388110080e-05  1  1  1  1  0  0  0  0  0  1  0  0  0  0  0  0
  8.9653020015540725e-03  0  0  0  1  0  1  0  3  0  0  0  0  0  0  0  0
 -2.1542394995874705e-07  3  0  1  0  0  0  0  0  0  0  0  0  0  0  0  1
 -2.7337627365723243e-02  0  0  0  0  3  0  1  1  0  0  0  0  0  0  0  0
  3.5261128667224267e-06  0  1  0  0  0  0  0  2  0  0  0  0  0  0  0  0
 -1.5941103035638032e-02  0  0  1  1  1  2  0  0  0  0  0  0  0  0  0  0
 -4.0856440144536169e-02  0  0  0  0  1  2  1  1  0  0  0  0  0  0  0  0
  1.2905017524888570e-06  2  0  0  2  0  0  0  0  0  0  0  0  0  1  0  0
 -8.6420497396166029e-03  0  0  0  2  0  1  0  2  0  0  0  0  0  0  0  0
 -5.9831397860312885e-12  0  0  0  0  0  0  0  0  2  0  0  0  0  1  0  0
  3.6296989485899654e-06  0  0  0  2  0  1  0  0  0  0  0  0  0  0  0  0
  1.2043449983742024e-11  1  0  0  0  0  0  0  0  0  1  0  0  1  0  0  0
  4.4029623560453291e-07  0  0  3  1  0  0  0  0  0  0  0  0  1  0  0  0
  3.2664787636394194e-05  0  1  0  0  0  0  0  0  0  0  0  0  0  4  0  0
 -2.9979643917193883e-05  0  0  0  0  0  0  0  0  0  0  0  0  0  1  4  0
  2.5435505520229858e-03  0  1  4  0  0  0  0  0  0  0  0  0  0  0  0  0
 -1.5087045874170312e-05  0  1  2  0  0  0  0  0  0  0  0  0  2  0  0  0
 -3.2600832184807995e-05  0  1  1  0  0  0  0  0  0  0  0  0  0  0  1  2
  1.0096253904399351e-09  0  0  0  0  1  0  0  1  0  0  1  0  0  0  0  0
 -3.9930082499478100e-05  0  1  1  0  0  0  0  0  0  0  0  0  0  0  3  0
  4.4029623560453302e-07  0  0  1  3  0  0  0  0  0  0  0  0  1  0  0  0
  4.7181242748502925e-02  0  0  0  0  0  3  2  0  0  0  0  0  0  0  0  0
  1.2871526988211508e-05  0  0  2  0  0  0  0  0  0  0  0  0  0  3  0  0
 -3.0234411346022854e-06  3  0  1  0  0  0  0  0  0  0  0  1  0  0  0  0
  1.0568091626145287e-02  1  0  1  0  0  0  0  3  0  0  0  0  0  0  0  0
 -5.1124121332960667e-05  1  0  1  0  0  0  0  1  0  0  0  0  0  0  0  0
  1.6202547678122976e-02  0  0  0  1  3  0  1  0  0  0  0  0  0  0  0  0
  3.7928418387331132e-06  0  0  0  2  0  0  0  0  0  0  0  0  0  3  0  0
  1.2798181805385464e-06  2  2  0  0  0  0  0  0  0  1  0  0  0  0  0  0
 -9.4221884248748057e-08  0  0  0  0  0  0  0  0  0  0  0  0  0  3  0  0
  1.9529324751114532e-02  1  0  1  1  0  2  0  0  0  0  0  0  0  0  0  0
  1.8977949855630816e-04  1  0  0  1  0  0  0  0  1  1  0  1  0  0  0  0
 -1.1970365078556478e-04  0  0  1  1  0  0  0  0  3  0  0  0  0  0  0  0
 -5.7736972596119633e-06  0  0  0  2  0  0  0  0  0  0  0  0  0  1  2  0
  1.3591333224457803e-07  3  0  0  0  0  0  0  0  0  0  0  0  1  1  0  0
 -3.8357960188921945e-04  0  0  0  1  0  0  0  0  0  3  0  1  0  0  0  0
  6.9439258579824536e-04  0  1  0  0  0  0  0  0  2  2  0  0  0  0  0  0
  5.5125499937809798e-07  2  1  1  0  0  0  0  0  0  0  0  0  0  0  1  0
 -2.7373597398808689e-05  1  0  0  0  0  0  0  0  0  0  0  0  0  0  1  3
  1.7273327683792866e-09  0  0  0  0  0  1  0  0  2  0  0  0  0  0  0  0
  2.0015793107707795e-02  0  0  1  1  1  0  0  2  0  0  0  0  0  0  0  0
 -1.0507822772297425e-04  0  2  0  0  0  0  0  0  0  3  0  0  0  0  0  0
 -6.6146957812545724e-10  0  0  0  0  0  2  0  0  0  1  0  0  0  0  0  0
  2.2992247306644848e-05  0  1  0  0  0  0  0  0  0  0  0  0  0  0  4  0
  3.1940385599882851e-05  0  0  1  0  0  0  0  0  0  0  0  0  1  2  0  1
  7.4572386949136636e-05  0  0  3  0  0  0  0  0  0  1  1  0  0  0  0  0
 -2.2959368019067279e-05  0  0  0  1  0  0  0  0  0  0  0  0  0  3  0  1
  3.3041012480954902e-02  1  0  1  0  1  1  1  0  0  0  0  0  0  0  0  0
  5.5830729724918132e-05  0  1  0  0  0  0  0  0  0  0  0  0  2  2  0  0
 -2.5789217564500422e-05  0  1  2  1  0  0  0  0  0  0  0  1  0  0  0  0
 -2.1146941815941873e-07  2  0  2  0  0  0  0  0  0  0  0  0  0  1  0  0
 -6.7777016671587142e-04  0  0  0  0  0  0  0  0  0  1  4  0  0  0  0  0
  4.0773999673373409e-07  1  2  0  0  0  0  0  0  0  0  0  0  1  1  0  0
  8.1225357779581808e-05  2  0  1  0  0  0  0  0  1  0  0  1  0  0  0  0
 -3.1997616279747616e-04  1  0  0  0  0  0  0  0  1  1  0  2  0  0  0  0
  3.6387281136727326e-03  0  0  0  3  0  1  0  1  0  0  0  0  0  0  0  0
 -5.7736972596119616e-06  0  0  2  0  0  0  0  0  0  0  0  0  0  1  0  2
  8.4963233517204644e-07  0  0  0  3  0  0  0  0  0  0  0  0  0  1  0  1
  8.7855991993366072e-07  1  0  3  0  0  0  0  0  0  0  0  0  0  0  0  1
 -5.2419049443309365e-06  0  0  4  0  0  0  0  0  0  1  0  0  0  0  0  0
  4.8516333227940797e-04  0  0  1  0  0  0  0  0  3  0  0  1  0  0  0  0
 -6.0136301720355238e-06  0  0  2  2  0  0  0  0  0  1  0  0  0  0  0  0
 -8.0684348183862563e-05  0  0  0  0  0  0  0  0  0  0  0  0  3  0  1  1
  7.2897312624683744e-10  0  0  1  0  0  1  0  0  0  0  1  0  0  0  0  0
  1.5176251819990232e-02  0  0  0  0  1  0  1  3  0  0  0  0  0  0  0  0
 -1.1258530624866413e-10  0  0  0  0  0  0  0  0  1  1  0  0  1  0  0  0
 -3.8491704179135426e-04  1  0  0  0  0  0  0  0  0  0  1  3  0  0  0  0
  5.0514194842805309e-06  1  0  2  1  0  0  0  0  0  0  0  0  0  0  1  0
 -1.0454251157896733e-02  0  0  1  1  3  0  0  0  0  0  0  0  0  0  0  0
 -1.4530459523536362e-05  0  0  1  0  0  0  0  0  0  0  0  0  1  0  0  3
  2.5473484599803964e-04  1  1  0  0  0  0  0  0  1  0  2  0  0  0  0  0
  2.7614487174311221e-05  0  0  1  0  0  0  0  0  0  0  0  0  0  1  1  2
 -1.8453914293108307e-06  0  3  0  0  0  0  0  0  0  0  0  2  0  0  0  0
  3.7295265909628484e-04  0  1  0  0  0  0  0  0  1  1  1  1  0  0  0  0
 -2.5931701275059272e-02  1  0  0  0  1  1  0  2  0  0  0  0  0  0  0  0
 -5.0819205051175957e-04  1  0  0  1  0  0  0  0  2  0  1  0  0  0  0  0
  2.1037576691772994e-03  3  0  0  0  1  1  0  0  0  0  0  0  0  0  0  0
  3.6287010157188541e-02  0  1  0  0  1  1  1  1  0  0  0  0  0  0  0  0
  9.4988455478702592e-06  1  0  0  0  0  0  0  0  0  0  0  0  3  1  0  0
  2.6103925592710157e-05  0  0  0  0  0  0  0  0  0  0  0  0  1  0  1  3
  1.0665151504487885e-06  0  4  0  0  0  0  0  0  0  1  0  0  0  0  0  0
 -5.8471169352779392e-04  0  0  1  0  0  0  0  0  1  0  2  1  0  0  0  0
  7.7752705515779681e-04  0  0  0  0  0  0  0  0  2  1  0  2  0  0  0  0
  8.7855991993366062e-07  1  0  0  3  0  0  0  0  0  0  0  0  0  0  1  0
 -1.3718707446843141e-02  0  1  2  0  2  0  0  0  0  0  0  0  0  0  0  0
  6.0758932840479502e-11  0  1  0  0  0  1  0  0  0  0  0  0  0  1  0  0
 -1.8711103399561720e-04  0  2  0  0  0  1  0  0  0  0  0  0  0  0  0  0
 -5.6267708677497143e-06  0  1  3  0  0  0  0  0  0  0  0  0  0  0  1  0
 -5.1421545518408055e-05  0  0  1  2  0  0  0  0  1  0  0  1  0  0  0  0
 -3.4261599926872113e-03  0  0  0  0  0  1  0  4  0  0  0  0  0  0  0  0
  1.2889675039670233e-04  0  0  0  2  0  0  0  0  1  0  1  1  0  0  0  0
 -3.8696510278823931e-06  0  1  2  1  0  0  0  0  0  0  0  0  0  0  0  1
 -2.5913874865539496e-04  2  0  0  0  0  0  0  0  1  0  1  1  0  0  0  0
 -1.3827650748424432e-05  1  1  1  0  0  0  0  0  0  0  0  0  1  0  1  0
  1.2889675039670236e-04  0  0  1  1  0  0  0  0  1  0  2  0  0  0  0  0
 -3.1865321664427203e-02  1  0  1  0  2  0  0  1  0  0  0  0  0  0  0  0
  1.0133647623896423e-09  0  0  1  0  0  0  1  0  0  1  0  0  0  0  0  0
 -1.1575420715364299e-05  0  0  0  3  0  0  0  0  1  0  1  0  0  0  0  0
  1.4913744202727173e-02  0  1  0  0  0  0  4  0  0  0  0  0  0  0  0  0
 -6.5420138253874276e-06  0  0  0  1  0  0  0  0  0  0  0  0  1  0  3  0
  1.3618721283852773e-07  0  1  0  2  0  0  0  0  0  0  0  0  0  0  0  0
 -1.8871174206627391e-06  0  0  3  0  0  0  0  0  0  0  0  0  1  0  0  1
 -9.3059972090434255e-06  0  0  1  1  0  0  0  0  0  0  0  0  1  2  0  0
  2.6225057156541542e-03  0  1  2  2  0  0  0  0  0  0  0  0  0  0  0  0
  7.6515147266201537e-13  1  0  0  0  0  0  0  1  0  0  1  0  0  0  0  0
 -6.4307345659446501e-03  1  1  0  0  3  0  0  0  0  0  0  0  0  0  0  0
  3.0404384023555287e-10  0  0  0  0  0  1  0  0  0  0  2  0  0  0  0  0
  1.5466071328309700e-02  0  0  2  0  2  1  0  0  0  0  0  0  0  0  0  0
 -1.1391113052508527e-05  0  0  0  1  0  1  0  1  0  0  0  0  0  0  0  0
 -4.2040919366318458e-05  0  1  3  0  0  0  0  0  0  0  1  0  0  0  0  0
  7.7552461092836164e-03  0  0  0  2  2  1  0  0  0  0  0  0  0  0  0  0
  1.1328884657664193e-07  0  1  0  0  0  0  0  0  0  0  0  0  0  2  0  0
  2.2432753384648923e-04  1  0  0  0  0  0  0  0  1  3  0  0  0  0  0  0
 -2.6605173781626955e-06  2  0  1  1  0  0  0  0  0  0  0  0  1  0  0  0
 -3.4721236632811701e-07  0  0  0  1  0  0  0  0  0  1  0  1  0  0  0  0
  1.0225253882358649e-06  0  1  1  0  0  0  0  0  0  0  1  0  0  0  0  0
 -8.4749637069904793e-07  0  3  0  0  0  0  0  0  0  0  0  0  0  2  0  0
 -5.7629199150676587e-08  1  1  0  0  0  0  0  0  1  0  0  0  0  0  0  0
 -2.8302202441660863e-02  0  0  0  1  1  0  1  2  0  0  0  0  0  0  0  0
 -3.2277903922621923e-03  2  1  0  0  0  0  0  2  0  0  0  0  0  0  0  0
  3.4342496313385682e-07  0  2  1  1  0  0  0  0  0  0  0  0  1  0  0  0
 -3.5019883324850421e-09  2  0  0  0  0  0  0  0  0  0  0  0  0  1  0  0
  1.3863153067588412e-05  0  0  1  1  0  0  0  0  0  0  0  0  1  0  0  2
  1.4280999576249521e-02  0  1  0  1  0  2  0  1  0  0  0  0  0  0  0  0
 -5.7201808453455926e-07  1  0  0  1  0  0  0  0  0  0  1  0  0  0  0  0
  4.9183148330356056e-10  0  0  0  0  0  1  0  1  0  0  0  0  0  0  0  1
  1.4759460762239159e-10  0  0  0  0  0  0  0  0  0  0  1  0  0  1  1  0
 -2.9747908526959169e-09  0  0  0  0  0  1  0  0  0  0  0  2  0  0  0  0
  3.5853909899863121e-05  1  0  2  1  0  0  0  0  0  0  1  0  0  0  0  0
  1.8477818335135924e-07  0  4  0  0  0  0  0  0  0  0  0  0  0  1  0  0
  1.8881627464746547e-03  1  0  0  0  0  0  0  0  0  2  1  1  0  0  0  0
  9.3256574680142859e-06  1  2  0  0  0  0  0  0  1  1  0  0  0  0  0  0
 -1.0276210249009527e-06  0  0  0  0  0  0  0  0  2  1  0  0  0  0  0  0
 -3.7326614614563475e-05  2  0  0  0  0  0  0  0  0  1  2  0  0  0  0  0
 -3.1026532013695553e-05  0  0  0  0  0  0  0  0  0  0  0  0  0  5  0  0
  4.8142349022007550e-02  0  0  1  0  0  1  3  0  0  0  0  0  0  0  0  0
 -1.8602411812677435e-02  0  0  0  0  0  1  4  0  0  0  0  0  0  0  0  0
 -4.8421210923114991e-11  0  0  0  0  0  2  0  0  0  0  0  0  0  1  0  0
  1.7368617084837297e-05  1  0  1  1  0  0  0  0  0  0  0  0  0  2  0  0
 -1.4940664117046148e-02  1  0  0  0  0  0  1  3  0  0  0  0  0  0  0  0
  1.3162350103527001e-04  0  0  0  1  0  0  0  0  0  1  0  3  0  0  0  0
 -6.5526429463879946e-11  0  1  0  0  0  0  0  0  0  0  0  1  0  0  0  1
 -7.3761074137332246e-11  0  0  0  0  0  0  0  0  0  0  0  1  0  1  0  1
  6.4473381100824825e-05  2  3  0  0  0  0  0  0  0  0  0  0  0  0  0  0
 -1.4940664117046150e-02  1  0  0  0  0  0  3  1  0  0  0  0  0  0  0  0
 -3.6963875528993942e-08  0  0  0  1  0  0  0  0  0  0  0  0  0  1  0  1
  5.1510343918230682e-08  0  0  0  2  0  0  0  0  0  1  0  0  0  0  0  0
  1.4886824288408198e-02  0  1  0  0  0  0  2  2  0  0  0  0  0  0  0  0
  3.6955636670271855e-08  4  0  0  0  0  0  0  0  0  0  0  0  0  1  0  0
 -8.4109863515431120e-05  0  0  2  0  0  0  0  0  0  1  0  2  0  0  0  0
 -3.2648183512405165e-05  0  1  2  0  0  0  0  0  0  0  0  0  0  0  0  0
  1.3863153067588411e-05  0  0  2  0  0  0  0  0  0  0  0  0  1  0  1  1
 -7.9206340982932846e-02  0  1  0  0  0  2  2  0  0  0  0  0  0  0  0  0
  1.5969828618509943e-10  0  0  0  0  0  0  1  1  0  0  0  0  1  0  0  0
 -3.0991642816576920e-04  0  1  1  0  0  0  0  0  0  0  1  2  0  0  0  0
 -4.0237516632863886e-04  0  0  0  0  2  1  0  0  0  0  0  0  0  0  0  0
 -5.6438700397230693e-04  0  0  0  4  0  1  0  0  0  0  0  0  0  0  0  0
 -1.7404935762431275e-03  0  0  0  0  0  0  0  0  1  2  1  1  0  0  0  0
 -4.7443072074084664e-04  0  0  0  1  0  0  0  0  1  0  1  2  0  0  0  0
  3.3786297692927459e-04  0  1  0  0  0  0  0  0  0  0  4  0  0  0  0  0
 -1.7753785646038885e-05  0  2  0  1  0  0  0  0  1  0  1  0  0  0  0  0
 -1.0817270542689398e-12  1  0  0  0  1  0  0  0  0  0  0  0  0  1  0  0
  9.2482314841553985e-06  2  0  0  0  0  0  0  0  0  0  0  0  0  1  0  2
  1.5862191499154833e-02  2  0  1  0  1  0  0  1  0  0  0  0  0  0  0  0
  2.4220883792753505e-05  0  0  0  1  0  0  0  0  0  0  0  0  1  2  1  0
 -8.1803604681837498e-03  2  0  0  0  2  1  0  0  0  0  0  0  0  0  0  0
 -4.4437295498075932e-06  0  1  0  2  0  0  0  0  0  2  0  0  0  0  0  0
  4.3948717481135255e-02  0  1  1  0  2  0  1  0  0  0  0  0  0  0  0  0
 -5.3210347563253909e-06  1  1  1  1  0  0  0  0  0  0  0  0  0  1  0  0
  8.4795869559833414e-04  0  0  1  0  0  0  0  0  0  1  3  0  0  0  0  0
 -6.9125236580233071e-03  1  2  0  1  0  0  1  0  0  0  0  0  0  0  0  0
  1.3084208993373217e-02  0  0  0  0  0  3  0  2  0  0  0  0  0  0  0  0
 -1.1655592928219659e-04  0  1  2  0  0  0  0  0  2  0  0  0  0  0  0  0
 -1.4784858776368348e-03  0  1  0  0  0  0  0  0  2  0  2  0  0  0  0  0
  7.2648041735539105e-06  2  0  1  0  0  0  0  0  0  0  0  0  1  0  0  1
  1.7217335965923009e-11  1  0  0  0  0  0  0  0  0  0  1  0  0  0  0  1
 -1.4539113034028421e-06  0  1  1  2  0  0  0  0  0  0  0  0  0  0  1  0
 -9.4221884248748057e-08  0  0  0  0  0  0  0  0  0  0  0  0  2  1  0  0
  3.1709485948263607e-03  3  0  0  0  0  0  1  1  0  0  0  0  0  0  0  0
  1.2067293288773462e-02  2  0  0  0  0  1  0  2  0  0  0  0  0  0  0  0
 -1.5565861557252101e-02  2  0  0  1  0  1  0  1  0  0  0  0  0  0  0  0
