758
  3.3041012480954896e-02  1  1  0  1  1  0  0  1  0  0  0  0  0  0  0  0
  1.7273327683792866e-09  0  1  0  0  0  0  0  0  2  0  0  0  0  0  0  0
 -1.0152326251903315e-04  0  0  0  0  0  0  1  2  0  0  0  0  1  0  0  1
 -8.0475033265727750e-04  1  0  0  0  1  1  0  0  0  0  0  0  0  0  0  0
 -1.2718301297774395e-05  0  0  0  0  3  0  1  0  0  0  0  0  0  0  0  1
  1.1042112229576757e-02  0  0  1  2  1  0  0  1  0  0  0  0  0  0  0  0
 -6.3434211190790051e-07  0  0  0  0  1  0  0  1  0  0  0  0  0  0  1  0
  5.2702163392070469e-04  0  0  0  0  3  0  0  0  1  1  0  0  0  0  0  0
 -5.0668712612252989e-02  0  0  0  1  0  1  2  1  0  0  0  0  0  0  0  0
 -2.0290284767130307e-05  0  0  0  0  0  1  0  0  0  0  0  0  0  0  0  4
 -1.6194177962984536e-03  0  0  0  0  0  1  1  2  0  0  1  0  0  0  0  0
 -1.6040576731602162e-03  0  0  0  0  0  3  0  0  0  0  2  0  0  0  0  0
 -3.6995249420038023e-03  0  0  0  0  0  0  2  0  0  1  0  2  0  0  0  0
 -1.6988270627161340e-04  0  0  0  0  1  0  2  0  0  0  0  0  0  0  1  1
 -2.3818790115204760e-11  0  0  0  0  0  0  0  0  1  0  0  0  1  1  0  0
  1.0003924569004306e-03  0  0  0  0  0  0  0  3  0  1  0  1  0  0  0  0
  1.0855633770129396e-10  0  0  0  0  0  0  0  1  1  0  0  0  0  0  1  0
 -1.2217408331168947e-02  2  0  0  1  1  0  1  0  0  0  0  0  0  0  0  0
  1.1538262626534961e-06  0  0  0  0  0  1  1  0  0  0  0  0  0  0  1  0
  1.0646633899311917e-11  0  0  0  1  0  0  0  0  0  0  0  0  1  0  1  0
  1.3034971449456508e-09  0  1  0  0  0  0  0  0  0  2  0  0  0  0  0  0
 -9.5379697109662064e-03  0  1  2  0  0  0  0  2  0  0  0  0  0  0  0  0
 -1.6686012929158561e-11  0  0  0  1  0  0  0  0  1  0  1  0  0  0  0  0
 -4.9205165183960520e-10  0  0  0  0  0  0  0  0  0  2  0  0  0  1  0  0
 -8.4016803688079097e-06  0  0  0  0  0  3  0  1  0  0  0  1  0  0  0  0
  3.9855503541849921e-03  0  0  0  0  0  1  1  1  1  1  0  0  0  0  0  0
 -6.9023094063671957e-04  0  0  0  0  0  0  1  0  0  0  0  0  0  3  1  0
  2.4876436667404161e-04  0  0  0  0  0  0  1  0  0  0  0  0  3  0  0  1
  1.5013105444005014e-04  0  0  0  0  0  0  3  0  0  0  0  0  0  1  1  0
  2.0015793107707788e-02  1  0  0  2  0  0  1  1  0  0  0  0  0  0  0  0
 -3.1795522839910287e-02  0  2  2  0  0  1  0  0  0  0  0  0  0  0  0  0
 -6.7890823634321235e-04  0  0  0  0  0  1  0  0  0  0  0  0  2  0  2  0
 -5.3362830409914769e-09  0  0  0  0  0  0  0  0  0  1  0  0  0  0  0  0
 -2.9523385398047742e-04  0  0  0  0  0  0  1  1  0  0  0  0  0  1  1  1
  4.2013266820263981e-03  0  0  4  0  0  1  0  0  0  0  0  0  0  0  0  0
  6.1573907519342656e-02  0  0  1  1  0  1  1  1  0  0  0  0  0  0  0  0
 -1.0141178466693839e-02  1  2  1  1  0  0  0  0  0  0  0  0  0  0  0  0
 -2.9747908526959169e-09  0  1  0  0  0  0  0  0  0  0  0  2  0  0  0  0
  4.0028316283373215e-02  0  0  0  0  2  3  0  0  0  0  0  0  0  0  0  0
 -2.9602288400392075e-03  2  0  0  0  0  1  2  0  0  0  0  0  0  0  0  0
 -5.4522071751898413e-05  0  0  0  0  0  1  0  1  0  0  0  0  2  0  0  1
  3.9598514286797282e-02  0  0  0  0  0  1  2  2  0  0  0  0  0  0  0  0
 -3.2788346929314660e-09  1  0  0  0  0  0  0  0  0  0  1  1  0  0  0  0
 -3.5806692634691661e-02  0  1  1  1  0  0  1  1  0  0  0  0  0  0  0  0
 -1.2217408331168945e-02  0  2  1  0  1  0  0  1  0  0  0  0  0  0  0  0
  6.1398743232655311e-04  0  0  0  0  0  0  0  0  0  0  0  0  2  1  2  0
  7.2160555419695750e-03  0  0  0  0  1  0  0  0  3  1  0  0  0  0  0  0
  7.5519707811884992e-03  2  0  1  1  1  0  0  0  0  0  0  0  0  0  0  0
 -3.6995249420038023e-03  0  0  0  0  0  0  0  2  0  1  2  0  0  0  0  0
 -3.9523254472122451e-08  0  0  0  0  2  0  0  0  0  0  0  0  0  1  0  0
 -1.8025944016217186e-02  0  3  1  0  0  0  1  0  0  0  0  0  0  0  0  0
  1.9539433118288506e-02  0  1  3  0  0  0  1  0  0  0  0  0  0  0  0  0
  1.0266108795749323e-03  0  0  0  0  0  3  0  0  0  0  0  0  0  0  0  0
 -2.8091876078764820e-05  0  0  0  0  0  1  0  3  0  0  0  1  0  0  0  0
 -1.3609635614358099e-05  0  0  0  0  0  0  1  0  0  1  1  0  0  0  0  0
 -9.6461018489169756e-03  2  1  0  0  0  2  0  0  0  0  0  0  0  0  0  0
  3.8527224694392697e-11  1  0  0  0  0  1  0  0  0  0  0  0  1  0  0  0
 -3.6578044022387333e-10  0  0  0  0  0  0  1  0  0  0  0  1  1  0  0  0
  1.1042112229576755e-02  0  0  2  1  1  0  1  0  0  0  0  0  0  0  0  0
 -8.3429115935125933e-10  0  0  0  0  0  0  0  0  0  0  1  0  1  0  0  1
  3.2376705445526566e-10  1  0  0  0  0  1  0  0  1  0  0  0  0  0  0  0
  1.0375248840281780e-01  0  0  1  0  0  3  1  0  0  0  0  0  0  0  0  0
  3.3041012480954902e-02  1  1  1  0  1  0  1  0  0  0  0  0  0  0  0  0
  5.0189351197663379e-03  2  1  0  2  0  0  0  0  0  0  0  0  0  0  0  0
  2.4240937815699366e-09  0  0  0  1  0  1  0  0  0  0  0  1  0  0  0  0
  1.9819640159448237e-04  0  0  0  0  0  0  1  1  0  0  0  0  1  0  0  2
  6.9977299092312457e-04  0  3  0  0  0  0  0  2  0  0  0  0  0  0  0  0
 -1.4028496232244044e-04  0  0  0  0  0  0  1  1  0  0  0  0  1  2  0  0
  2.5702542915493384e-04  0  0  0  0  1  1  0  0  0  0  0  0  1  0  2  0
  1.1201672971546000e-06  0  0  0  0  1  0  0  0  0  0  0  0  0  0  1  1
  1.2236825191510225e-09  0  0  1  0  0  0  0  1  1  0  0  0  0  0  0  0
 -3.5073299023647359e-10  1  0  0  0  0  0  0  0  0  0  0  0  0  0  1  1
  1.4613467473780682e-05  0  0  0  0  0  0  0  0  0  1  2  0  0  0  0  0
 -1.8713513807491870e-03  0  0  0  0  0  1  2  1  0  0  0  1  0  0  0  0
  5.0768266839266775e-06  0  0  0  0  2  1  0  0  0  0  0  0  2  0  0  0
 -1.4273034717415582e-09  0  1  0  0  0  0  1  0  0  0  1  0  0  0  0  0
 -1.0689433401696344e-06  0  0  0  0  0  3  0  0  0  0  0  0  0  0  0  2
  1.2206692910930096e-10  0  1  1  0  0  0  0  0  0  0  0  0  0  0  1  0
  7.7003833896095952e-12  0  1  0  0  0  0  0  0  0  0  0  0  0  0  2  0
 -8.6780597593574555e-03  0  0  0  0  0  1  1  0  0  0  1  2  0  0  0  0
  1.6154592244333858e-02  0  0  2  0  0  1  0  2  0  0  0  0  0  0  0  0
 -6.8091648931168170e-03  0  0  0  0  0  0  0  0  4  1  0  0  0  0  0  0
  3.1680410130714515e-06  0  0  0  0  0  0  2  0  0  1  0  0  0  0  0  0
  2.4999647752864066e-03  1  0  3  1  0  0  0  0  0  0  0  0  0  0  0  0
  3.2913708286253366e-10  1  0  1  0  0  0  0  0  0  0  0  1  0  0  0  0
 -2.3605695555935645e-03  0  0  1  3  1  0  0  0  0  0  0  0  0  0  0  0
  1.6745245174156495e-04  0  0  0  0  0  0  0  0  0  0  0  0  1  0  3  1
  3.3816331123906273e-04  0  0  0  0  0  1  0  0  0  0  0  0  2  2  0  0
 -4.0856440144536162e-02  1  0  0  0  2  0  1  1  0  0  0  0  0  0  0  0
 -1.3573297466762525e-03  0  0  0  0  1  1  0  1  1  0  0  1  0  0  0  0
 -4.4137501105723891e-03  1  0  0  3  0  0  1  0  0  0  0  0  0  0  0  0
  8.9474775308841913e-03  0  0  0  1  1  0  3  0  0  0  0  0  0  0  0  0
  1.0096253904399359e-09  1  0  0  0  0  0  1  0  0  0  0  1  0  0  0  0
  2.4240314353390453e-07  0  0  0  0  0  0  0  1  0  0  0  0  1  0  1  0
  3.0252358122790028e-10  0  0  1  0  1  0  0  0  0  0  0  0  0  0  0  1
  1.7317959194001930e-04  0  0  0  0  0  0  2  0  0  0  0  0  2  1  0  0
 -8.7453420051102860e-05  0  0  0  0  0  0  2  0  0  0  0  0  0  1  0  2
 -1.1391113052508527e-05  0  1  0  1  0  0  0  1  0  0  0  0  0  0  0  0
  5.6201636154244684e-04  4  0  0  0  0  1  0  0  0  0  0  0  0  0  0  0
  4.0078833437570455e-06  0  0  0  0  3  0  0  0  0  0  0  0  0  0  1  1
 -1.3821812353201211e-03  0  0  0  0  1  2  0  1  0  0  1  0  0  0  0  0
 -5.4887996683777656e-05  0  0  0  0  0  1  1  2  0  0  0  0  0  0  1  0
 -3.0801736127177855e-05  0  0  0  0  0  0  0  0  0  0  0  0  0  1  0  4
  1.8988454187454193e-02  0  0  0  0  0  1  1  0  2  0  1  0  0  0  0  0
  1.8143505078594274e-02  2  0  0  0  1  0  1  1  0  0  0  0  0  0  0  0
  1.5998448329341864e-04  0  0  0  0  1  0  0  1  0  0  0  0  0  0  3  0
 -3.0456286186534296e-04  0  0  0  0  0  0  0  0  0  0  0  0  2  3  0  0
 -4.4385591222112215e-10  0  1  0  1  0  0  0  0  0  0  0  1  0  0  0  0
 -2.1206773173044385e-06  0  0  0  0  1  1  0  0  1  0  0  0  0  0  0  0
  6.4091713642059326e-05  0  0  0  0  0  0  0  2  0  0  0  0  2  1  0  0
  1.2916864913472697e-02  0  0  0  0  0  1  0  0  2  2  0  0  0  0  0  0
  3.9267557913719971e-03  0  0  3  0  1  0  0  1  0  0  0  0  0  0  0  0
  8.9474775308841896e-03  0  0  1  0  1  0  0  3  0  0  0  0  0  0  0  0
  1.5810649017621143e-03  0  0  0  0  1  2  0  0  1  1  0  0  0  0  0  0
  1.0818762585311757e-03  3  0  1  0  0  0  0  1  0  0  0  0  0  0  0  0
 -1.0524844611878649e-02  1  1  0  2  1  0  0  0  0  0  0  0  0  0  0  0
  2.9879490265400597e-04  0  0  0  0  1  1  1  0  0  0  0  0  0  1  0  1
 -5.2181218432694413e-03  0  0  0  0  1  0  0  2  0  0  1  1  0  0  0  0
  3.2056380972980939e-03  0  0  0  0  0  0  2  1  0  1  0  1  0  0  0  0
  3.0290977344992361e-05  0  0  0  0  1  0  0  3  0  0  0  0  0  0  1  0
  4.0058875720722310e-06  0  0  0  0  1  0  0  0  1  1  0  0  0  0  0  0
 -6.1686817442826870e-02  1  1  1  0  0  1  0  1  0  0  0  0  0  0  0  0
 -1.0817270542690044e-12  1  1  0  0  0  0  0  0  0  0  0  0  1  0  0  0
  1.1319875223468457e-04  0  0  0  0  1  0  1  1  0  0  0  0  0  0  0  0
 -2.5931701275059279e-02  1  1  0  0  1  0  2  0  0  0  0  0  0  0  0  0
  3.8896217743737509e-04  0  0  0  0  0  1  2  0  0  0  0  0  0  0  2  0
  2.4303895960508483e-05  0  0  0  0  0  0  0  3  0  0  0  0  0  1  0  1
 -1.6360720936367503e-02  1  2  0  0  1  1  0  0  0  0  0  0  0  0  0  0
 -1.5140952866150800e-02  0  0  0  0  0  2  1  0  0  1  1  0  0  0  0  0
 -5.9397533235755317e-03  0  0  0  0  1  0  1  1  0  0  0  2  0  0  0  0
 -8.9792455448367229e-03  0  0  0  0  0  0  0  1  0  3  0  1  0  0  0  0
  3.1664872280168476e-04  0  0  0  0  1  0  0  1  0  0  0  0  0  0  1  2
 -3.7485442883368266e-03  0  0  0  0  0  2  0  0  2  1  0  0  0  0  0  0
  8.1163002678914648e-05  0  0  0  0  0  1  0  0  0  0  0  0  2  0  0  2
 -2.9689586802514403e-05  0  0  0  0  2  0  0  0  0  0  0  0  0  3  0  0
 -2.5985976034759363e-11  0  0  2  0  0  0  0  0  0  0  0  0  0  1  0  0
  1.4280999576249521e-02  0  2  0  1  0  1  0  1  0  0  0  0  0  0  0  0
  1.0066460227721136e-02  0  0  0  0  0  1  0  0  0  4  0  0  0  0  0  0
 -1.3386391322741919e-02  0  0  0  0  1  0  1  0  2  0  0  1  0  0  0  0
  3.1664872280168476e-04  0  0  0  0  1  0  1  0  0  0  0  0  0  0  2  1
 -7.5397277682401016e-06  0  0  0  0  0  0  0  0  0  3  0  0  0  0  0  0
  7.5519707811885000e-03  0  2  1  1  1  0  0  0  0  0  0  0  0  0  0  0
  8.9509949989762135e-05  0  0  0  0  0  0  1  2  0  0  0  0  0  1  1  0
 -1.0920081047834133e-03  0  0  0  0  0  2  0  0  1  0  1  1  0  0  0  0
  9.4986152957809399e-03  2  0  0  0  0  3  0  0  0  0  0  0  0  0  0  0
 -2.8021374367932699e-10  0  0  2  0  0  0  0  0  0  1  0  0  0  0  0  0
  1.9843615382779678e-02  0  1  0  0  2  0  0  2  0  0  0  0  0  0  0  0
 -2.3453697127757367e-05  0  0  0  0  0  0  2  2  0  0  0  0  0  1  0  0
 -2.1813160024479728e-03  0  0  0  0  2  0  1  1  1  0  0  0  0  0  0  0
 -5.0768266839266792e-06  0  0  0  0  2  1  0  0  0  0  0  0  0  0  0  2
  2.3386267531981292e-03  0  0  0  0  0  1  2  0  0  0  0  2  0  0  0  0
  7.3602646169270368e-04  0  0  0  0  0  1  1  0  0  0  0  0  2  0  1  0
  1.2871893006432843e-10  0  0  1  0  0  0  0  0  0  0  0  0  0  1  1  0
  1.0915907051229438e-06  0  0  0  0  0  2  1  1  0  0  0  0  1  0  0  0
 -1.9295075400498310e-02  0  0  2  1  0  1  0  1  0  0  0  0  0  0  0  0
  8.4925000410796469e-05  0  0  0  0  0  0  2  1  0  0  0  0  0  1  0  1
  1.7828079331029287e-02  0  0  0  0  0  1  0  0  1  1  1  1  0  0  0  0
 -2.0369991719568757e-04  0  0  0  0  0  1  0  0  0  0  0  4  0  0  0  0
 -1.0003924569004304e-03  0  0  0  0  0  0  0  3  1  0  1  0  0  0  0  0
 -6.0565098058025448e-10  0  0  0  0  0  0  0  0  0  0  0  0  0  1  0  0
 -1.7791359831715276e-02  0  0  0  0  0  0  2  0  0  1  2  0  0  0  0  0
 -1.2790114662453033e-03  0  0  0  0  0  0  3  0  1  0  0  1  0  0  0  0
  1.3677442148874425e-02  0  3  0  0  0  0  2  0  0  0  0  0  0  0  0  0
 -3.4298903473811627e-02  1  0  0  0  1  3  0  0  0  0  0  0  0  0  0  0
  4.0421836359096464e-02  0  1  0  0  2  0  2  0  0  0  0  0  0  0  0  0
  3.6380944370002555e-02  0  2  0  0  0  3  0  0  0  0  0  0  0  0  0  0
  4.6528908146187577e-03  2  0  1  0  0  1  1  0  0  0  0  0  0  0  0  0
 -8.3049223779587348e-03  0  0  0  0  1  0  0  0  0  0  3  1  0  0  0  0
  4.9646160156680658e-04  0  0  0  0  2  0  0  0  0  1  2  0  0  0  0  0
  4.4471988429300949e-03  0  0  0  0  1  0  0  1  0  0  3  0  0  0  0  0
 -2.4378470583211255e-04  0  0  0  0  1  0  1  1  0  0  0  0  0  0  0  2
  2.8805448581900740e-02  0  1  1  0  0  0  1  2  0  0  0  0  0  0  0  0
  1.8589428362776044e-05  0  0  0  0  2  0  1  0  0  0  0  0  0  1  1  0
 -4.6240582317007478e-02  0  1  2  0  0  0  2  0  0  0  0  0  0  0  0  0
  1.7582739469683081e-02  1  0  1  1  0  0  0  2  0  0  0  0  0  0  0  0
  2.1633792650273162e-04  0  0  0  0  0  1  0  1  0  0  0  3  0  0  0  0
 -1.3229391562509145e-09  0  1  0  0  0  1  0  0  0  1  0  0  0  0  0  0
  1.2851271457746695e-04  0  0  0  0  2  0  0  0  0  0  0  0  0  1  0  2
  4.9178841064766683e-05  0  0  0  0  0  3  1  0  0  0  0  0  0  0  1  0
  3.1569703779428795e-10  0  2  0  0  0  0  0  0  0  1  0  0  0  0  0  0
  1.8765141145901233e-10  0  1  0  0  0  0  0  0  0  0  0  0  2  0  0  0
  2.4759966662925784e-07  0  0  0  0  0  1  0  0  0  0  0  0  0  0  0  0
  2.0014158141686618e-02  0  0  0  0  0  5  0  0  0  0  0  0  0  0  0  0
  6.0420838084592303e-03  0  0  2  2  0  1  0  0  0  0  0  0  0  0  0  0
 -1.8143505078594267e-02  0  0  2  0  1  0  1  1  0  0  0  0  0  0  0  0
 -1.6988270627161348e-04  0  0  0  0  1  0  0  2  0  0  0  0  0  0  1  1
 -1.4260267114150902e-02  0  0  0  2  0  3  0  0  0  0  0  0  0  0  0  0
 -7.8082166884525534e-10  0  0  0  0  0  0  0  0  0  1  1  0  0  0  1  0
 -1.2261976890943037e-02  1  0  2  1  0  0  1  0  0  0  0  0  0  0  0  0
 -1.7749460005130082e-04  0  0  0  0  1  1  1  1  0  0  0  0  0  1  0  0
  5.6939580062070652e-06  0  0  0  0  0  1  0  3  0  0  0  0  0  0  0  1
  4.1724696965263833e-11  1  0  1  0  0  0  0  0  0  0  0  0  0  0  0  1
 -1.2718301297774393e-05  0  0  0  0  3  0  0  1  0  0  0  0  0  0  1  0
 -1.0748425036504214e-02  0  2  0  0  0  1  0  2  0  0  0  0  0  0  0  0
 -6.5346418594311125e-04  0  0  0  0  0  0  1  0  0  0  0  0  2  1  1  0
  4.4344131297982717e-06  0  0  0  0  0  0  0  0  0  1  0  2  0  0  0  0
  5.1991119009330586e-05  1  0  0  1  0  0  1  0  0  0  0  0  0  0  0  0
  1.7592299577164650e-04  0  0  0  0  0  1  0  0  0  0  0  0  0  0  4  0
 -1.3191141220302101e-02  0  0  0  0  1  0  0  0  1  1  0  2  0  0  0  0
 -2.4705234666350982e-05  0  0  0  0  0  1  0  2  0  0  0  0  0  0  0  2
 -1.8143505078594271e-02  0  0  0  2  1  0  1  1  0  0  0  0  0  0  0  0
  5.1325868668597007e-04  0  0  0  0  0  0  1  3  1  0  0  0  0  0  0  0
 -6.3434211190790061e-07  0  0  0  0  1  0  1  0  0  0  0  0  0  0  0  1
 -1.5941103035638036e-02  1  0  1  1  2  0  0  0  0  0  0  0  0  0  0  0
 -1.5818619259194898e-10  0  0  0  0  0  0  0  0  0  0  0  1  1  0  1  0
 -7.0346360304494011e-05  0  0  1  0  1  0  0  1  0  0  0  0  0  0  0  0
  2.4378470583211257e-04  0  0  0  0  1  0  1  1  0  0  0  0  2  0  0  0
 -8.2012882097169726e-02  1  0  0  0  0  2  1  1  0  0  0  0  0  0  0  0
  6.2695298491611514e-03  0  0  0  0  0  0  2  0  2  1  0  0  0  0  0  0
 -2.0860179830396841e-02  0  0  0  0  0  1  0  0  2  0  2  0  0  0  0  0
  6.4648552372603793e-04  0  0  0  0  0  0  0  0  0  0  0  0  0  3  2  0
 -1.0005687188516535e-01  1  0  0  1  1  1  0  1  0  0  0  0  0  0  0  0
 -1.0524844611878649e-02  1  1  2  0  1  0  0  0  0  0  0  0  0  0  0  0
 -1.6080203139746924e-02  0  0  0  0  0  0  1  0  1  0  2  1  0  0  0  0
  2.4539523776595509e-10  0  0  0  0  0  1  0  0  1  0  0  0  1  0  0  0
 -3.8154903893323187e-05  0  0  0  0  1  2  1  0  0  0  0  0  0  0  0  1
 -3.2184945904525357e-05  0  0  0  0  0  2  0  0  0  0  0  0  0  1  0  2
 -2.6996051472454770e-10  0  0  1  0  0  1  0  0  0  0  0  0  0  0  1  0
  1.8143505078594271e-02  0  2  0  0  1  0  1  1  0  0  0  0  0  0  0  0
  3.0404384023555287e-10  0  1  0  0  0  0  0  0  0  0  2  0  0  0  0  0
 -6.2821952733627118e-02  0  0  0  0  2  1  2  0  0  0  0  0  0  0  0  0
  1.5563271100451617e-04  0  0  0  0  0  1  0  0  0  0  0  0  0  0  2  2
 -8.5747258684529069e-03  0  1  0  0  4  0  0  0  0  0  0  0  0  0  0  0
  3.6751194405110258e-03  0  0  0  0  0  2  2  0  0  1  0  0  0  0  0  0
 -1.5565861557252101e-02  2  1  0  1  0  0  0  1  0  0  0  0  0  0  0  0
 -2.1097903759556544e-02  0  0  0  0  0  0  0  0  3  0  1  1  0  0  0  0
 -4.2873629342264533e-02  0  1  0  0  0  4  0  0  0  0  0  0  0  0  0  0
 -8.4925000410796469e-05  0  0  0  0  0  0  2  1  0  0  0  0  1  0  1  0
 -3.0631852429315323e-06  0  0  0  0  1  1  0  2  0  0  0  0  1  0  0  0
 -7.3628766221816986e-12  0  0  1  1  0  0  0  0  0  0  0  0  1  0  0  0
  6.5085051082599460e-02  0  0  2  0  0  1  2  0  0  0  0  0  0  0  0  0
  8.6775705487841765e-05  0  0  0  0  1  1  2  0  0  0  0  0  1  0  0  0
  2.0234990963453482e-04  0  0  0  0  0  0  0  1  0  0  0  0  3  0  1  0
  8.7150629817425742e-05  0  1  0  0  0  0  2  0  0  0  0  0  0  0  0  0
 -1.7216578582555542e-02  0  0  1  1  1  0  2  0  0  0  0  0  0  0  0  0
 -1.3987690384395285e-02  0  0  1  0  3  0  0  1  0  0  0  0  0  0  0  0
  1.1796723342516169e-10  0  0  1  0  0  0  0  1  0  0  0  0  1  0  0  0
  4.0323493611332438e-02  1  1  0  0  1  2  0  0  0  0  0  0  0  0  0  0
 -4.4587848322310209e-10  0  0  0  0  0  0  1  0  1  0  0  0  0  0  0  1
  1.1486954894043383e-02  0  1  2  1  0  0  0  1  0  0  0  0  0  0  0  0
  4.3387852743920910e-05  0  0  0  0  2  0  0  2  0  0  0  0  0  1  0  0
 -6.2370344665205733e-05  0  3  0  0  0  0  0  0  0  0  0  0  0  0  0  0
 -1.5315926214657662e-06  0  0  0  0  2  0  2  0  0  0  0  0  0  1  0  0
 -7.9532674466313447e-03  0  0  0  0  0  1  0  1  1  1  1  0  0  0  0  0
  1.6590134448971186e-04  2  0  0  0  0  1  0  0  0  0  0  0  0  0  0  0
  1.8357861994817943e-04  0  0  0  0  0  0  2  0  0  0  0  0  0  3  0  0
 -5.9397533235755308e-03  0  0  0  0  1  0  1  1  0  0  2  0  0  0  0  0
 -5.2226884072392114e-04  0  0  0  0  1  1  0  0  0  0  0  0  0  1  1  1
  4.9734872597134621e-03  0  0  0  0  0  1  0  1  0  2  0  1  0  0  0  0
 -3.3049575002486038e-11  1  0  0  0  0  0  0  0  0  0  0  0  1  1  0  0
 -4.0392437977236498e-04  0  0  0  0  0  0  2  0  0  0  0  0  0  1  2  0
  1.3226748501404849e-10  0  0  0  1  0  0  0  1  0  0  0  0  0  1  0  0
 -9.0847100276837255e-06  0  0  0  0  0  3  0  0  0  0  0  0  0  0  2  0
  2.2156348554205977e-04  0  0  0  0  1  0  1  0  0  0  0  0  1  1  1  0
  2.9671941194698937e-06  0  0  0  0  2  2  0  0  0  0  0  0  0  1  0  0
 -8.2335310535309438e-10  1  0  0  0  1  0  0  0  0  1  0  0  0  0  0  0
 -7.3816329693814433e-04  0  0  0  0  0  0  2  2  0  1  0  0  0  0  0  0
  3.1080720983297644e-02  0  0  0  0  0  0  0  0  2  1  2  0  0  0  0  0
 -1.2071254989859180e-03  0  1  0  0  0  2  0  0  0  0  0  0  0  0  0  0
  9.5979721918757722e-07  0  0  0  0  0  0  0  2  0  1  0  0  0  0  0  0
 -1.0874844578792602e-02  1  0  0  1  0  0  3  0  0  0  0  0  0  0  0  0
  2.6389224647802661e-03  0  0  0  0  1  0  1  2  0  0  0  1  0  0  0  0
 -2.6113442036196046e-04  0  0  0  0  2  0  0  0  0  0  0  0  1  0  1  1
 -2.6539984537839954e-04  0  0  0  0  0  0  0  1  0  0  0  0  1  0  1  2
  2.0189603800627783e-09  0  0  0  1  1  0  0  0  0  0  1  0  0  0  0  0
 -2.4237292204617900e-07  0  0  0  0  0  0  0  1  0  0  0  0  0  1  0  1
  3.6387281136727326e-03  0  1  0  3  0  0  0  1  0  0  0  0  0  0  0  0
 -7.9469526998203011e-04  0  0  0  0  2  1  0  0  0  0  2  0  0  0  0  0
 -1.9762574926645578e-04  0  0  0  0  0  1  2  0  0  0  0  0  2  0  0  0
  1.5136595961186963e-02  0  0  0  0  0  0  1  0  0  1  1  2  0  0  0  0
 -1.6943641263308931e-06  0  0  0  0  0  3  0  1  0  0  0  0  0  0  0  1
  1.0062882173566869e-01  1  1  0  0  0  1  1  1  0  0  0  0  0  0  0  0
 -2.4815080597088392e-02  0  1  0  1  2  0  0  1  0  0  0  0  0  0  0  0
  1.1403764401931926e-02  0  0  0  0  1  0  1  0  0  0  2  1  0  0  0  0
 -2.7148586983242292e-02  0  0  3  0  0  1  1  0  0  0  0  0  0  0  0  0
 -6.6091152310397671e-11  0  1  0  1  0  0  0  0  0  0  0  0  0  0  0  1
 -7.9046508944244902e-08  0  0  0  0  1  1  0  0  0  0  0  0  1  0  0  0
 -6.7684823270311074e-11  0  1  0  0  1  0  0  0  0  0  0  0  1  0  0  0
 -4.0902158068745182e-05  0  0  0  0  0  0  3  0  0  0  0  0  1  0  0  1
 -5.0447046679433902e-10  0  0  0  0  0  1  0  0  0  0  1  0  0  0  1  0
  2.9404389380872755e-03  0  0  0  0  0  0  0  2  2  1  0  0  0  0  0  0
 -4.9577487834573941e-02  0  0  1  0  0  1  1  2  0  0  0  0  0  0  0  0
  8.1012224607630457e-03  0  0  0  0  0  1  0  0  0  0  4  0  0  0  0  0
  9.9828172237410983e-03  0  0  0  0  0  0  0  0  0  3  0  2  0  0  0  0
  1.3100067045093114e-04  0  0  0  0  1  0  0  0  0  0  0  0  1  3  0  0
 -5.9379173605028826e-05  0  0  0  0  1  1  0  0  0  0  0  0  3  0  0  0
 -1.3386391322741919e-02  0  0  0  0  1  0  0  1  0  2  1  0  0  0  0  0
 -3.1538786578110823e-06  0  0  0  0  0  0  0  4  0  0  0  0  0  1  0  0
  1.9819640159448237e-04  0  0  0  0  0  0  2  0  0  0  0  0  1  0  1  1
  7.1933056543226027e-03  0  0  0  0  0  0  2  0  0  3  0  0  0  0  0  0
  2.4280872095345583e-03  0  0  0  0  1  2  0  0  0  0  1  1  0  0  0  0
 -1.0179054343982407e-05  0  0  0  0  0  0  0  0  1  0  1  1  0  0  0  0
 -1.4794347896654009e-02  0  0  0  0  0  0  0  1  1  0  1  2  0  0  0  0
  1.1130270433916994e-02  0  0  0  0  0  1  2  0  0  0  2  0  0  0  0  0
 -6.9644844176110937e-04  0  0  0  0  0  1  0  0  2  0  0  2  0  0  0  0
 -1.3821812353201211e-03  0  0  0  0  1  2  1  0  0  0  0  1  0  0  0  0
  3.9252626980119651e-02  0  1  0  0  0  2  0  2  0  0  0  0  0  0  0  0
 -2.4303895960508483e-05  0  0  0  0  0  0  0  3  0  0  0  0  1  0  1  0
 -1.3191141220302101e-02  0  0  0  0  1  0  0  0  1  1  2  0  0  0  0  0
 -9.1195785738354736e-03  0  0  0  0  1  1  1  0  1  0  1  0  0  0  0  0
  1.3290719501706949e-10  1  0  0  0  0  0  1  0  0  0  0  0  0  0  0  1
 -2.9879490265400602e-04  0  0  0  0  1  1  1  0  0  0  0  0  1  0  1  0
  3.2131371863276245e-10  0  0  0  0  0  0  0  0  0  1  0  0  2  0  0  0
  1.3129475796276422e-10  0  0  0  0  0  0  0  0  0  1  0  0  0  0  2  0
  5.0768266839266783e-06  0  0  0  0  2  1  0  0  0  0  0  0  0  2  0  0
  2.0189603800627783e-09  0  0  1  0  1  0  0  0  0  0  0  1  0  0  0  0
  5.9326908664305740e-03  0  3  2  0  0  0  0  0  0  0  0  0  0  0  0  0
 -3.2056380972980934e-03  0  0  0  0  0  0  2  1  1  0  1  0  0  0  0  0
 -8.9068760407543242e-05  0  0  0  0  0  2  0  0  0  0  0  0  2  1  0  0
 -2.8075954697498680e-05  0  0  0  0  2  0  0  0  0  0  0  0  0  1  2  0
  4.5597892869177368e-03  0  0  0  0  2  0  0  1  1  0  1  0  0  0  0  0
 -4.0237516632863886e-04  0  1  0  0  2  0  0  0  0  0  0  0  0  0  0  0
 -3.4261599926872113e-03  0  1  0  0  0  0  0  4  0  0  0  0  0  0  0  0
  4.3650292827677852e-06  0  0  0  0  0  0  0  1  1  0  1  0  0  0  0  0
 -4.1282592556628796e-06  0  0  0  0  0  0  0  1  0  1  0  1  0  0  0  0
  5.2042918187970684e-05  0  0  0  0  0  2  0  0  0  0  0  0  1  0  1  1
 -1.9496742487462648e-02  0  0  0  0  1  1  0  0  0  1  1  1  0  0  0  0
 -1.8811128765852586e-10  0  0  1  0  0  0  0  0  0  0  0  0  1  0  0  1
 -6.8091648931168187e-03  0  0  0  0  0  0  0  0  0  5  0  0  0  0  0  0
 -7.9806732295139797e-07  0  0  0  0  0  0  1  0  0  0  0  0  0  1  1  0
 -4.7207945100111002e-04  0  0  0  0  1  0  1  0  0  0  0  0  2  0  0  1
  9.1305247651127274e-04  0  0  0  0  2  1  0  1  0  0  0  1  0  0  0  0
 -2.4990295255578844e-03  0  0  0  0  1  1  0  0  3  0  0  0  0  0  0  0
  3.2467580432427537e-10  0  0  0  0  0  0  1  0  0  0  1  0  0  1  0  0
  7.7552461092836164e-03  0  1  0  2  2  0  0  0  0  0  0  0  0  0  0  0
 -2.3605695555935649e-03  0  0  3  1  1  0  0  0  0  0  0  0  0  0  0  0
 -4.1963071153185837e-02  0  0  0  1  1  2  1  0  0  0  0  0  0  0  0  0
 -9.1599638847247346e-03  0  0  0  0  0  1  2  0  0  2  0  0  0  0  0  0
 -4.8906539025495336e-04  0  0  0  0  0  0  0  0  0  0  0  0  1  2  1  1
  3.9058649502229065e-02  1  1  1  1  0  1  0  0  0  0  0  0  0  0  0  0
 -2.0031632607811656e-10  0  1  0  0  0  0  1  0  0  0  0  0  0  0  1  0
 -1.4611095034128403e-02  0  3  0  0  0  2  0  0  0  0  0  0  0  0  0  0
  3.9687230765559356e-02  1  0  0  0  1  1  2  0  0  0  0  0  0  0  0  0
  3.5344040866970509e-02  0  0  0  0  0  0  0  0  0  3  2  0  0  0  0  0
 -3.1619292551632608e-02  0  0  2  0  0  3  0  0  0  0  0  0  0  0  0  0
 -7.8214179966513677e-05  1  0  0  0  0  0  1  1  0  0  0  0  0  0  0  0
 -5.2181218432694404e-03  0  0  0  0  1  0  2  0  0  0  1  1  0  0  0  0
  2.1492333991017734e-10  0  0  0  0  0  0  1  0  0  1  0  0  0  0  1  0
  3.3508664773125368e-10  0  0  0  1  0  1  0  0  0  0  0  0  0  0  0  1
 -6.3730643328854406e-02  1  1  0  1  0  1  1  0  0  0  0  0  0  0  0  0
 -3.6195515590735388e-04  0  0  0  0  0  1  0  2  2  0  0  0  0  0  0  0
 -4.3089333023903914e-03  0  0  0  0  0  1  2  0  2  0  0  0  0  0  0  0
 -5.5657126435198654e-05  0  0  2  0  0  1  0  0  0  0  0  0  0  0  0  0
  1.2908455679907992e-05  0  0  0  0  0  3  0  0  0  0  0  0  0  2  0  0
 -3.1882206071276065e-02  0  1  1  1  1  1  0  0  0  0  0  0  0  0  0  0
  2.2572626822370922e-07  0  0  0  0  0  0  2  0  0  0  0  0  0  1  0  0
  2.4399164632926091e-05  0  0  0  0  0  2  0  1  0  0  0  0  0  1  0  1
  3.4661704475670906e-09  0  1  0  0  0  0  0  1  0  0  0  1  0  0  0  0
  5.4628491801541057e-02  0  1  2  0  0  2  0  0  0  0  0  0  0  0  0  0
  9.9779384674611744e-03  0  0  0  0  0  0  1  0  3  0  0  1  0  0  0  0
  5.9793563201345809e-10  0  0  0  0  0  0  0  0  1  0  0  1  0  0  1  0
  2.6657740307197454e-03  0  4  0  0  0  1  0  0  0  0  0  0  0  0  0  0
  2.1433036579794359e-07  0  0  0  0  0  0  0  0  0  0  0  0  0  1  0  2
 -5.0768266839266792e-06  0  0  0  0  2  1  0  0  0  0  0  0  0  0  2  0
 -8.1803604681837498e-03  2  1  0  0  2  0  0  0  0  0  0  0  0  0  0  0
 -1.0663650979327764e-07  0  1  0  0  0  0  0  0  0  0  0  0  0  0  0  0
  2.9749492851755660e-10  0  0  0  0  0  0  0  0  0  1  0  0  0  2  0  0
  4.9630161194176785e-02  0  1  0  1  1  1  1  0  0  0  0  0  0  0  0  0
 -3.6387281136727326e-03  1  0  3  0  0  0  0  1  0  0  0  0  0  0  0  0
 -2.3951407238532178e-03  0  0  0  0  0  0  0  0  0  1  0  4  0  0  0  0
  1.6630811168989293e-09  0  0  0  1  0  0  0  1  0  1  0  0  0  0  0  0
 -1.2239880561163176e-10  0  0  0  0  0  0  0  1  0  1  0  0  0  0  0  1
  9.6492863420815245e-03  0  0  0  0  1  1  0  0  1  0  2  0  0  0  0  0
 -2.0234990963453482e-04  0  0  0  0  0  0  0  1  0  0  0  0  0  3  0  1
  3.0290977344992361e-05  0  0  0  0  1  0  3  0  0  0  0  0  0  0  0  1
 -7.9072971774938684e-10  0  0  0  0  0  0  0  0  0  0  2  0  0  1  0  0
  2.8504046857515640e-03  0  0  0  0  0  1  0  0  4  0  0  0  0  0  0  0
 -1.4682336982310427e-04  0  0  0  0  0  1  3  0  0  0  0  0  0  0  1  0
 -2.7604732927977321e-05  0  0  0  0  0  1  0  2  0  0  0  2  0  0  0  0
  1.4939745132700298e-04  0  0  0  0  2  0  0  1  0  0  0  0  1  0  1  0
  1.1175193068869542e-05  0  0  0  0  1  0  0  0  0  0  1  1  0  0  0  0
  4.9183148330356056e-10  0  1  0  0  0  0  0  1  0  0  0  0  0  0  0  1
  1.7582739469683077e-02  1  0  2  0  0  0  1  1  0  0  0  0  0  0  0  0
  1.6675642418010329e-11  0  0  0  0  0  0  0  1  0  0  1  0  1  0  0  0
 -5.5264624821968542e-10  0  0  0  0  0  0  0  0  0  1  0  0  0  0  0  2
  3.0379466420239751e-11  0  2  0  0  0  0  0  0  0  0  0  0  0  1  0  0
  7.9610075406606027e-05  0  0  0  0  0  1  1  1  0  0  0  0  1  1  0  0
  5.9397533235755317e-03  0  0  0  0  1  0  1  1  0  2  0  0  0  0  0  0
  2.2939779832891746e-02  0  2  0  0  2  1  0  0  0  0  0  0  0  0  0  0
 -2.7936429557134622e-02  0  0  0  0  0  0  1  0  2  1  1  0  0  0  0  0
 -3.2153672829723251e-03  0  3  0  0  2  0  0  0  0  0  0  0  0  0  0  0
 -7.9206340982932846e-02  0  2  0  0  0  1  2  0  0  0  0  0  0  0  0  0
  4.4471988429300941e-03  0  0  0  0  1  0  1  0  0  0  0  3  0  0  0  0
  1.8345066333913533e-03  0  0  0  0  0  3  1  0  0  0  1  0  0  0  0  0
 -6.1004183265582334e-03  0  0  0  0  0  0  1  1  1  2  0  0  0  0  0  0
  1.0931983839500690e-02  0  0  0  0  0  0  0  0  1  0  3  1  0  0  0  0
 -4.7207945100111008e-04  0  0  0  0  1  0  0  1  0  0  0  0  0  2  1  0
 -4.7142273076072674e-03  0  2  0  2  0  1  0  0  0  0  0  0  0  0  0  0
 -1.2274353840567060e-03  0  0  0  0  0  1  0  2  0  2  0  0  0  0  0  0
 -1.4152087390917746e-04  0  0  0  0  2  2  0  0  0  1  0  0  0  0  0  0
  1.0474962419311294e-05  0  0  0  0  0  1  1  0  0  0  1  0  0  0  0  0
  4.8246431710407623e-03  0  0  0  0  2  0  0  0  0  1  0  2  0  0  0  0
  2.1037576691772994e-03  3  1  0  0  1  0  0  0  0  0  0  0  0  0  0  0
 -4.2383562343362185e-10  1  0  0  0  0  0  0  0  1  1  0  0  0  0  0  0
  1.9781294129799287e-06  0  0  0  0  1  3  0  0  0  0  0  0  1  0  0  0
 -1.1195495388155187e-02  0  2  0  1  1  0  1  0  0  0  0  0  0  0  0  0
 -6.7866487333812647e-04  0  0  0  0  2  0  1  0  0  1  1  0  0  0  0  0
 -4.3727098862457995e-04  0  0  0  0  0  1  1  0  0  0  0  0  0  0  3  0
  2.3099218510240879e-03  2  1  0  0  0  0  2  0  0  0  0  0  0  0  0  0
  1.0086273516412324e-10  0  0  0  1  0  0  1  0  1  0  0  0  0  0  0  0
 -2.2905592399592069e-04  0  0  0  0  0  0  0  0  0  0  0  0  0  1  2  2
 -1.2782368412809310e-04  0  0  0  0  0  0  1  0  0  0  0  0  1  0  0  3
 -1.5634625318359290e-02  0  0  0  0  0  1  1  0  0  0  3  0  0  0  0  0
  7.9469526998202989e-04  0  0  0  0  2  1  0  0  2  0  0  0  0  0  0  0
 -3.5419587174962647e-03  2  1  1  0  0  0  1  0  0  0  0  0  0  0  0  0
  3.9267557913719971e-03  0  0  0  3  1  0  1  0  0  0  0  0  0  0  0  0
  1.3782062004339115e-03  3  0  0  1  0  0  1  0  0  0  0  0  0  0  0  0
  8.9653020015540725e-03  0  1  0  1  0  0  0  3  0  0  0  0  0  0  0  0
  8.0936240317818593e-04  0  0  0  0  3  0  0  0  0  0  1  1  0  0  0  0
  2.0014158141686611e-02  0  0  0  0  4  1  0  0  0  0  0  0  0  0  0  0
 -1.5722265287207125e-02  0  0  0  0  0  0  0  0  0  1  2  2  0  0  0  0
 -7.0346360304493943e-05  0  0  0  1  1  0  1  0  0  0  0  0  0  0  0  0
  1.3189795064157705e-03  2  1  2  0  0  0  0  0  0  0  0  0  0  0  0  0
 -2.7548023120546343e-06  0  0  0  0  0  3  0  0  0  0  0  0  2  0  0  0
  6.2147853006048918e-08  0  0  0  0  0  1  0  1  0  0  0  1  0  0  0  0
  5.4850420204438271e-03  0  0  0  0  0  0  3  0  0  1  1  0  0  0  0  0
 -9.7391384973158559e-07  0  0  0  0  0  1  0  0  0  0  0  0  0  0  2  0
 -3.1746902581594809e-05  1  0  1  1  0  0  0  0  0  0  0  0  0  0  0  0
  7.2160555419695733e-03  0  0  0  0  1  0  0  0  1  3  0  0  0  0  0  0
 -2.0033230545037539e-02  0  0  1  2  0  1  1  0  0  0  0  0  0  0  0  0
  1.8991822487056942e-04  0  0  0  0  0  0  0  0  0  0  0  0  0  3  0  2
  3.0343992889966013e-05  0  0  0  0  0  1  0  1  0  0  0  0  0  2  0  1
  7.5777107634027188e-02  0  0  1  0  2  1  1  0  0  0  0  0  0  0  0  0
  4.8607643034368937e-02  1  0  1  0  0  2  0  1  0  0  0  0  0  0  0  0
  3.2277903922621927e-03  2  2  0  0  0  1  0  0  0  0  0  0  0  0  0  0
 -2.2988277838496249e-10  1  0  0  1  0  0  0  0  0  0  0  0  0  0  1  0
  2.6594015691612256e-10  0  0  0  0  0  1  0  0  0  1  0  0  0  1  0  0
  3.3349522554443014e-04  0  0  0  0  0  2  0  0  0  0  0  0  0  1  2  0
 -2.8582554052418493e-03  0  0  0  0  1  0  2  0  1  1  0  0  0  0  0  0
 -2.4288160925748565e-09  0  0  1  0  0  0  0  0  1  0  0  1  0  0  0  0
  3.1041437519430608e-04  0  0  0  0  1  1  0  1  0  0  0  0  0  1  1  0
  5.2870021759010136e-02  1  0  0  1  0  2  1  0  0  0  0  0  0  0  0  0
  2.4726617662249106e-06  0  0  0  0  0  4  0  0  0  0  0  0  0  1  0  0
  1.1625388529425197e-09  0  0  1  0  0  0  0  0  0  1  1  0  0  0  0  0
  9.7803085519387311e-10  0  0  0  0  0  0  0  0  0  0  1  1  1  0  0  0
 -2.8302202441660863e-02  1  0  1  0  0  0  2  1  0  0  0  0  0  0  0  0
  1.7890162736512458e-09  0  0  0  0  0  0  0  0  1  0  1  0  0  0  0  1
  1.0771280224412840e-03  0  0  0  0  2  0  0  2  0  1  0  0  0  0  0  0
  1.2280659704468167e-02  0  0  0  0  1  0  1  0  1  1  1  0  0  0  0  0
  2.4378470583211255e-04  0  0  0  0  1  0  1  1  0  0  0  0  0  2  0  0
 -2.4345189455801632e-02  1  2  0  0  0  0  1  1  0  0  0  0  0  0  0  0
 -3.0326045705566657e-03  0  0  0  0  2  0  0  0  2  1  0  0  0  0  0  0
 -7.9469526998202989e-04  0  0  0  0  2  1  0  0  0  0  0  2  0  0  0  0
 -4.1682323352560692e-04  0  0  0  0  0  2  1  0  0  0  0  0  0  1  1  0
  1.3951166386756450e-04  0  0  0  0  0  0  0  2  0  0  0  0  1  0  1  1
  2.6767363606132520e-04  0  0  0  0  0  3  0  0  2  0  0  0  0  0  0  0
 -9.4347249272784986e-05  0  0  0  0  3  1  0  0  1  0  0  0  0  0  0  0
 -3.4303260684686314e-10  0  1  0  0  0  0  0  0  0  0  0  0  0  0  0  2
  2.4999647752864057e-03  1  0  1  3  0  0  0  0  0  0  0  0  0  0  0  0
 -2.0299818469946291e-05  0  0  0  0  0  0  4  0  0  0  0  0  0  1  0  0
  2.3451663296694144e-04  0  0  0  0  0  1  0  0  0  0  0  0  1  1  1  1
  1.3946994656632964e-02  0  0  0  0  0  0  1  0  1  2  0  1  0  0  0  0
  1.5565861557252099e-02  1  2  1  0  0  0  0  1  0  0  0  0  0  0  0  0
 -5.9309110334169817e-11  0  0  1  1  0  0  0  0  1  0  0  0  0  0  0  0
 -4.6169135726980169e-03  0  0  0  0  0  0  0  1  1  0  3  0  0  0  0  0
  2.1037576691772994e-03  1  3  0  0  1  0  0  0  0  0  0  0  0  0  0  0
 -1.3618329786233634e-02  0  0  0  0  0  0  0  0  2  3  0  0  0  0  0  0
 -6.2666528795863894e-05  0  0  0  0  1  0  0  2  0  0  0  0  1  1  0  0
 -4.6072707844004029e-04  0  0  0  0  3  0  0  1  0  0  1  0  0  0  0  0
 -2.2082437938838757e-06  0  0  0  0  0  0  1  1  1  0  0  0  0  0  0  0
  3.9362217470523408e-05  0  0  0  0  0  1  0  1  0  0  0  0  0  0  0  3
  2.5362677776836624e-11  0  0  0  0  1  0  0  0  0  0  0  1  0  0  1  0
  4.8415319137830692e-07  0  0  0  0  0  1  0  0  0  0  0  0  0  2  0  0
 -6.0652091411133296e-03  0  0  0  0  1  1  0  0  1  2  0  0  0  0  0  0
  4.7801726865236635e-02  0  0  0  1  0  3  0  1  0  0  0  0  0  0  0  0
  2.7933657370331613e-02  0  0  1  0  1  0  2  1  0  0  0  0  0  0  0  0
  5.9397533235755317e-03  0  0  0  0  1  0  1  1  2  0  0  0  0  0  0  0
  5.3692685633899164e-05  0  0  0  0  0  0  0  2  0  0  0  0  0  3  0  0
  3.9699537351828657e-02  0  0  0  0  0  1  1  0  0  2  1  0  0  0  0  0
  8.7732955550559794e-04  0  0  0  0  1  0  0  0  0  0  0  0  2  0  1  1
  9.9292320313361317e-04  0  0  0  0  1  1  0  0  1  0  0  2  0  0  0  0
  1.0876088759470339e-04  0  0  0  0  0  1  2  0  0  0  0  0  0  0  0  2
  4.8142349022007550e-02  0  1  1  0  0  0  3  0  0  0  0  0  0  0  0  0
 -1.1793406159098127e-04  0  0  0  0  0  4  0  0  0  1  0  0  0  0  0  0
 -8.3049223779587331e-03  0  0  0  0  1  0  0  0  0  0  1  3  0  0  0  0
  3.1169171104016377e-04  1  1  0  0  1  0  0  0  0  0  0  0  0  0  0  0
 -2.5931701275059272e-02  1  1  0  0  1  0  0  2  0  0  0  0  0  0  0  0
  2.0015793107707784e-02  1  0  1  1  0  0  2  0  0  0  0  0  0  0  0  0
  5.2471747010604253e-02  0  1  1  0  1  1  0  1  0  0  0  0  0  0  0  0
  1.7977758046174271e-04  0  0  1  0  0  1  1  0  0  0  0  0  0  0  0  0
 -1.0603386586522195e-06  0  0  0  0  2  0  0  0  0  1  0  0  0  0  0  0
 -1.5228143093267151e-04  0  0  0  0  0  0  0  0  0  0  0  0  4  1  0  0
  7.0466692295216655e-07  0  0  0  0  0  0  0  0  0  0  0  0  0  1  2  0
  5.1325868668597007e-04  0  0  0  0  0  0  3  1  1  0  0  0  0  0  0  0
 -3.4705659451630537e-05  0  0  0  0  0  1  0  2  0  0  0  0  0  0  0  0
 -5.4956369017584529e-05  0  0  0  0  2  0  0  0  0  0  0  0  2  1  0  0
  2.8302202441660863e-02  0  1  0  1  0  0  2  1  0  0  0  0  0  0  0  0
 -3.0211745018899398e-02  1  0  0  1  0  0  1  2  0  0  0  0  0  0  0  0
  3.4024900347103060e-07  0  0  0  0  0  1  0  0  0  0  0  0  2  0  0  0
 -1.6390314504569498e-04  0  5  0  0  0  0  0  0  0  0  0  0  0  0  0  0
 -5.2064072831526236e-06  0  0  0  0  1  0  1  0  0  0  0  1  0  0  0  0
  1.5035460511238902e-02  0  1  0  2  0  2  0  0  0  0  0  0  0  0  0  0
  5.1163470759274319e-06  0  0  0  0  0  0  1  0  1  0  0  1  0  0  0  0
 -1.4740049617964032e-02  0  0  0  0  1  0  3  1  0  0  0  0  0  0  0  0
  1.0931983839500689e-02  0  0  0  0  0  0  0  0  1  0  1  3  0  0  0  0
 -7.5952313203540964e-05  0  0  0  0  0  0  0  1  0  0  0  0  1  0  3  0
 -2.8582554052418493e-03  0  0  0  0  1  0  0  2  1  1  0  0  0  0  0  0
 -1.7413534769171173e-03  2  0  2  0  0  1  0  0  0  0  0  0  0  0  0  0
 -2.4399164632926091e-05  0  0  0  0  0  2  0  1  0  0  0  0  1  0  1  0
 -1.6390314504569496e-04  4  1  0  0  0  0  0  0  0  0  0  0  0  0  0  0
  5.5347269204211595e-12  0  0  0  1  0  0  1  0  0  0  0  0  1  0  0  0
 -4.6072707844004035e-04  0  0  0  0  3  0  1  0  0  0  0  1  0  0  0  0
 -1.1486954894043385e-02  1  0  1  2  0  0  0  1  0  0  0  0  0  0  0  0
  5.5924061436460760e-10  1  0  0  0  0  0  0  1  0  0  0  0  0  0  1  0
  6.3539188623537568e-06  0  0  0  0  0  1  0  2  0  0  0  0  2  0  0  0
  1.3951166386756450e-04  0  0  0  0  0  0  1  1  0  0  0  0  1  0  2  0
  1.5520718759715301e-04  0  0  0  0  2  0  1  0  0  0  0  0  1  0  0  1
  1.8730113744448940e-10  0  0  0  0  0  0  0  0  0  0  0  2  0  1  0  0
 -9.1375574666423438e-04  3  0  1  1  0  0  0  0  0  0  0  0  0  0  0  0
 -1.3718707446843141e-02  2  0  0  2  0  1  0  0  0  0  0  0  0  0  0  0
 -1.1948690630612008e-04  0  0  0  0  0  0  1  1  0  0  0  0  3  0  0  0
 -1.7592290658464418e-01  0  1  1  0  0  2  1  0  0  0  0  0  0  0  0  0
 -3.3348852656941068e-11  0  0  0  2  0  0  0  0  0  0  0  0  0  1  0  0
  7.8640881260892605e-03  0  0  0  0  0  0  2  0  1  0  1  1  0  0  0  0
 -6.2370344665205706e-05  2  1  0  0  0  0  0  0  0  0  0  0  0  0  0  0
 -9.5379697109662046e-03  0  1  0  2  0  0  2  0  0  0  0  0  0  0  0  0
  2.5362677776836595e-11  0  0  0  0  1  0  0  0  0  0  1  0  0  0  0  1
  1.0942873681349587e-03  0  0  0  0  0  1  1  0  0  0  0  0  0  2  1  0
 -1.4790441168631492e-04  0  0  0  0  0  1  2  0  0  0  0  0  0  0  0  0
  4.0522375975153644e-04  0  3  0  2  0  0  0  0  0  0  0  0  0  0  0  0
 -4.5597892869177368e-03  0  0  0  0  2  0  0  1  0  1  0  1  0  0  0  0
 -3.2602862718592814e-03  0  0  0  0  0  0  0  2  0  1  0  2  0  0  0  0
 -1.2948301734008514e-02  0  0  0  0  0  0  0  1  2  1  0  1  0  0  0  0
  2.6235873505302123e-02  1  0  0  1  2  0  1  0  0  0  0  0  0  0  0  0
 -4.1963071153185857e-02  0  0  1  0  1  2  0  1  0  0  0  0  0  0  0  0
  1.2907196752663978e-04  0  0  0  0  0  2  2  0  0  0  0  0  0  1  0  0
  1.0040263368141429e-01  0  2  1  0  0  1  1  0  0  0  0  0  0  0  0  0
 -2.4428993481587593e-11  0  0  0  0  0  0  0  1  0  0  0  1  0  1  0  0
 -1.1105117201891997e-04  0  1  1  0  0  0  1  0  0  0  0  0  0  0  0  0
  1.5510492218567240e-02  1  0  2  0  1  1  0  0  0  0  0  0  0  0  0  0
 -1.3652596219566954e-02  0  0  0  0  0  0  1  1  0  1  1  1  0  0  0  0
  3.0932142656619400e-02  1  0  0  2  1  1  0  0  0  0  0  0  0  0  0  0
 -3.4298903473811627e-02  1  0  0  0  3  1  0  0  0  0  0  0  0  0  0  0
  3.7178856725552096e-05  0  0  0  0  1  1  0  1  0  0  0  0  1  0  0  1
 -5.1448355210717452e-02  0  1  0  0  2  2  0  0  0  0  0  0  0  0  0  0
 -3.5031871592743543e-06  0  0  0  0  0  2  0  2  0  0  0  0  0  1  0  0
 -6.9699558224759540e-06  0  0  0  0  0  2  1  0  0  0  0  0  1  0  0  1
  1.5565937617905704e-02  0  0  0  0  0  2  0  0  0  1  2  0  0  0  0  0
 -4.2528667162353272e-03  0  0  0  0  0  0  1  1  3  0  0  0  0  0  0  0
  3.2277560686589650e-10  2  0  0  0  0  0  0  0  0  1  0  0  0  0  0  0
 -1.0991273803516904e-04  0  0  0  0  1  1  0  0  0  0  0  0  1  2  0  0
  3.0252358122790048e-10  0  0  0  1  1  0  0  0  0  0  0  0  0  0  1  0
  1.8127775024547914e-04  0  0  0  0  0  2  0  2  0  1  0  0  0  0  0  0
 -5.6151909394997360e-05  0  0  0  0  1  1  0  0  0  0  0  0  1  0  0  2
 -6.2821952733627118e-02  0  0  0  0  2  1  0  2  0  0  0  0  0  0  0  0
 -8.6420497396166029e-03  0  1  0  2  0  0  0  2  0  0  0  0  0  0  0  0
  2.2241631627005433e-04  0  0  0  0  0  0  0  0  0  0  0  0  2  1  0  2
  2.9077771054150377e-02  0  0  0  0  1  0  0  0  0  2  1  1  0  0  0  0
  6.8479531075287195e-08  0  0  0  0  0  0  0  2  0  0  0  0  0  1  0  0
 -1.1245230512608724e-04  0  0  0  0  0  0  0  4  0  1  0  0  0  0  0  0
  9.1305247651127274e-04  0  0  0  0  2  1  1  0  0  0  1  0  0  0  0  0
 -5.5316340961145500e-03  0  0  0  0  0  2  0  0  0  3  0  0  0  0  0  0
 -6.8394100618245122e-10  0  0  0  0  0  0  0  0  1  0  0  0  0  0  1  1
  1.1691206337917856e-02  0  1  1  2  0  0  1  0  0  0  0  0  0  0  0  0
  1.6061302368194407e-09  0  0  0  0  0  0  0  0  0  1  0  1  0  0  0  1
 -1.9583970529729808e-04  0  0  0  0  1  0  0  0  0  0  0  0  1  1  2  0
 -1.0818762585311757e-03  0  3  0  1  0  0  0  1  0  0  0  0  0  0  0  0
  3.1329125737131428e-07  0  0  0  0  0  0  1  0  0  0  0  0  1  0  0  1
  1.4390418790727653e-07  0  0  0  0  1  0  0  0  0  0  0  0  1  1  0  0
 -5.6438700397230693e-04  0  1  0  4  0  0  0  0  0  0  0  0  0  0  0  0
 -8.6241415133119520e-05  0  0  0  0  0  1  2  1  0  0  0  0  0  0  0  1
  1.4625344742301459e-07  0  0  0  0  0  1  0  0  0  0  0  0  0  0  0  2
 -1.2909235309466983e-02  0  0  0  0  1  0  0  1  2  0  1  0  0  0  0  0
  3.2797963800461636e-03  0  0  0  0  0  0  1  2  0  1  1  0  0  0  0  0
  1.0151419149416047e-05  0  0  0  0  0  1  0  0  0  2  0  0  0  0  0  0
  1.7081518740372583e-02  0  0  0  2  0  1  2  0  0  0  0  0  0  0  0  0
 -5.9027688157909314e-03  0  0  0  0  0  0  1  0  1  0  0  3  0  0  0  0
  7.9566296010984442e-04  0  0  0  0  1  0  3  0  0  0  0  1  0  0  0  0
  7.5777107634027188e-02  0  0  0  1  2  1  0  1  0  0  0  0  0  0  0  0
 -1.9583970529729811e-04  0  0  0  0  1  0  0  0  0  0  0  0  1  1  0  2
 -4.5516650334368716e-04  0  0  0  0  1  0  0  1  0  0  0  0  2  0  1  0
 -8.2335310535308963e-10  0  1  0  0  1  0  0  0  1  0  0  0  0  0  0  0
  6.6669854337667337e-03  0  0  0  0  0  0  0  2  1  0  1  1  0  0  0  0
  4.6917584271003365e-04  0  0  0  0  0  0  1  0  0  0  0  0  0  1  3  0
  6.6669854337667363e-03  0  0  0  0  0  0  1  1  1  0  2  0  0  0  0  0
  1.6169952728920373e-03  0  0  0  0  0  1  0  2  0  0  2  0  0  0  0  0
  1.9781294129799283e-06  0  0  0  0  3  1  0  0  0  0  0  0  1  0  0  0
 -4.9033655715422272e-07  0  0  0  0  0  0  0  0  0  0  0  0  1  0  1  1
  4.4817297543403735e-05  0  0  1  1  1  0  0  0  0  0  0  0  0  0  0  0
  8.7655246684658433e-12  0  0  1  0  0  0  1  0  0  0  0  0  0  1  0  0
  1.0272459575083083e-11  0  0  0  0  1  0  0  0  1  0  0  0  0  1  0  0
  1.1232510151515831e-03  0  0  0  0  0  1  0  1  2  0  0  1  0  0  0  0
 -3.1682532772805569e-02  0  0  0  1  0  1  0  3  0  0  0  0  0  0  0  0
  1.0358132039406573e-04  0  0  0  0  0  1  0  0  0  0  0  0  4  0  0  0
 -1.6507572230207114e-05  0  0  0  0  0  1  0  2  0  0  0  0  0  2  0  0
 -1.9621328053877682e-04  0  0  0  0  1  0  0  0  0  0  0  0  0  0  1  3
  2.2793636450253861e-02  0  0  0  0  3  0  1  1  0  0  0  0  0  0  0  0
  8.9364498509121028e-06  0  1  0  0  0  0  0  2  0  0  0  0  0  0  0  0
 -3.0009731576562267e-04  0  0  0  0  0  1  2  0  0  0  0  0  0  2  0  0
  7.9566296010984442e-04  0  0  0  0  1  0  0  3  0  0  1  0  0  0  0  0
  2.6038538156222549e-02  0  0  1  1  1  2  0  0  0  0  0  0  0  0  0  0
  1.2280659704468165e-02  0  0  0  0  1  0  0  1  1  1  0  1  0  0  0  0
  6.8380909350761618e-02  0  0  0  0  1  2  1  1  0  0  0  0  0  0  0  0
  3.5850738126837707e-11  0  0  0  0  0  0  0  0  2  0  0  0  0  1  0  0
  2.9724967421449641e-02  0  0  0  2  0  1  0  2  0  0  0  0  0  0  0  0
 -1.0839828891794933e-05  0  0  0  2  0  1  0  0  0  0  0  0  0  0  0  0
 -3.0643517792587134e-03  0  1  4  0  0  0  0  0  0  0  0  0  0  0  0  0
 -1.9825418786874284e-04  0  0  0  0  0  0  0  0  0  0  0  0  0  1  4  0
  2.7972831053517508e-04  0  0  0  0  0  0  1  0  0  0  0  0  0  1  1  2
 -6.6216314310318133e-05  0  0  0  0  0  0  0  2  0  0  0  0  0  1  0  2
 -5.2064072831526227e-06  0  0  0  0  1  0  0  1  0  0  1  0  0  0  0  0
 -4.9735499965485657e-03  0  0  0  0  0  1  0  0  0  2  0  2  0  0  0  0
 -8.5615589183880958e-02  0  0  0  0  0  3  2  0  0  0  0  0  0  0  0  0
 -8.9653020015540708e-03  1  0  1  0  0  0  0  3  0  0  0  0  0  0  0  0
  4.7668939957080884e-05  1  0  1  0  0  0  0  1  0  0  0  0  0  0  0  0
 -1.3987690384395285e-02  0  0  0  1  3  0  1  0  0  0  0  0  0  0  0  0
  2.8553112136764987e-04  0  0  0  0  0  0  1  0  0  0  0  0  1  2  0  1
 -3.6529682554253624e-07  0  0  0  0  0  0  0  0  0  0  0  0  0  3  0  0
  2.3494886987943942e-05  0  0  0  0  1  2  0  0  0  0  0  0  1  1  0  0
 -3.1362753473690191e-02  1  0  1  1  0  2  0  0  0  0  0  0  0  0  0  0
  5.7440961461678532e-04  0  0  0  0  0  2  0  1  1  0  1  0  0  0  0  0
 -1.1433554262261337e-04  0  0  0  0  0  2  0  0  0  0  0  0  0  3  0  0
  6.1455315773438051e-06  0  0  0  0  0  1  0  0  2  0  0  0  0  0  0  0
 -1.7216578582555542e-02  0  0  1  1  1  0  0  2  0  0  0  0  0  0  0  0
 -3.1810159759566582e-06  0  0  0  0  0  2  0  0  0  1  0  0  0  0  0  0
  1.3217169039027347e-03  0  0  0  0  0  3  0  0  0  2  0  0  0  0  0  0
 -6.2571099181205731e-04  0  0  0  0  0  0  4  0  0  1  0  0  0  0  0  0
  3.4858888034204329e-05  0  0  0  0  0  1  0  2  0  0  0  0  0  0  2  0
 -4.9630161194176764e-02  1  0  1  0  1  1  1  0  0  0  0  0  0  0  0  0
  2.3742238469217901e-05  0  0  0  0  2  1  0  1  0  0  0  0  0  0  0  1
  7.8640881260892605e-03  0  0  0  0  0  0  1  1  1  0  0  2  0  0  0  0
 -5.7440961461678521e-04  0  0  0  0  0  2  0  1  0  1  0  1  0  0  0  0
 -1.3327124563353906e-02  0  0  0  0  0  0  0  0  0  1  4  0  0  0  0  0
 -1.2179718962293546e-02  0  0  0  3  0  1  0  1  0  0  0  0  0  0  0  0
  2.6539984537839954e-04  0  0  0  0  0  0  0  1  0  0  0  0  0  1  2  1
  4.6640445456390773e-03  0  0  0  0  2  0  1  0  1  0  0  1  0  0  0  0
 -1.2909235309466976e-02  0  0  0  0  1  0  1  0  0  2  0  1  0  0  0  0
 -8.7453420051102860e-05  0  0  0  0  0  0  0  2  0  0  0  0  0  1  2  0
  2.2156348554205980e-04  0  0  0  0  1  0  0  1  0  0  0  0  1  1  0  1
  2.9077771054150370e-02  0  0  0  0  1  0  0  0  2  0  1  1  0  0  0  0
 -4.5374511124066586e-10  0  0  0  0  0  1  0  0  0  0  0  1  0  0  0  1
  2.5314030285142952e-02  0  0  0  0  0  0  1  0  0  1  3  0  0  0  0  0
  3.9737669991700631e-04  0  0  0  0  0  2  0  0  0  1  0  2  0  0  0  0
  8.8717539078080857e-04  0  0  0  0  0  2  1  0  1  0  0  1  0  0  0  0
 -1.6138269785556210e-09  0  0  1  0  0  1  0  0  0  0  1  0  0  0  0  0
  7.8975225435673566e-03  0  0  0  0  0  1  0  0  0  0  2  2  0  0  0  0
 -4.2406920745598377e-04  0  0  0  0  0  0  0  0  0  0  0  0  3  0  1  1
  4.6169135726980169e-03  0  0  0  0  0  0  0  1  0  1  0  3  0  0  0  0
 -3.1727121630295156e-04  0  0  0  0  0  0  1  0  0  0  0  0  1  0  2  1
  4.9453235324498219e-07  0  0  0  0  4  0  0  0  0  0  0  0  0  1  0  0
 -1.4740049617964037e-02  0  0  0  0  1  0  1  3  0  0  0  0  0  0  0  0
 -1.4939745132700304e-04  0  0  0  0  2  0  0  1  0  0  0  0  0  1  0  1
 -5.2790238996644180e-10  0  0  0  0  0  0  0  0  1  1  0  0  1  0  0  0
  8.6795127187408519e-03  0  0  1  1  3  0  0  0  0  0  0  0  0  0  0  0
  2.5816138650872624e-06  0  0  0  0  0  1  0  0  0  0  0  0  0  2  0  2
  2.3742238469217898e-05  0  0  0  0  2  1  1  0  0  0  0  0  0  0  1  0
  1.2023650031271141e-05  0  0  0  0  1  2  0  0  0  0  0  0  0  0  1  1
  7.8316289959813139e-06  0  0  0  0  3  0  0  0  0  0  0  0  1  1  0  0
 -2.8060674911631382e-04  0  0  0  0  0  1  1  0  0  0  0  0  0  0  1  2
 -4.4373537318717355e-04  0  0  0  0  0  2  1  1  1  0  0  0  0  0  0  0
  7.1470436748988500e-03  0  0  0  0  0  1  1  1  0  0  1  1  0  0  0  0
  4.1667541562176842e-04  0  0  0  0  1  1  0  2  1  0  0  0  0  0  0  0
  8.0843672718192872e-02  1  0  0  0  1  1  0  2  0  0  0  0  0  0  0  0
  1.7145939812135208e-05  0  0  0  0  0  0  1  3  0  0  0  0  1  0  0  0
 -6.4307345659446510e-03  3  0  0  0  1  1  0  0  0  0  0  0  0  0  0  0
  2.6389224647802656e-03  0  0  0  0  1  0  2  1  0  0  1  0  0  0  0  0
 -8.1712880289072337e-02  0  1  0  0  1  1  1  1  0  0  0  0  0  0  0  0
  1.6745245174156495e-04  0  0  0  0  0  0  0  0  0  0  0  0  1  0  1  3
 -3.8154903893323187e-05  0  0  0  0  1  2  0  1  0  0  0  0  0  0  1  0
  1.2222635048431897e-04  0  0  0  0  1  0  2  1  0  0  0  0  0  0  1  0
  1.4246137107413955e-02  0  0  0  0  0  0  0  0  2  1  0  2  0  0  0  0
  1.5466071328309700e-02  0  1  2  0  2  0  0  0  0  0  0  0  0  0  0  0
  2.0833770781088416e-04  0  0  0  0  2  0  2  0  0  1  0  0  0  0  0  0
 -9.6842421846229981e-11  0  1  0  0  0  1  0  0  0  0  0  0  0  1  0  0
  4.7759305552987601e-04  0  2  0  0  0  1  0  0  0  0  0  0  0  0  0  0
  2.0166631329258228e-03  0  0  0  0  0  0  0  2  0  3  0  0  0  0  0  0
  1.4794347896654007e-02  0  0  0  0  0  0  0  1  0  1  2  1  0  0  0  0
 -1.2495147627789418e-03  0  0  0  0  2  0  0  0  0  3  0  0  0  0  0  0
  1.2429232334416625e-02  0  0  0  0  0  1  0  4  0  0  0  0  0  0  0  0
 -9.4347249272784973e-05  0  0  0  0  1  3  0  0  1  0  0  0  0  0  0  0
  3.3853586258379187e-10  0  0  1  0  0  0  1  0  0  1  0  0  0  0  0  0
  2.4815080597088385e-02  1  0  1  0  2  0  0  1  0  0  0  0  0  0  0  0
 -8.8747300025650370e-05  0  0  0  0  2  0  1  1  0  0  0  0  1  0  0  0
  9.1195785738354736e-03  0  0  0  0  1  1  1  0  0  1  0  1  0  0  0  0
 -1.8602411812677435e-02  0  1  0  0  0  0  4  0  0  0  0  0  0  0  0  0
  3.6296989485899654e-06  0  1  0  2  0  0  0  0  0  0  0  0  0  0  0  0
  1.5998448329341858e-04  0  0  0  0  1  0  1  0  0  0  0  0  0  0  0  3
 -2.4378470583211252e-04  0  0  0  0  1  0  1  1  0  0  0  0  0  0  2  0
 -1.9621328053877682e-04  0  0  0  0  1  0  0  0  0  0  0  0  0  0  3  1
 -4.5516650334368716e-04  0  0  0  0  1  0  1  0  0  0  0  0  0  2  0  1
 -3.6287387832310202e-03  0  1  2  2  0  0  0  0  0  0  0  0  0  0  0  0
  1.7145939812135205e-05  0  0  0  0  0  0  3  1  0  0  0  0  1  0  0  0
  3.8838485288687241e-09  1  0  0  0  0  0  0  1  0  0  1  0  0  0  0  0
  1.3441164537110811e-02  1  1  0  0  3  0  0  0  0  0  0  0  0  0  0  0
 -1.0942139940286148e-05  0  0  0  0  0  1  0  0  0  0  2  0  0  0  0  0
 -2.2939779832891746e-02  0  0  2  0  2  1  0  0  0  0  0  0  0  0  0  0
  3.9084859852754719e-05  0  0  0  1  0  1  0  1  0  0  0  0  0  0  0  0
  1.2222635048431894e-04  0  0  0  0  1  0  1  2  0  0  0  0  0  0  0  1
 -2.2939779832891749e-02  0  0  0  2  2  1  0  0  0  0  0  0  0  0  0  0
  1.5460183645652598e-10  0  1  0  0  0  0  0  0  0  0  0  0  0  2  0  0
 -1.2829632525614966e-09  0  0  0  1  0  0  0  0  0  1  0  1  0  0  0  0
  7.2897312624683744e-10  0  1  1  0  0  0  0  0  0  0  1  0  0  0  0  0
 -4.2965360716213576e-02  0  0  0  0  0  1  0  0  0  2  2  0  0  0  0  0
 -7.0785690716084675e-12  1  1  0  0  0  0  0  0  1  0  0  0  0  0  0  0
  2.7933657370331617e-02  0  0  0  1  1  0  1  2  0  0  0  0  0  0  0  0
  1.2067293288773462e-02  2  1  0  0  0  0  0  2  0  0  0  0  0  0  0  0
  3.1461193474508873e-11  2  0  0  0  0  0  0  0  0  0  0  0  0  1  0  0
 -3.1905485746306410e-02  0  0  0  0  0  0  1  0  0  3  1  0  0  0  0  0
 -4.8607643034368930e-02  0  1  0  1  0  2  0  1  0  0  0  0  0  0  0  0
 -1.5019661213304938e-09  1  0  0  1  0  0  0  0  0  0  1  0  0  0  0  0
 -9.9200625812398153e-04  0  0  0  0  0  1  0  0  0  0  0  0  0  2  2  0
 -1.1485796116230492e-07  0  0  0  0  0  1  0  1  0  0  0  0  0  0  0  1
  1.4667133196156052e-05  0  0  0  0  0  3  0  0  0  0  0  2  0  0  0  0
  7.2740633164745857e-10  0  0  0  0  0  0  0  0  0  0  1  0  0  1  1  0
 -6.2666528795863908e-05  0  0  0  0  1  0  2  0  0  0  0  0  1  1  0  0
  2.3305312858339405e-07  0  0  0  0  0  1  0  0  0  0  0  2  0  0  0  0
 -2.3911666432814305e-04  0  0  0  0  0  0  0  1  0  0  0  0  2  1  0  1
  1.0272459575083276e-11  0  0  0  0  1  0  0  0  0  1  0  0  1  0  0  0
  2.1542560448825679e-03  0  0  0  0  1  1  2  0  1  0  0  0  0  0  0  0
 -1.1978447324277252e-04  0  0  0  0  0  1  0  1  0  0  0  0  1  1  1  0
 -7.5397277682400796e-06  0  0  0  0  0  0  0  0  2  1  0  0  0  0  0  0
 -4.3626320048959456e-03  0  0  0  0  1  1  1  1  0  1  0  0  0  0  0  0
 -1.5228143093267151e-04  0  0  0  0  0  0  0  0  0  0  0  0  0  5  0  0
  9.3280890912781547e-03  0  0  0  0  1  1  0  1  0  1  1  0  0  0  0  0
 -9.7483712437313273e-03  0  0  0  0  2  0  0  0  1  0  1  1  0  0  0  0
  8.7732955550559784e-04  0  0  0  0  1  0  0  0  0  0  0  0  0  2  1  1
 -6.8563667674021375e-02  0  0  1  0  0  1  3  0  0  0  0  0  0  0  0  0
 -2.3586812318196247e-05  0  0  0  0  4  0  0  0  0  1  0  0  0  0  0  0
  2.7169281952380653e-02  0  0  0  0  0  1  4  0  0  0  0  0  0  0  0  0
 -1.1856976341636735e-07  0  0  0  0  0  2  0  0  0  0  0  0  0  1  0  0
  7.9469526998203000e-04  0  0  0  0  2  1  0  0  0  2  0  0  0  0  0  0
  2.3458199084499696e-04  0  0  0  0  0  1  0  0  0  0  0  0  0  4  0  0
  2.2063716714211632e-04  0  0  0  0  0  1  1  1  0  0  0  0  0  0  1  1
  1.5176251819990230e-02  1  0  0  0  0  0  1  3  0  0  0  0  0  0  0  0
 -3.4842571066429672e-03  0  0  0  0  0  0  1  2  1  0  0  1  0  0  0  0
 -6.7402276324990988e-03  0  0  0  0  0  1  0  1  0  0  2  1  0  0  0  0
 -2.6507102029574875e-10  0  0  0  0  0  0  0  0  0  0  0  1  0  1  0  1
 -1.1730202203774279e-04  0  0  0  0  0  1  0  1  0  0  0  0  0  0  2  1
  1.5176251819990232e-02  1  0  0  0  0  0  3  1  0  0  0  0  0  0  0  0
 -3.2780629009138991e-04  2  3  0  0  0  0  0  0  0  0  0  0  0  0  0  0
 -4.8745723694885823e-11  0  0  0  1  0  0  0  0  0  0  0  0  0  1  0  1
 -3.3952285401349658e-10  0  0  0  2  0  0  0  0  0  1  0  0  0  0  0  0
 -2.2028571805364650e-02  0  1  0  0  0  0  2  2  0  0  0  0  0  0  0  0
 -1.5361036855761814e-04  0  0  0  0  0  1  1  0  0  0  0  0  1  1  0  1
  8.9792455448367229e-03  0  0  0  0  0  0  0  1  3  0  1  0  0  0  0  0
  3.5376601530184748e-05  0  1  2  0  0  0  0  0  0  0  0  0  0  0  0  0
  1.4154372824550876e-01  0  1  0  0  0  2  2  0  0  0  0  0  0  0  0  0
 -1.5724673714842204e-07  0  0  0  0  0  0  1  1  0  0  0  0  1  0  0  0
  1.0266108795749340e-03  0  0  0  0  2  1  0  0  0  0  0  0  0  0  0  0
  2.3911666432814311e-04  0  0  0  0  0  0  0  1  0  0  0  0  1  2  1  0
 -2.9624543526902261e-02  0  0  0  0  0  0  0  0  1  2  1  1  0  0  0  0
  1.8407571264328331e-03  0  0  0  4  0  1  0  0  0  0  0  0  0  0  0  0
 -3.4626773009688761e-03  0  0  0  0  0  1  3  0  0  0  1  0  0  0  0  0
 -6.7684823270311681e-11  1  0  0  0  1  0  0  0  0  0  0  0  0  1  0  0
 -1.1195495388155190e-02  2  0  1  0  1  0  0  1  0  0  0  0  0  0  0  0
  1.1403764401931922e-02  0  0  0  0  1  0  0  1  0  0  1  2  0  0  0  0
  2.2939779832891753e-02  2  0  0  0  2  1  0  0  0  0  0  0  0  0  0  0
 -5.0028435942582675e-02  0  1  1  0  2  0  1  0  0  0  0  0  0  0  0  0
 -8.9075794731812291e-03  0  0  0  0  0  1  1  0  1  1  0  1  0  0  0  0
  1.2948301734008514e-02  0  0  0  0  0  0  0  1  1  2  1  0  0  0  0  0
  7.5952313203541004e-05  0  0  0  0  0  0  0  1  0  0  0  0  0  1  0  3
  1.5862191499154837e-02  1  2  0  1  0  0  1  0  0  0  0  0  0  0  0  0
  1.3100067045093111e-04  0  0  0  0  1  0  0  0  0  0  0  0  3  1  0  0
 -4.0028316283373222e-02  0  0  0  0  0  3  0  2  0  0  0  0  0  0  0  0
 -3.6529682554253619e-07  0  0  0  0  0  0  0  0  0  0  0  0  2  1  0  0
 -1.6101488601009625e-03  3  0  0  0  0  0  1  1  0  0  0  0  0  0  0  0
 -3.5131134629279276e-02  2  0  0  0  0  1  0  2  0  0  0  0  0  0  0  0
  4.3948717481135269e-02  2  0  0  1  0  1  0  1  0  0  0  0  0  0  0  0
