758
 -1.0276210249009527e-06  0  1  0  0  0  0  0  0  2  0  0  0  0  0  0  0
 -2.1273906524266245e-05  1  0  0  3  0  0  0  0  0  0  1  0  0  0  0  0
 -1.8647632954814242e-04  0  0  2  0  0  0  0  0  1  0  1  1  0  0  0  0
 -1.4784858776368350e-03  2  0  0  0  0  0  0  0  0  1  0  2  0  0  0  0
 -8.2335310535309438e-10  1  0  0  0  1  1  0  0  0  0  0  0  0  0  0  0
 -4.4587848322310209e-10  0  0  0  0  1  0  0  1  0  0  0  0  0  0  1  0
 -2.4990295255578835e-03  0  0  0  0  3  0  0  0  1  1  0  0  0  0  0  0
  3.2797963800461636e-03  0  0  0  0  0  1  1  2  0  0  1  0  0  0  0  0
  5.1886458726352344e-03  0  0  0  0  0  3  0  0  0  0  2  0  0  0  0  0
  8.8449785169443726e-03  0  0  0  0  0  0  2  0  0  1  0  2  0  0  0  0
  6.1618446779345732e-06  2  0  2  0  0  0  0  0  0  1  0  0  0  0  0  0
  2.2546996712799606e-05  0  0  0  0  0  0  0  0  1  0  0  0  1  1  0  0
 -5.0416237817105481e-03  0  0  0  0  0  0  0  3  0  1  0  1  0  0  0  0
  9.1662200608187068e-10  0  0  0  0  0  0  0  1  1  0  0  0  0  0  1  0
  2.1492333991017734e-10  0  0  0  0  0  1  1  0  0  0  0  0  0  0  1  0
 -8.4109863515431120e-05  0  1  0  2  0  0  0  0  0  0  2  0  0  0  0  0
 -6.9439258579824569e-04  0  0  2  0  0  0  0  0  2  1  0  0  0  0  0  0
 -6.7643654976314635e-11  0  0  0  1  0  0  0  0  0  0  0  0  1  0  1  0
  3.2843392171149369e-04  0  0  1  1  0  0  0  0  1  2  0  0  0  0  0  0
 -1.0493777881849392e-03  1  1  0  1  0  0  0  0  0  1  1  0  0  0  0  0
 -3.0828630747028589e-06  0  1  0  0  0  0  0  0  0  2  0  0  0  0  0  0
  6.1557595678297704e-03  0  0  0  0  0  0  0  0  0  3  0  1  0  0  0  1
 -4.3509275984067210e-02  0  0  0  0  0  0  0  0  0  0  2  2  0  1  0  0
 -2.9640001144898620e-05  0  0  0  0  0  0  0  0  0  2  0  0  0  1  0  0
 -2.8480236094903011e-07  0  0  0  1  0  0  0  0  1  0  1  0  0  0  0  0
 -1.9146987153892839e-04  0  0  0  0  0  3  0  1  0  0  0  1  0  0  0  0
 -1.2200836653116467e-02  0  0  0  0  0  1  1  1  1  1  0  0  0  0  0  0
  3.9847413021574308e-08  0  0  0  0  0  0  0  0  0  1  0  0  0  0  0  0
 -7.7755303988793383e-04  0  1  0  0  0  0  0  0  0  0  2  2  0  0  0  0
 -2.0542048152553286e-02  0  0  0  0  0  0  0  0  1  1  0  0  3  0  0  0
 -2.4391932694055040e-05  1  2  1  1  0  0  0  0  0  0  0  0  0  0  0  0
  5.8578821725233037e-07  0  1  0  0  0  0  0  0  0  0  0  2  0  0  0  0
 -4.7173624636392486e-05  0  0  0  0  2  3  0  0  0  0  0  0  0  0  0  0
  1.2102758469784487e-04  1  0  2  0  0  0  0  0  1  1  0  0  0  0  0  0
  8.3520150100412690e-04  2  0  0  1  0  0  0  0  0  1  0  1  0  0  0  0
  1.1675233382131368e-02  0  0  0  0  0  0  0  0  0  1  0  2  0  0  0  2
 -1.0055708286624372e-01  0  0  0  0  0  0  0  0  1  0  0  2  0  0  1  1
 -7.3816329693814433e-04  0  0  0  0  0  1  2  2  0  0  0  0  0  0  0  0
 -1.3563457517062407e-06  1  0  0  0  0  0  0  0  0  0  1  1  0  0  0  0
  1.0416509514534628e-03  0  0  0  0  0  0  0  0  0  1  0  0  0  0  0  4
  3.1862523297250027e-02  0  0  0  0  0  0  0  0  0  0  0  0  2  1  2  0
 -2.7236659572467257e-02  0  0  0  0  1  0  0  0  3  1  0  0  0  0  0  0
  9.4106219673929653e-03  0  0  0  0  0  0  0  2  0  1  2  0  0  0  0  0
 -1.2945717465030721e-01  0  0  0  0  0  0  0  0  0  1  0  0  0  2  2  0
  1.2269761888297726e-10  0  0  0  0  2  0  0  0  0  0  0  0  0  1  0  0
 -3.3517151007404607e-02  0  0  0  0  0  0  0  0  0  2  0  1  0  1  0  1
 -4.8990265551376402e-06  0  0  3  1  0  0  0  0  1  0  0  0  0  0  0  0
 -1.0603386586522195e-06  0  0  0  0  0  3  0  0  0  0  0  0  0  0  0  0
  1.0003924569004306e-03  0  0  0  0  0  1  0  3  0  0  0  1  0  0  0  0
  2.8006455323441395e-05  0  0  0  0  0  0  1  0  0  1  1  0  0  0  0  0
  6.6847243920162056e-10  0  0  0  0  0  0  1  0  0  0  0  1  1  0  0  0
  1.1303075624767065e-05  0  0  0  0  0  0  0  0  0  0  1  0  1  0  0  1
  5.8364160295412124e-02  0  0  0  0  0  0  0  0  0  0  1  1  1  0  2  0
 -4.2383562343362185e-10  1  0  0  0  0  1  0  0  1  0  0  0  0  0  0  0
  1.1892766063790774e-05  2  1  0  2  0  0  0  0  0  0  0  0  0  0  0  0
 -6.4792411641800385e-02  0  0  0  0  0  0  0  0  0  1  1  0  0  0  1  2
 -1.2829632525614966e-09  0  0  0  1  0  1  0  0  0  0  0  1  0  0  0  0
  4.5319839589902808e-02  0  0  0  0  0  0  0  0  0  0  2  0  2  1  0  0
 -1.6081399753886012e-02  0  0  0  0  0  0  0  0  0  1  0  2  2  0  0  0
 -6.8394100618245019e-10  0  0  0  0  1  0  0  0  0  0  0  0  0  0  1  1
 -1.6007183399359499e-10  1  0  0  0  0  0  0  0  0  0  0  0  0  0  1  1
 -1.6004039857255264e-10  0  0  1  0  0  0  0  1  1  0  0  0  0  0  0  0
 -7.5695035257955653e-05  0  0  0  0  0  0  0  0  0  1  2  0  0  0  0  0
  7.3300728529899425e-02  0  0  0  0  0  0  0  0  1  0  0  0  0  2  1  1
  3.2056380972980939e-03  0  0  0  0  0  1  2  1  0  0  0  1  0  0  0  0
 -1.0568513172563704e-01  0  0  0  0  0  0  0  0  1  0  1  1  0  0  0  2
  3.0921504028683084e-09  0  1  0  0  0  0  1  0  0  0  1  0  0  0  0  0
  2.7194576081822060e-11  0  1  1  0  0  0  0  0  0  0  0  0  0  0  1  0
  4.2440332490405802e-11  0  1  0  0  0  0  0  0  0  0  0  0  0  0  2  0
  1.5136595961186963e-02  0  0  0  0  0  1  1  0  0  0  1  2  0  0  0  0
 -1.3484431903116085e-04  1  0  1  1  0  0  0  0  2  0  0  0  0  0  0  0
 -3.9101344032468665e-03  0  1  1  0  0  0  0  0  0  2  1  0  0  0  0  0
  2.9833749028765465e-02  0  0  0  0  0  0  0  0  4  1  0  0  0  0  0  0
 -6.2118310398636204e-06  0  0  0  0  0  0  2  0  0  1  0  0  0  0  0  0
  4.4701797166263501e-06  1  0  3  1  0  0  0  0  0  0  0  0  0  0  0  0
  3.4730356847913702e-07  1  0  1  0  0  0  0  0  0  0  0  1  0  0  0  0
  1.3553137124679102e-02  0  0  0  0  0  0  0  0  0  0  0  0  1  0  3  1
 -4.6404950372234598e-02  0  0  0  0  0  0  0  0  1  0  0  0  1  1  2  0
  1.2280659704468165e-02  0  0  0  0  1  1  0  1  1  0  0  1  0  0  0  0
  2.1695484467892122e-02  0  0  0  0  0  0  0  0  1  0  0  0  1  3  0  0
 -1.7123463402287481e-10  1  0  0  0  0  0  1  0  0  0  0  1  0  0  0  0
 -8.4243628676839294e-11  0  0  0  0  0  0  0  1  0  0  0  0  1  0  1  0
 -5.7592841727095957e-03  0  0  0  0  0  0  0  0  0  1  0  1  0  0  0  3
  4.7075502854753559e-04  0  0  0  2  0  0  0  0  0  1  2  0  0  0  0  0
 -3.3003728013487777e-11  0  1  0  1  0  0  0  1  0  0  0  0  0  0  0  0
 -3.1985807218093531e-03  0  0  0  0  0  0  0  0  0  0  0  0  0  1  0  4
  4.6640445456390773e-03  0  0  0  0  1  2  0  1  0  0  1  0  0  0  0  0
 -2.7936429557134622e-02  0  0  0  0  0  1  1  0  2  0  1  0  0  0  0  0
 -1.2728720647310421e-02  0  0  0  0  0  0  0  0  0  0  0  0  2  3  0  0
 -3.4721236632811701e-07  0  1  0  1  0  0  0  0  0  0  0  1  0  0  0  0
  6.2899811031510863e-02  0  0  0  0  0  0  0  0  0  0  1  1  1  0  0  2
 -2.4219795556271333e-02  0  0  0  0  0  0  0  0  2  1  0  0  0  0  0  2
  4.0058875720722310e-06  0  0  0  0  1  1  0  0  1  0  0  0  0  0  0  0
 -4.0854989358700904e-02  0  0  0  0  0  1  0  0  2  2  0  0  0  0  0  0
 -5.7137620158601852e-05  3  0  0  0  0  0  0  0  1  1  0  0  0  0  0  0
  1.7696853727149203e-04  0  0  1  0  0  0  0  0  1  0  0  3  0  0  0  0
 -4.5344049757556022e-02  0  0  0  0  0  0  0  0  0  2  1  1  1  0  0  0
 -6.0652091411133296e-03  0  0  0  0  1  2  0  0  1  1  0  0  0  0  0  0
 -2.0595242548678577e-04  0  0  1  2  0  0  0  0  0  1  1  0  0  0  0  0
  1.5730036932936030e-02  0  0  0  0  0  0  0  0  3  0  0  0  1  1  0  0
 -2.8044839990114093e-02  0  0  0  0  0  0  0  0  2  0  0  0  2  1  0  0
 -7.5445807277540102e-03  0  0  0  0  0  0  2  1  0  1  0  1  0  0  0  0
  7.8640881260892605e-03  0  0  0  0  1  0  0  2  0  0  1  1  0  0  0  0
  5.4065232940346173e-04  0  1  2  0  0  0  0  0  0  2  0  0  0  0  0  0
  1.8977949855630816e-04  1  1  0  1  0  0  0  0  1  0  0  1  0  0  0  0
  1.5778565087013547e-02  0  0  0  0  0  0  0  0  0  0  0  1  0  1  0  3
  7.4710241108680155e-11  0  0  0  1  0  0  0  0  0  0  1  0  1  0  0  0
  2.1606670509876760e-02  0  0  0  0  0  0  0  0  0  2  0  2  0  1  0  0
  1.9430495934836560e-04  1  0  1  1  0  0  0  0  0  0  2  0  0  0  0  0
 -1.5079455536480129e-05  0  0  0  0  1  0  0  0  1  1  0  0  0  0  0  0
  1.2043449983742024e-11  1  1  0  0  0  0  0  0  0  0  0  0  1  0  0  0
 -2.2082437938838753e-06  0  0  0  0  1  0  1  1  0  0  0  0  0  0  0  0
 -4.8586888142667373e-02  0  0  0  0  0  0  0  0  0  2  0  0  0  3  0  0
 -1.3162350103527006e-04  1  0  1  0  0  0  0  0  0  0  0  3  0  0  0  0
  1.9909039116715974e-10  0  0  1  0  0  0  0  0  0  0  1  0  0  1  0  0
 -2.2986722260011305e-02  0  0  0  0  0  0  0  0  1  0  0  0  0  0  1  3
  3.9699537351828657e-02  0  0  0  0  0  2  1  0  0  1  1  0  0  0  0  0
  6.6669854337667355e-03  0  0  0  0  1  0  1  1  0  0  0  2  0  0  0  0
  3.6829734820849863e-02  0  0  0  0  0  0  0  0  0  2  1  0  1  0  0  1
  3.9561052960117811e-02  0  0  0  0  0  0  0  1  0  3  0  1  0  0  0  0
  6.9439258579824569e-04  2  0  0  0  0  0  0  0  2  1  0  0  0  0  0  0
  1.2916864913472697e-02  0  0  0  0  0  2  0  0  2  1  0  0  0  0  0  0
  2.3301492226158779e-02  0  0  0  0  0  0  0  0  0  0  0  3  0  1  0  1
 -2.6971429257322530e-11  0  0  2  0  0  0  0  0  0  0  0  0  0  1  0  0
 -3.4045824465584094e-02  0  0  0  0  0  1  0  0  0  4  0  0  0  0  0  0
  6.2687966187711774e-02  0  0  0  0  0  0  0  0  2  1  0  1  0  0  0  1
  1.2948301734008513e-02  0  0  0  0  1  0  1  0  2  0  0  1  0  0  0  0
  2.2316906755810925e-02  0  0  0  0  0  0  0  0  2  0  2  0  0  1  0  0
 -1.1855076272575833e-01  0  0  0  0  0  0  0  0  0  1  1  0  0  0  3  0
  1.3191205108603928e-03  0  0  1  1  0  0  0  0  0  1  1  1  0  0  0  0
  3.8445347343329245e-05  0  0  0  0  0  0  0  0  0  3  0  0  0  0  0  0
 -4.7443072074084659e-04  1  0  1  0  0  0  0  0  0  0  2  1  0  0  0  0
  8.9140396655146437e-03  0  0  0  0  0  2  0  0  1  0  1  1  0  0  0  0
 -2.8139797787905602e-05  1  1  0  2  0  0  0  0  1  0  0  0  0  0  0  0
 -7.1659525962756587e-07  0  0  2  0  0  0  0  0  0  1  0  0  0  0  0  0
  1.9927751770924961e-03  0  0  0  0  2  0  1  1  1  0  0  0  0  0  0  0
 -3.6995249420038023e-03  0  0  0  0  0  1  2  0  0  0  0  2  0  0  0  0
 -1.4145947506674114e-11  0  0  1  0  0  0  0  0  0  0  0  0  0  1  1  0
 -5.9249087053804522e-02  0  0  0  0  0  1  0  0  1  1  1  1  0  0  0  0
 -8.6993824974521627e-02  0  0  0  0  0  0  0  0  1  0  1  0  0  2  0  1
 -1.1575420715364297e-05  1  0  3  0  0  0  0  0  0  0  0  1  0  0  0  0
  7.0375706638182789e-03  0  1  0  0  0  0  0  0  0  2  2  0  0  0  0  0
 -3.5911095235669432e-04  1  0  1  1  0  0  0  0  0  2  0  0  0  0  0  0
 -2.3951407238532178e-03  0  0  0  0  0  1  0  0  0  0  0  4  0  0  0  0
  1.7904684918647870e-01  0  0  0  0  0  0  0  0  1  1  1  0  0  1  0  1
  1.4160414411959988e-03  0  0  0  0  0  0  0  3  1  0  1  0  0  0  0  0
 -5.2771341599064686e-02  0  0  0  0  0  0  0  0  0  0  1  1  1  2  0  0
 -4.5709294646214404e-09  0  0  0  0  0  0  0  0  0  0  0  0  0  1  0  0
  3.4251187190581719e-02  0  0  0  0  0  0  2  0  0  1  2  0  0  0  0  0
  1.4160414411959988e-03  0  0  0  0  0  0  3  0  1  0  0  1  0  0  0  0
  6.7298260153946768e-04  1  1  0  0  0  0  0  0  1  2  0  0  0  0  0  0
  1.7696853727149198e-04  0  0  0  1  0  0  0  0  1  0  3  0  0  0  0  0
  1.0931983839500689e-02  0  0  0  0  1  0  0  0  0  0  3  1  0  0  0  0
 -2.6968863806232164e-04  0  1  1  1  0  0  0  0  1  1  0  0  0  0  0  0
 -6.9644844176110958e-04  0  0  0  0  2  0  0  0  0  1  2  0  0  0  0  0
 -3.6533544222154338e-02  0  0  0  0  0  0  0  0  0  0  4  0  0  1  0  0
 -5.9027688157909297e-03  0  0  0  0  1  0  0  1  0  0  3  0  0  0  0  0
 -2.4190447382221736e-04  1  0  0  1  0  0  0  0  0  0  3  0  0  0  0  0
 -2.8866320585028563e-03  0  1  0  0  0  0  0  0  0  4  0  0  0  0  0  0
 -4.1723059709506098e-05  1  0  1  2  0  0  0  0  0  0  0  1  0  0  0  0
  4.6169135726980169e-03  0  0  0  0  0  1  0  1  0  0  0  3  0  0  0  0
  7.6429045106216493e-07  0  2  0  0  0  0  0  0  0  1  0  0  0  0  0  0
  2.6069942898913016e-09  0  1  0  0  0  1  0  0  0  1  0  0  0  0  0  0
  2.3416442190590538e-05  3  0  0  0  0  0  0  0  0  0  1  1  0  0  0  0
 -6.9439258579824569e-04  0  0  0  2  0  0  0  0  2  1  0  0  0  0  0  0
 -3.0461941960129760e-02  0  0  0  0  0  0  0  0  0  0  1  1  3  0  0  0
 -5.3362830409914769e-09  0  0  0  0  0  1  0  0  0  0  0  0  0  0  0  0
  6.1708653411456404e-11  0  1  0  0  0  0  0  0  0  0  0  0  2  0  0  0
 -2.5913874865539496e-04  1  2  0  0  0  0  0  0  0  0  1  1  0  0  0  0
 -2.3586812318196253e-05  0  0  0  0  0  5  0  0  0  0  0  0  0  0  0  0
  5.5571548605471002e-05  0  0  0  0  0  0  0  0  0  1  1  0  0  0  1  0
 -1.7404935762431271e-03  1  0  0  0  0  0  0  0  2  0  1  1  0  0  0  0
  1.0395098080842929e-04  0  3  0  0  0  0  0  0  0  0  2  0  0  0  0  0
  8.3274914818503340e-02  0  0  0  0  0  0  0  0  1  0  1  0  0  0  2  1
 -1.9638533922454435e-04  0  0  2  1  0  0  0  0  0  1  0  1  0  0  0  0
  1.3221704234717331e-11  1  0  1  0  0  0  0  0  0  0  0  0  0  0  0  1
  7.7752705515779681e-04  0  1  0  0  0  0  0  0  2  0  0  2  0  0  0  0
  3.1085524893380950e-06  1  3  0  0  0  0  0  0  1  0  0  0  0  0  0  0
 -3.7434243699432441e-05  0  0  0  0  0  0  0  0  0  1  0  2  0  0  0  0
 -1.0323156876655506e-09  1  0  0  1  0  0  1  0  0  0  0  0  0  0  0  0
 -2.8568810079300916e-05  0  3  0  0  0  0  0  0  2  0  0  0  0  0  0  0
  1.8977949855630814e-04  1  1  1  0  0  0  0  0  1  0  1  0  0  0  0  0
  6.2161441966595267e-02  0  0  0  0  1  0  0  0  1  1  0  2  0  0  0  0
 -6.1319023537521466e-04  0  0  0  0  0  0  1  3  1  0  0  0  0  0  0  0
  1.0855633770129366e-10  0  0  0  0  1  0  1  0  0  0  0  0  0  0  0  1
 -9.7514957481731369e-03  0  0  0  0  0  0  0  0  0  1  0  0  2  0  0  2
  1.0155535237264854e-05  0  0  0  0  0  0  0  0  0  0  0  1  1  0  1  0
  1.0086273516412287e-10  0  0  1  0  1  0  0  1  0  0  0  0  0  0  0  0
 -3.0707778677468607e-03  0  0  0  0  0  0  0  0  4  0  0  0  0  1  0  0
  3.1080720983297644e-02  0  0  0  0  0  1  0  0  2  0  2  0  0  0  0  0
 -1.2916864913472704e-02  0  0  0  0  0  0  2  0  2  1  0  0  0  0  0  0
 -1.1790216295765649e-01  0  0  0  0  0  0  0  0  0  0  1  1  0  1  1  1
  3.9415908952524843e-02  0  0  0  0  0  0  0  0  0  0  0  0  0  3  2  0
 -4.6197682508084495e-02  0  0  0  0  0  0  0  0  0  3  0  0  0  0  2  0
  9.0627619197721082e-02  0  0  0  0  0  0  0  0  2  0  1  0  1  0  0  1
 -1.1032913802438030e-01  0  0  0  0  0  0  0  0  2  0  1  1  1  0  0  0
  1.8694158594950969e-02  0  0  0  0  0  0  1  0  1  0  2  1  0  0  0  0
 -5.2790238996644180e-10  0  0  0  0  0  1  0  0  1  0  0  0  1  0  0  0
 -5.8471169352779392e-04  1  0  0  1  0  0  0  0  0  0  1  2  0  0  0  0
  8.9700706040343877e-05  0  2  0  0  0  0  0  0  0  1  0  2  0  0  0  0
 -5.9517635256667541e-02  0  0  0  0  0  0  0  0  0  1  0  1  0  0  2  1
  1.9421339689585715e-06  0  1  0  0  0  0  0  0  0  0  2  0  0  0  0  0
 -8.4798309929823026e-02  0  0  0  0  0  0  0  0  1  2  1  0  0  0  0  1
  2.0833770781088416e-04  0  0  0  0  2  1  2  0  0  0  0  0  0  0  0  0
 -5.6089679980228201e-02  0  0  0  0  0  0  0  0  1  1  0  0  1  2  0  0
 -9.1599638847247346e-03  0  0  0  0  0  2  2  0  0  1  0  0  0  0  0  0
  5.9368553646924609e-02  0  0  0  0  0  0  0  0  3  0  1  1  0  0  0  0
 -6.9389500682222538e-05  0  3  1  0  0  0  0  0  0  0  1  0  0  0  0  0
 -2.2065827604876062e-01  0  0  0  0  0  0  0  0  1  1  1  1  0  1  0  0
  2.2218571839366739e-12  0  0  1  1  0  0  0  0  0  0  0  0  1  0  0  0
 -7.7874535809318592e-05  2  1  0  1  0  0  0  0  0  0  0  1  0  0  0  0
 -1.5150037016897145e-09  0  1  0  0  0  0  2  0  0  0  0  0  0  0  0  0
  2.6755421960049791e-02  0  0  0  0  0  0  0  0  1  1  0  0  1  0  0  2
  5.7798729354380880e-04  1  0  0  0  0  0  0  0  0  0  3  1  0  0  0  0
  1.5093591703592762e-01  0  0  0  0  0  0  0  0  0  1  1  1  0  0  1  1
  9.1662200608187068e-10  0  0  0  0  0  0  1  0  1  0  0  0  0  0  0  1
 -2.8814599575338293e-08  0  3  0  0  0  0  0  0  0  0  0  0  0  0  0  0
  6.5933660855439502e-02  0  0  0  0  0  0  0  0  1  2  0  0  0  0  1  1
  2.5896603468017029e-02  0  0  0  0  0  1  0  1  1  1  1  0  0  0  0  0
  4.7190110798808096e-02  0  0  0  0  0  0  0  0  1  2  0  0  1  1  0  0
  1.4554899968382241e-03  1  0  0  1  0  0  0  0  0  2  1  0  0  0  0  0
  3.2277560686589650e-10  2  0  0  0  0  1  0  0  0  0  0  0  0  0  0  0
 -1.1258530624866365e-10  1  0  0  0  0  0  0  0  1  0  0  0  0  1  0  0
 -2.8139797787905605e-05  1  1  2  0  0  0  0  0  1  0  0  0  0  0  0  0
  2.1695484467892122e-02  0  0  0  0  0  0  0  0  1  0  0  0  3  1  0  0
  7.8640881260892605e-03  0  0  0  0  1  0  1  1  0  0  2  0  0  0  0  0
 -2.6937736634510170e-02  0  0  0  0  0  1  0  1  0  2  0  1  0  0  0  0
  7.7168308560910765e-12  1  0  0  0  0  0  0  0  0  0  0  0  1  1  0  0
  5.2562945743615232e-02  0  0  0  0  0  0  0  0  0  1  0  1  0  2  0  1
  1.7534223560163439e-05  2  0  1  1  0  0  0  0  1  0  0  0  0  0  0  0
  3.4546655367585253e-09  1  0  0  0  1  0  0  0  0  1  0  0  0  0  0  0
  2.8228219145179981e-02  0  0  0  0  0  0  0  0  0  1  0  0  0  4  0  0
  1.3684458754956266e-01  0  0  0  0  0  0  0  0  0  2  0  0  0  1  2  0
  1.7112345415140507e-03  0  0  0  0  0  0  2  2  0  1  0  0  0  0  0  0
 -1.1903605170445548e-01  0  0  0  0  0  0  0  0  2  1  2  0  0  0  0  0
 -6.6146957812545724e-10  0  1  0  0  0  2  0  0  0  0  0  0  0  0  0  0
  1.0961890177844613e-01  0  0  0  0  0  0  0  0  1  1  2  0  1  0  0  0
 -4.3029451403121915e-06  0  0  0  0  0  0  0  2  0  1  0  0  0  0  0  0
 -3.1997616279747616e-04  1  1  0  0  0  0  0  0  1  0  0  2  0  0  0  0
 -1.0163841010235194e-03  1  1  1  0  0  0  0  0  0  1  0  1  0  0  0  0
 -3.2056380972980939e-03  0  0  0  0  1  0  1  2  0  0  0  1  0  0  0  0
  2.0743355502811432e-03  0  1  0  0  0  0  0  0  0  2  0  2  0  0  0  0
 -1.9838050267007925e-06  4  0  0  0  0  0  0  0  0  1  0  0  0  0  0  0
 -6.9757317619128780e-03  0  0  0  0  0  0  0  0  0  0  0  4  0  1  0  0
 -2.4288160925748565e-09  0  0  0  1  1  0  0  0  0  0  1  0  0  0  0  0
 -5.2808046714336735e-10  0  0  0  0  0  0  0  1  0  0  0  0  0  1  0  1
  4.7443072074084659e-04  0  1  0  1  0  0  0  0  0  0  2  1  0  0  0  0
  4.9646160156680658e-04  0  0  0  0  2  1  0  0  0  0  2  0  0  0  0  0
 -7.6013512853150958e-02  0  0  0  0  0  0  0  0  0  0  1  0  2  1  1  0
 -3.6719557482671042e-02  0  0  0  0  0  0  1  0  0  1  1  2  0  0  0  0
 -1.4794347896654009e-02  0  0  0  0  1  0  1  0  0  0  2  1  0  0  0  0
  1.0272459575083276e-11  0  0  0  0  1  1  0  0  0  0  0  0  1  0  0  0
 -1.3356568605087147e-11  0  1  0  1  0  0  0  0  0  0  0  0  0  0  0  1
  3.3517151007404607e-02  0  0  0  0  0  0  0  0  0  2  0  1  1  0  1  0
 -1.2523225360578467e-03  0  1  1  0  0  0  0  0  2  0  1  0  0  0  0  0
 -1.7904684918647867e-01  0  0  0  0  0  0  0  0  1  1  1  0  1  0  1  0
 -1.2916864913472697e-02  0  0  0  0  0  0  0  2  2  1  0  0  0  0  0  0
 -7.8082166884525534e-10  0  0  0  0  0  1  0  0  0  0  1  0  0  0  1  0
  6.9439258579824536e-04  0  2  0  0  0  0  0  0  2  1  0  0  0  0  0  0
 -1.3327124563353906e-02  0  0  0  0  0  1  0  0  0  0  4  0  0  0  0  0
 -5.9667498057530917e-02  0  0  0  0  0  0  0  0  0  3  0  2  0  0  0  0
  1.2609472621107173e-01  0  0  0  0  0  0  0  0  1  0  2  1  0  0  1  0
  4.1892406589804608e-02  0  0  0  0  0  0  0  0  0  1  2  0  0  0  0  2
  2.9933815402383528e-02  0  0  0  0  1  0  0  1  0  2  1  0  0  0  0  0
 -1.0285696350725128e-02  0  0  0  0  0  0  0  0  0  1  0  3  0  0  0  1
 -1.7343345158917469e-02  0  0  0  0  0  0  2  0  0  3  0  0  0  0  0  0
 -9.7483712437313238e-03  0  0  0  0  1  2  0  0  0  0  1  1  0  0  0  0
  3.8260791558523226e-05  0  0  0  0  0  0  0  0  1  0  1  1  0  0  0  0
  1.8694158594950973e-02  0  0  0  0  0  0  0  1  1  0  1  2  0  0  0  0
 -1.7791359831715276e-02  0  0  0  0  0  1  2  0  0  0  2  0  0  0  0  0
 -8.3252544375176984e-05  2  0  1  0  0  0  0  0  0  1  1  0  0  0  0  0
  1.4246137107413955e-02  0  0  0  0  0  1  0  0  2  0  0  2  0  0  0  0
 -2.5599321411013463e-03  0  0  1  0  0  0  0  0  0  1  1  2  0  0  0  0
  4.5597892869177368e-03  0  0  0  0  1  2  1  0  0  0  0  1  0  0  0  0
 -7.8999450437942259e-06  0  2  0  1  0  0  0  0  0  1  0  1  0  0  0  0
  1.0724378612743666e-03  0  1  1  0  0  0  0  0  1  1  0  1  0  0  0  0
  1.2280659704468167e-02  0  0  0  0  1  1  1  0  1  0  1  0  0  0  0  0
  2.8492274214827917e-02  0  0  0  0  1  0  0  0  1  1  2  0  0  0  0  0
  2.9071756934310184e-10  0  0  1  0  0  0  0  0  1  0  0  0  0  0  0  1
  7.1947160139677890e-02  0  0  0  0  0  0  0  0  0  0  2  1  0  1  0  1
  1.2736742299901982e-04  2  1  0  0  0  0  0  0  0  0  0  2  0  0  0  0
  1.0224065894943675e-05  0  0  0  0  0  0  0  0  0  1  0  0  2  0  0  0
 -2.2582105558409485e-05  0  0  0  0  0  0  0  0  0  1  0  0  0  0  2  0
  7.7874535809318592e-05  1  2  1  0  0  0  0  0  0  0  0  1  0  0  0  0
 -9.9782873172062637e-05  0  1  0  0  0  0  0  0  0  0  0  4  0  0  0  0
 -1.6686012929158768e-11  0  0  1  0  1  0  0  0  0  0  0  1  0  0  0  0
  1.1435829189516127e-05  0  3  2  0  0  0  0  0  0  0  0  0  0  0  0  0
  3.9189983872394592e-03  0  0  0  0  0  0  2  1  1  0  1  0  0  0  0  0
 -6.5461871402817663e-05  2  0  0  1  0  0  0  0  1  0  1  0  0  0  0  0
 -4.4537897365906154e-03  0  0  0  0  2  0  0  1  1  0  1  0  0  0  0  0
 -2.4219795556271337e-02  0  0  0  0  0  0  0  0  2  1  0  0  0  0  2  0
  1.3162350103527001e-04  0  1  0  1  0  0  0  0  0  0  0  3  0  0  0  0
  1.6188352722763448e-10  0  1  0  0  2  0  0  0  0  0  0  0  0  0  0  0
  1.9804195653283016e-05  0  0  0  0  0  0  0  1  0  1  0  1  0  0  0  0
 -4.1011298350791869e-06  0  0  0  0  0  0  0  1  1  0  1  0  0  0  0  0
  4.3463520024699455e-04  1  0  1  0  0  0  0  0  2  0  0  1  0  0  0  0
 -8.6927040049398900e-04  1  0  1  0  0  0  0  0  1  1  1  0  0  0  0  0
  5.8155542108300755e-02  0  0  0  0  1  1  0  0  0  1  1  1  0  0  0  0
  5.1040034630787129e-10  0  0  0  1  0  0  0  0  0  1  0  0  0  0  0  1
  1.4402963675775675e-05  2  1  1  0  0  0  0  0  0  0  1  0  0  0  0  0
 -1.4788001943589991e-10  0  0  1  0  0  0  0  0  0  0  0  0  1  0  0  1
 -6.5461871402817663e-05  0  2  1  0  0  0  0  0  1  0  0  1  0  0  0  0
  8.8695686053765375e-11  0  0  0  0  0  0  1  0  0  0  0  0  0  1  1  0
  2.9833749028765476e-02  0  0  0  0  0  0  0  0  0  5  0  0  0  0  0  0
  7.2660403764955986e-02  0  0  0  0  0  0  0  0  0  0  1  2  0  1  1  0
 -4.5597892869177368e-03  0  0  0  0  2  1  0  1  0  0  0  1  0  0  0  0
  7.2160555419695750e-03  0  0  0  0  1  1  0  0  3  0  0  0  0  0  0  0
  4.1427905223659339e-10  0  0  0  0  0  0  1  0  0  0  1  0  0  1  0  0
  3.6553823307754772e-02  0  0  0  0  0  0  0  0  2  0  0  0  0  1  0  2
  2.1579916962967807e-02  0  0  0  0  0  1  2  0  0  2  0  0  0  0  0  0
 -3.6528887852996503e-02  0  0  0  0  0  0  0  0  0  0  0  0  1  2  1  1
 -6.8529969892120859e-02  0  0  0  0  0  0  0  0  1  0  0  2  1  1  0  0
 -1.7840460535138009e-01  0  0  0  0  0  0  0  0  0  3  2  0  0  0  0  0
  1.7001001781879615e-09  1  0  0  0  0  0  1  1  0  0  0  0  0  0  0  0
  6.6669854337667337e-03  0  0  0  0  1  0  2  0  0  0  1  1  0  0  0  0
 -5.1786170389449612e-10  0  0  0  0  0  0  1  0  0  1  0  0  0  0  1  0
 -9.1232970390983575e-02  0  0  0  0  0  0  0  0  0  1  1  2  0  0  1  0
 -2.5671065784164174e-06  3  0  0  1  0  0  0  0  0  0  1  0  0  0  0  0
  4.4601642793479010e-10  0  0  0  1  0  0  0  0  0  0  0  1  0  1  0  0
  6.2695298491611514e-03  0  0  0  0  0  1  2  0  2  0  0  0  0  0  0  0
  2.9404389380872755e-03  0  0  0  0  0  1  0  2  2  0  0  0  0  0  0  0
 -1.8424667206481157e-02  0  0  0  0  0  0  0  0  2  2  0  0  0  1  0  0
 -2.8021374367932699e-10  0  0  2  0  0  1  0  0  0  0  0  0  0  0  0  0
 -3.7326614614563475e-05  2  1  0  0  0  0  0  0  0  0  2  0  0  0  0  0
 -2.8266103309941008e-02  0  0  0  0  0  0  0  0  3  0  1  0  0  0  0  1
  1.0450635657470048e-01  0  0  0  0  0  0  0  0  0  1  1  1  1  1  0  0
 -1.2150764342915184e-10  0  0  0  0  0  0  2  0  0  0  0  0  0  1  0  0
 -3.4621345611886366e-02  0  0  0  0  0  0  0  0  2  0  1  0  0  1  1  0
 -1.2283111470987438e-02  0  0  0  0  0  0  0  0  1  3  0  0  1  0  0  0
 -1.9029650137164394e-01  0  0  0  0  0  0  0  0  0  1  2  0  0  2  0  0
 -6.8398639108955794e-10  0  1  0  0  0  0  0  1  0  0  0  1  0  0  0  0
 -2.3443159670052054e-05  0  0  0  0  0  0  0  0  1  0  0  1  0  0  1  0
 -9.8131042037453015e-03  0  0  0  0  0  0  1  0  3  0  0  1  0  0  0  0
  4.9153593542699902e-06  0  0  0  0  0  0  0  0  0  0  0  0  0  1  0  2
 -1.2317875400892010e-09  0  1  0  0  0  0  0  0  0  0  0  0  0  0  0  0
  3.2771062607743278e-05  0  0  0  0  0  0  0  0  0  1  0  0  0  2  0  0
  1.2130607167847510e-01  0  0  0  0  0  0  0  0  0  0  3  0  0  1  1  0
  1.8403932031407468e-02  0  0  0  0  0  0  0  0  0  1  0  4  0  0  0  0
 -6.9242691223772718e-02  0  0  0  0  0  0  0  0  1  1  0  1  1  0  0  1
 -8.7398091537193537e-02  0  0  0  0  0  0  0  0  0  1  1  0  1  1  0  1
 -1.1727787265989249e-03  0  0  1  0  0  0  0  0  1  2  0  1  0  0  0  0
 -5.6679908775369388e-09  0  0  0  1  0  0  0  1  0  1  0  0  0  0  0  0
 -1.3191141220302101e-02  0  0  0  0  1  1  0  0  1  0  2  0  0  0  0  0
  1.3153823082692418e-09  0  0  0  0  0  0  0  1  0  1  0  0  0  0  0  1
 -8.0387055970207661e-04  0  0  2  0  0  0  0  0  0  3  0  0  0  0  0  0
 -8.4798309929823026e-02  0  0  0  0  0  0  0  0  1  2  0  1  0  0  1  0
  2.0296393329899568e-05  0  0  0  0  0  0  0  0  0  0  2  0  0  1  0  0
 -6.8091648931168170e-03  0  0  0  0  0  1  0  0  4  0  0  0  0  0  0  0
  6.2864219342895497e-03  0  0  1  0  0  0  0  0  0  3  1  0  0  0  0  0
 -2.2419086044581662e-03  0  0  0  0  0  0  0  0  0  3  0  0  0  0  0  2
 -3.2602862718592814e-03  0  0  0  0  0  1  0  2  0  0  0  2  0  0  0  0
  6.5327346772878587e-03  0  0  0  0  0  0  0  0  0  1  0  0  4  0  0  0
  2.4219795556271337e-02  0  0  0  0  0  0  0  0  2  1  0  0  2  0  0  0
 -1.0179054343982409e-05  0  0  0  0  1  0  0  0  0  0  1  1  0  0  0  0
  2.9071756934310143e-10  0  0  0  1  0  0  0  0  1  0  0  0  0  0  1  0
  1.1394078987853606e-03  0  2  1  0  0  0  0  0  0  1  1  0  0  0  0  0
 -3.2940039497787765e-06  0  0  0  0  0  0  0  0  0  1  0  0  0  0  0  2
  1.2369878597906575e-10  0  0  0  0  0  0  0  1  0  0  1  0  1  0  0  0
 -1.2758600148705983e-02  0  0  0  0  1  0  1  1  0  2  0  0  0  0  0  0
  3.1890067009877854e-11  0  2  0  0  0  0  0  0  0  0  0  0  0  1  0  0
  4.8603071976445449e-05  0  0  2  1  0  0  0  0  1  0  1  0  0  0  0  0
  5.9187261367608400e-02  0  0  0  0  0  0  1  0  2  1  1  0  0  0  0  0
 -1.1258530624866413e-10  0  1  0  0  0  0  0  0  1  0  0  0  1  0  0  0
 -5.8491461189441433e-04  0  0  0  2  0  0  0  0  0  3  0  0  0  0  0  0
 -3.9092624219964168e-04  0  0  0  1  0  0  0  0  3  0  1  0  0  0  0  0
  4.4633813511621843e-02  0  0  0  0  0  0  0  0  1  1  0  2  1  0  0  0
  1.1575420715364294e-05  0  1  0  3  0  0  0  0  0  0  0  1  0  0  0  0
 -4.6169135726980169e-03  0  0  0  0  1  0  1  0  0  0  0  3  0  0  0  0
 -5.0469842887169332e-03  0  0  0  0  0  3  1  0  0  0  1  0  0  0  0  0
 -5.7732641170057128e-04  0  1  0  0  0  0  0  0  4  0  0  0  0  0  0  0
  1.3279440736334311e-02  0  0  0  0  0  0  1  1  1  2  0  0  0  0  0  0
 -6.3825241534159652e-02  0  0  0  0  0  0  0  0  1  0  3  1  0  0  0  0
  6.0499893987774681e-03  0  0  0  0  0  1  0  2  0  2  0  0  0  0  0  0
  7.9469526998203000e-04  0  0  0  0  2  2  0  0  0  1  0  0  0  0  0  0
 -1.3609635614358099e-05  0  0  0  0  0  1  1  0  0  0  1  0  0  0  0  0
 -2.0860179830396841e-02  0  0  0  0  2  0  0  0  0  1  0  2  0  0  0  0
 -2.0552420498019054e-06  1  0  0  0  0  0  0  0  1  1  0  0  0  0  0  0
 -4.3272089116797675e-02  0  0  0  0  0  0  0  0  0  0  0  1  2  1  0  1
  1.2609472621107173e-01  0  0  0  0  0  0  0  0  1  0  1  2  0  0  0  1
  5.8364160295412151e-02  0  0  0  0  0  0  0  0  0  0  0  2  1  0  1  1
 -2.3093056468022851e-03  1  0  0  0  0  0  0  0  3  1  0  0  0  0  0  0
  1.1232510151515831e-03  0  0  0  0  2  0  1  0  0  1  1  0  0  0  0  0
 -1.9849383699824534e-03  0  2  0  0  0  0  0  0  0  1  2  0  0  0  0  0
 -4.7940607564372414e-05  2  1  0  0  0  0  0  0  2  0  0  0  0  0  0  0
 -1.6004039857255233e-10  0  0  0  1  0  0  1  0  1  0  0  0  0  0  0  0
  1.9430495934836557e-04  1  0  0  2  0  0  0  0  0  0  1  1  0  0  0  0
  2.6185706903377438e-02  0  0  0  0  0  0  0  0  0  0  1  0  3  0  0  1
 -8.4109863515431120e-05  0  1  2  0  0  0  0  0  0  0  0  2  0  0  0  0
  1.1507388056676583e-03  1  0  1  0  0  0  0  0  0  2  0  1  0  0  0  0
  2.0977240242522519e-01  0  0  0  0  0  0  0  0  0  2  2  0  0  1  0  0
 -1.9950298568297796e-02  0  0  0  0  0  0  0  0  0  0  0  0  0  1  2  2
  1.1922017280759381e-01  0  0  0  0  0  0  0  0  0  3  1  0  0  0  1  0
  5.5045694498902656e-03  0  0  1  0  0  0  0  0  2  1  1  0  0  0  0  0
  2.5314030285142952e-02  0  0  0  0  0  1  1  0  0  0  3  0  0  0  0  0
 -3.0326045705566657e-03  0  0  0  0  2  1  0  0  2  0  0  0  0  0  0  0
 -3.2358191358656647e-02  0  0  0  0  0  0  0  0  0  1  0  2  0  2  0  0
 -5.0585066078967005e-02  0  0  0  0  0  0  0  0  0  0  1  0  1  0  2  1
 -3.6400270159447120e-04  0  0  0  0  3  0  0  0  0  0  1  1  0  0  0  0
  1.0063310559697462e-01  0  0  0  0  0  0  0  0  0  1  2  2  0  0  0  0
 -1.6066751816750814e-04  0  0  1  1  0  0  0  0  1  0  0  2  0  0  0  0
 -2.3586812318196247e-05  0  0  0  0  4  1  0  0  0  0  0  0  0  0  0  0
  8.4795869559833414e-04  0  1  1  0  0  0  0  0  0  0  3  0  0  0  0  0
  1.2236825191510210e-09  0  0  0  1  1  0  1  0  0  0  0  0  0  0  0  0
 -9.8860559464872233e-07  2  1  2  0  0  0  0  0  0  0  0  0  0  0  0  0
 -1.1655592928219656e-04  2  0  0  2  0  0  0  0  0  1  0  0  0  0  0  0
 -1.0376663610146010e-02  0  0  0  0  0  0  3  0  0  1  1  0  0  0  0  0
 -4.1282592556628796e-06  0  0  0  0  0  1  0  1  0  0  0  1  0  0  0  0
  1.3129475796276422e-10  0  0  0  0  0  1  0  0  0  0  0  0  0  0  2  0
 -1.1933768666185974e-07  1  0  1  1  0  0  0  0  0  0  0  0  0  0  0  0
  1.4857897629773046e-02  0  0  0  0  0  0  0  0  0  0  0  2  0  3  0  0
 -2.7236659572467268e-02  0  0  0  0  1  0  0  0  1  3  0  0  0  0  0  0
 -8.3284537174788467e-02  0  0  0  0  0  0  0  0  0  1  0  1  1  1  1  0
  1.0440406754803165e-02  0  0  0  0  0  0  0  0  0  0  0  0  0  3  0  2
 -7.1034792378331706e-11  0  0  1  0  0  0  0  0  0  1  0  0  0  0  1  0
  1.7534223560163439e-05  0  2  1  1  0  0  0  0  1  0  0  0  0  0  0  0
 -2.4913902974886763e-02  0  0  0  0  0  0  0  0  0  0  0  1  0  3  0  1
  1.0568513172563702e-01  0  0  0  0  0  0  0  0  1  0  1  1  0  2  0  0
 -5.3772848921626487e-11  1  0  0  1  0  0  0  0  0  0  0  0  0  0  1  0
 -9.8410330367921040e-10  0  0  0  0  0  1  0  0  0  1  0  0  0  1  0  0
  2.2432753384648925e-04  1  1  0  0  0  0  0  0  3  0  0  0  0  0  0  0
 -2.8266103309941018e-02  0  0  0  0  0  0  0  0  3  0  0  1  0  0  1  0
  5.8808778761745492e-03  0  0  0  0  1  0  2  0  1  1  0  0  0  0  0  0
 -1.9485182579976244e-10  0  1  0  0  0  0  0  0  0  0  1  0  0  0  1  0
 -2.8480236094903011e-07  0  0  1  0  0  0  0  0  1  0  0  1  0  0  0  0
 -9.4371698995061856e-02  0  0  0  0  0  0  0  0  0  0  1  0  0  3  1  0
  4.4543893045288337e-02  0  0  0  0  0  0  0  0  0  0  1  0  1  2  0  1
  2.5118979998795195e-02  0  0  0  0  0  0  0  0  0  1  0  1  2  0  0  1
 -2.3301492226158779e-02  0  0  0  0  0  0  0  0  0  0  0  3  1  0  1  0
  1.0337851738854572e-05  0  0  0  4  0  0  0  0  0  1  0  0  0  0  0  0
 -8.5706430237902741e-05  2  1  0  0  0  0  0  0  0  2  0  0  0  0  0  0
  5.3981531962871241e-06  0  0  1  0  0  0  0  0  0  1  1  0  0  0  0  0
 -1.3042325492626641e-05  0  0  0  0  0  0  0  0  0  0  1  1  1  0  0  0
  4.4424747954994828e-05  0  1  1  2  0  0  0  0  0  0  1  0  0  0  0  0
 -2.3443159670052064e-05  0  0  0  0  0  0  0  0  1  0  1  0  0  0  0  1
 -4.3089333023903905e-03  0  0  0  0  2  0  0  2  0  1  0  0  0  0  0  0
 -2.5896603468017032e-02  0  0  0  0  1  0  1  0  1  1  1  0  0  0  0  0
 -1.1507388056676583e-03  0  1  0  1  0  0  0  0  0  2  0  1  0  0  0  0
  1.1278528010081104e-01  0  0  0  0  0  0  0  0  1  0  1  0  1  1  1  0
 -4.8718894827485253e-02  0  0  0  0  0  0  0  0  0  0  0  1  1  0  1  2
 -7.1947160139677904e-02  0  0  0  0  0  0  0  0  0  0  2  1  1  0  1  0
  8.3274914818503354e-02  0  0  0  0  0  0  0  0  1  0  0  1  0  0  1  2
  2.4028373211464761e-02  0  0  0  0  0  0  0  0  0  1  0  0  0  0  4  0
  4.8246431710407623e-03  0  0  0  0  2  1  0  0  0  0  0  2  0  0  0  0
  1.2916864913472702e-02  0  0  0  0  2  0  0  0  2  1  0  0  0  0  0  0
  5.9179285486796282e-06  0  3  0  1  0  0  0  0  0  0  0  1  0  0  0  0
 -1.2495147627789422e-03  0  0  0  0  0  3  0  0  2  0  0  0  0  0  0  0
  5.2702163392070469e-04  0  0  0  0  3  1  0  0  1  0  0  0  0  0  0  0
 -1.1763150150318980e-10  0  1  0  0  0  0  0  0  0  0  0  0  0  0  0  2
  4.4701797166263501e-06  1  0  1  3  0  0  0  0  0  0  0  0  0  0  0  0
  8.6927040049398910e-04  0  1  0  1  0  0  0  0  1  1  1  0  0  0  0  0
 -2.1313064743635427e-02  0  0  0  0  0  0  0  0  0  1  0  0  0  2  0  2
 -2.7601413778407597e-04  0  1  1  1  0  0  0  0  0  0  1  1  0  0  0  0
 -2.9439312611235915e-02  0  0  0  0  0  0  1  0  1  2  0  1  0  0  0  0
  8.4377664638780687e-08  0  0  1  1  0  0  0  0  1  0  0  0  0  0  0  0
  5.9275962222584749e-03  0  0  0  0  0  0  0  1  1  0  3  0  0  0  0  0
  5.9667498057530938e-02  0  0  0  0  0  0  0  0  2  3  0  0  0  0  0  0
  3.7585046936761595e-10  1  0  0  0  0  0  0  0  0  0  0  1  0  0  1  0
  2.9572513026026952e-04  0  0  0  0  3  0  0  1  0  0  1  0  0  0  0  0
  1.9088858995514293e-06  0  0  0  0  0  0  1  1  1  0  0  0  0  0  0  0
 -1.6717231999432790e-04  0  0  0  3  0  0  0  0  0  1  0  1  0  0  0  0
  1.7890162736512456e-09  0  0  0  0  1  0  0  0  0  0  0  1  0  0  1  0
 -6.9513353192172792e-02  0  0  0  0  0  0  0  0  0  1  2  0  2  0  0  0
  5.6474539409370285e-02  0  0  0  0  0  0  0  0  0  0  2  0  0  3  0  0
  2.9749492851755660e-10  0  0  0  0  0  1  0  0  0  0  0  0  0  2  0  0
  2.1977886951813165e-02  0  0  0  0  0  0  0  0  3  0  0  0  0  0  1  1
  2.1648166625908721e-02  0  0  0  0  1  1  0  0  1  2  0  0  0  0  0  0
  6.0513792348922451e-05  0  1  0  2  0  0  0  0  2  0  0  0  0  0  0  0
 -6.1004183265582334e-03  0  0  0  0  1  0  1  1  2  0  0  0  0  0  0  0
  4.8718894827485246e-02  0  0  0  0  0  0  0  0  0  0  0  1  0  1  2  1
 -9.5716457238919223e-02  0  0  0  0  0  1  1  0  0  2  1  0  0  0  0  0
  2.4219795556271337e-02  0  0  0  0  0  0  0  0  2  1  0  0  0  2  0  0
  5.5045694498902648e-03  0  0  0  1  0  0  0  0  2  1  0  1  0  0  0  0
 -1.3191141220302101e-02  0  0  0  0  1  1  0  0  1  0  0  2  0  0  0  0
  6.6085845195136734e-04  0  0  0  0  0  4  0  0  0  1  0  0  0  0  0  0
  2.4913902974886760e-02  0  0  0  0  0  0  0  0  0  0  0  1  3  0  1  0
 -7.4703087226157538e-02  0  0  0  0  0  0  0  0  0  0  1  2  1  0  0  1
  1.0931983839500692e-02  0  0  0  0  1  0  0  0  0  0  1  3  0  0  0  0
 -7.0785690716083124e-12  1  1  0  0  1  0  0  0  0  0  0  0  0  0  0  0
  4.0473637020129218e-02  0  0  0  0  0  0  0  0  1  0  0  3  0  0  1  0
  3.3853586258379187e-10  0  0  1  0  0  1  1  0  0  0  0  0  0  0  0  0
  6.1455315773438077e-06  0  0  0  0  2  0  0  0  0  1  0  0  0  0  0  0
 -6.3643603236552132e-03  0  0  0  0  0  0  0  0  0  0  0  0  4  1  0  0
  1.2909828021452402e-03  0  0  2  0  0  0  0  0  0  1  2  0  0  0  0  0
  1.2889675039670233e-04  1  0  1  1  0  0  0  0  0  0  0  2  0  0  0  0
  1.3741865558842768e-05  0  0  0  0  0  0  0  0  0  0  0  0  0  1  2  0
  1.2889675039670236e-04  1  0  2  0  0  0  0  0  0  0  1  1  0  0  0  0
 -6.1319023537521466e-04  0  0  0  0  0  0  3  1  1  0  0  0  0  0  0  0
  8.2142196252994099e-02  0  0  0  0  0  0  0  0  0  0  1  0  0  1  3  0
  9.5979721918757722e-07  0  0  0  0  0  1  0  2  0  0  0  0  0  0  0  0
  1.7221579565895160e-10  0  0  1  0  0  0  0  0  0  0  0  1  1  0  0  0
 -3.8371778728000312e-04  0  1  2  0  0  0  0  0  0  0  2  0  0  0  0  0
  3.2131371863276245e-10  0  0  0  0  0  1  0  0  0  0  0  0  2  0  0  0
  2.1330303008975769e-07  0  5  0  0  0  0  0  0  0  0  0  0  0  0  0  0
  4.3650292827677878e-06  0  0  0  0  1  0  1  0  0  0  0  1  0  0  0  0
 -4.1011298350791869e-06  0  0  0  0  0  0  1  0  1  0  0  1  0  0  0  0
  5.1325868668596986e-04  0  0  0  0  1  0  3  1  0  0  0  0  0  0  0  0
 -6.3825241534159666e-02  0  0  0  0  0  0  0  0  1  0  1  3  0  0  0  0
 -2.3713689206938516e-10  0  1  0  0  0  0  0  0  0  1  0  0  0  1  0  0
 -8.9050602155724204e-02  0  0  0  0  0  0  0  0  1  0  1  0  2  0  0  1
  1.2539059698322304e-02  0  0  0  0  1  0  0  2  1  1  0  0  0  0  0  0
 -7.3535342281758065e-02  0  0  0  0  0  0  0  0  2  0  0  0  1  0  1  1
  2.5070024162918220e-02  0  0  0  0  0  0  0  0  0  1  0  0  0  0  2  2
  2.1330303008975774e-07  4  1  0  0  0  0  0  0  0  0  0  0  0  0  0  0
  1.9146987153892842e-04  0  0  0  0  3  0  1  0  0  0  0  1  0  0  0  0
 -1.0055708286624372e-01  0  0  0  0  0  0  0  0  1  0  2  0  0  0  1  1
  3.6764357730411298e-02  0  0  0  0  0  0  0  0  0  1  0  2  0  0  2  0
 -2.6057419312638434e-02  0  0  0  0  0  0  0  0  0  0  3  0  1  0  0  1
 -1.0271024076276641e-02  0  0  0  0  0  0  0  0  2  0  0  0  0  3  0  0
  7.2540678372729282e-06  0  0  0  0  0  0  0  0  0  0  0  2  0  1  0  0
  4.5693687427464885e-07  3  0  1  1  0  0  0  0  0  0  0  0  0  0  0  0
 -2.4749572073385839e-11  0  0  0  2  0  0  0  0  0  0  0  0  0  1  0  0
 -8.9140396655146437e-03  0  0  0  0  0  0  2  0  1  0  1  1  0  0  0  0
  2.6012597449240511e-02  0  0  0  0  0  0  0  0  0  0  0  2  2  1  0  0
 -2.8814599575338290e-08  2  1  0  0  0  0  0  0  0  0  0  0  0  0  0  0
  5.9793563201345613e-10  0  0  0  0  1  0  0  0  0  0  1  0  0  0  0  1
  9.4383895442958963e-04  0  0  0  2  0  0  0  0  0  1  0  2  0  0  0  0
  8.4897586233353018e-03  0  0  0  0  0  0  0  0  0  3  0  0  2  0  0  0
  3.1680410130714515e-06  0  0  0  0  0  1  2  0  0  0  0  0  0  0  0  0
 -5.3166872037407353e-07  0  3  0  2  0  0  0  0  0  0  0  0  0  0  0  0
  1.8988454187454193e-02  0  0  0  0  2  0  0  1  0  1  0  1  0  0  0  0
  1.6988751310001028e-02  0  0  0  0  0  0  0  2  0  1  0  2  0  0  0  0
  5.9187261367608407e-02  0  0  0  0  0  0  0  1  2  1  0  1  0  0  0  0
  1.5550541103155936e-03  1  0  0  0  0  0  0  0  1  1  2  0  0  0  0  0
  1.9390052746228940e-05  0  0  3  0  0  0  0  0  1  0  0  1  0  0  0  0
  1.2064502774172792e-09  0  0  0  0  0  0  0  1  0  0  0  1  0  1  0  0
  1.0133647623896423e-09  0  1  1  0  0  0  1  0  0  0  0  0  0  0  0  0
  3.2984338016245410e-02  0  0  0  0  0  0  1  1  0  1  1  1  0  0  0  0
  8.1225357779581808e-05  1  2  0  1  0  0  0  0  0  0  1  0  0  0  0  0
 -1.0568513172563705e-01  0  0  0  0  0  0  0  0  1  0  1  1  0  0  2  0
 -4.4437295498075932e-06  0  2  0  2  0  0  0  0  0  1  0  0  0  0  0  0
  3.4529421802337833e-04  1  0  0  2  0  0  0  0  1  1  0  0  0  0  0  0
 -4.2965360716213576e-02  0  0  0  0  0  2  0  0  0  1  2  0  0  0  0  0
  5.8326310605655257e-07  2  0  0  0  0  0  0  0  0  1  0  0  0  0  0  0
  4.4264802454447704e-03  0  0  0  0  0  0  1  1  3  0  0  0  0  0  0  0
 -1.5778565087013547e-02  0  0  0  0  0  0  0  0  0  0  0  1  1  0  3  0
  1.0771280224412840e-03  0  0  0  0  2  1  0  2  0  0  0  0  0  0  0  0
 -1.2274353840567060e-03  0  0  0  0  0  2  0  2  0  1  0  0  0  0  0  0
  1.7993792410078001e-02  0  0  0  0  0  0  0  0  0  0  0  0  2  1  0  2
 -6.3293711278669618e-02  0  0  0  0  1  0  0  0  0  2  1  1  0  0  0  0
 -8.9523424593239351e-02  0  0  0  0  0  0  0  0  2  0  0  1  0  1  0  1
 -2.2986722260011302e-02  0  0  0  0  0  0  0  0  1  0  0  0  0  0  3  1
  1.2950015313776372e-02  0  0  0  0  0  0  0  0  0  2  0  0  0  1  0  2
 -1.3143349039567132e-10  0  0  0  0  0  0  0  2  0  0  0  0  0  1  0  0
  5.4902215306941796e-04  0  0  0  0  0  0  0  4  0  1  0  0  0  0  0  0
 -6.7866487333812647e-04  0  0  0  0  2  1  1  0  0  0  1  0  0  0  0  0
  2.0132920455442273e-02  0  0  0  0  0  2  0  0  0  3  0  0  0  0  0  0
  1.9288101608630725e-05  0  0  0  0  0  0  0  0  1  0  0  0  0  0  1  1
  8.6852292653668830e-06  0  0  0  0  0  0  0  0  0  1  0  1  0  0  0  1
 -1.1727787265989249e-03  0  0  0  1  0  0  0  0  1  2  1  0  0  0  0  0
 -1.2283111470987438e-02  0  0  0  0  0  0  0  0  3  1  0  0  1  0  0  0
 -5.3253252452029366e-10  0  0  0  0  0  0  1  0  0  0  0  0  1  0  0  1
 -2.3818790115204786e-11  0  0  0  0  1  0  0  0  0  0  0  0  1  1  0  0
 -7.7172522770458730e-07  0  1  0  4  0  0  0  0  0  0  0  0  0  0  0  0
 -5.5264624821968542e-10  0  0  0  0  0  1  0  0  0  0  0  0  0  0  0  2
  4.7006505195175624e-04  2  0  0  0  0  0  0  0  0  3  0  0  0  0  0  0
  1.3946994656632962e-02  0  0  0  0  1  0  0  1  2  0  1  0  0  0  0  0
 -7.8737066641025484e-03  0  0  0  0  0  0  1  2  0  1  1  0  0  0  0  0
 -4.3463520024699450e-04  0  1  0  1  0  0  0  0  2  0  0  1  0  0  0  0
 -2.2619183304720305e-05  0  0  0  0  0  1  0  0  0  2  0  0  0  0  0  0
  4.9201866512522403e-02  0  0  0  0  0  0  0  0  0  0  1  0  0  1  1  2
 -4.8990265551376402e-06  0  0  1  3  0  0  0  0  1  0  0  0  0  0  0  0
  3.4760953822467834e-02  0  0  0  0  0  0  0  0  0  1  0  0  2  2  0  0
 -1.0003924569004306e-03  0  0  0  0  1  0  3  0  0  0  0  1  0  0  0  0
  5.9275962222584740e-03  0  0  0  0  0  0  1  0  1  0  0  3  0  0  0  0
  1.0568513172563702e-01  0  0  0  0  0  0  0  0  1  0  1  1  2  0  0  0
  7.3107646615509531e-02  0  0  0  0  0  0  0  0  1  1  0  0  1  0  2  0
 -2.6252042423669806e-03  0  0  0  1  0  0  0  0  0  1  2  1  0  0  0  0
 -1.5016590077719016e-01  0  0  0  0  0  0  0  0  0  0  2  0  0  1  2  0
 -1.7685405958192613e-01  0  0  0  0  0  0  0  0  0  1  3  0  0  0  1  0
  1.8647632954814242e-04  0  2  0  0  0  0  0  0  1  0  1  1  0  0  0  0
 -4.2383562343362459e-10  0  1  0  0  1  0  0  0  1  0  0  0  0  0  0  0
  3.7763254929493095e-03  1  1  0  0  0  0  0  0  0  1  1  1  0  0  0  0
 -8.9140396655146437e-03  0  0  0  0  0  0  0  2  1  0  1  1  0  0  0  0
 -1.0507822772297425e-04  0  3  0  0  0  0  0  0  0  2  0  0  0  0  0  0
 -1.6222995063026562e-04  0  2  2  0  0  0  0  0  0  1  0  0  0  0  0  0
  2.9516563734545389e-02  0  0  0  0  0  0  0  0  1  0  0  1  0  0  3  0
 -6.0516077534935179e-05  0  1  0  2  0  0  0  0  0  0  0  2  0  0  0  0
 -8.3483962150660545e-03  0  0  0  0  0  0  1  1  1  0  2  0  0  0  0  0
 -3.6995249420038023e-03  0  0  0  0  0  1  0  2  0  0  2  0  0  0  0  0
  3.1085524893380950e-06  3  1  0  0  0  0  0  0  1  0  0  0  0  0  0  0
 -8.8265062045727757e-06  0  0  0  0  0  0  0  0  0  0  0  0  1  0  1  1
 -5.9309110334169881e-11  0  0  1  1  1  0  0  0  0  0  0  0  0  0  0  0
 -5.2790238996644232e-10  0  0  0  0  1  0  0  0  1  0  0  0  0  1  0  0
 -1.2948301734008514e-02  0  0  0  0  0  1  0  1  2  0  0  1  0  0  0  0
  2.8050399504058918e-04  1  1  1  1  0  0  0  0  0  1  0  0  0  0  0  0
 -1.4707068456351616e-01  0  0  0  0  0  0  0  0  1  1  0  0  0  1  1  1
 -1.4791179106239113e-04  0  0  0  0  3  0  1  1  0  0  0  0  0  0  0  0
  1.8509647649824862e-10  0  1  0  0  0  0  0  2  0  0  0  0  0  0  0  0
 -1.2790114662453033e-03  0  0  0  0  1  0  0  3  0  0  1  0  0  0  0  0
 -5.5872859114269251e-02  0  0  0  0  1  0  0  1  1  1  0  1  0  0  0  0
 -2.1813160024479728e-03  0  0  0  0  1  2  1  1  0  0  0  0  0  0  0  0
 -9.8800003816328851e-06  0  0  0  0  0  0  0  0  2  0  0  0  0  1  0  0
 -3.3952285401349658e-10  0  0  0  2  0  1  0  0  0  0  0  0  0  0  0  0
 -1.1966279572062449e-11  1  0  0  0  0  0  0  0  0  1  0  0  1  0  0  0
  6.9686762753544615e-02  0  0  0  0  0  0  0  0  0  1  0  0  1  1  1  1
  6.2687966187711788e-02  0  0  0  0  0  0  0  0  2  1  1  0  0  0  1  0
 -5.2419049443309365e-06  0  1  4  0  0  0  0  0  0  0  0  0  0  0  0  0
 -1.6751717846488452e-02  0  0  0  0  0  0  0  0  0  0  0  0  0  1  4  0
  5.1163470759274319e-06  0  0  0  0  1  0  0  1  0  0  1  0  0  0  0  0
  2.9948451671223293e-02  0  0  0  0  0  1  0  0  0  2  0  2  0  0  0  0
  1.2250398135036753e-03  0  0  0  0  0  3  2  0  0  0  0  0  0  0  0  0
 -5.9179285486796291e-06  3  0  1  0  0  0  0  0  0  0  0  1  0  0  0  0
 -1.4052802737577156e-11  1  0  1  0  0  0  0  1  0  0  0  0  0  0  0  0
  2.9557812460241462e-02  0  0  0  0  0  0  0  0  0  0  3  1  1  0  0  0
 -8.5905756406348911e-07  2  2  0  0  0  0  0  0  0  1  0  0  0  0  0  0
 -1.2387134733107018e-05  0  0  0  0  0  0  0  0  0  0  0  0  0  3  0  0
  6.2899811031510849e-02  0  0  0  0  0  0  0  0  0  0  2  0  1  0  1  1
 -1.5353889338734300e-02  0  0  0  0  0  0  0  0  0  4  0  0  0  1  0  0
 -4.6404950372234598e-02  0  0  0  0  0  0  0  0  1  0  0  0  1  1  0  2
  8.9523424593239337e-02  0  0  0  0  0  0  0  0  2  0  0  1  1  0  1  0
 -2.5046450721156938e-03  1  0  0  1  0  0  0  0  1  1  0  1  0  0  0  0
  1.0947797390383122e-04  0  0  1  1  0  0  0  0  3  0  0  0  0  0  0  0
 -3.9766337233156724e-03  0  0  0  0  0  2  0  1  1  0  1  0  0  0  0  0
  2.9557812460241459e-02  0  0  0  0  0  0  0  0  0  0  1  3  1  0  0  0
  4.7227169654909832e-03  0  0  0  1  0  0  0  0  0  3  0  1  0  0  0  0
 -3.4639584702034279e-03  0  1  0  0  0  0  0  0  2  2  0  0  0  0  0  0
  3.1394868722985197e-01  0  0  0  0  0  0  0  0  0  1  1  0  0  2  1  0
 -7.5397277682400796e-06  0  0  0  0  0  1  0  0  2  0  0  0  0  0  0  0
  9.1872011964473491e-04  0  2  0  0  0  0  0  0  0  3  0  0  0  0  0  0
  1.0151419149416047e-05  0  0  0  0  0  2  0  0  0  1  0  0  0  0  0  0
 -3.0813072228829931e-02  0  0  0  0  0  0  0  0  0  2  0  0  2  1  0  0
 -1.7644736338495299e-02  0  0  0  0  0  0  0  0  0  0  1  0  1  0  0  3
 -5.5316340961145500e-03  0  0  0  0  0  3  0  0  0  2  0  0  0  0  0  0
 -2.3516544471700223e-04  0  0  3  0  0  0  0  0  0  1  1  0  0  0  0  0
  1.1622123884446325e-03  0  0  0  0  0  0  4  0  0  1  0  0  0  0  0  0
 -2.7183117626298325e-02  0  0  0  0  0  0  0  0  0  2  0  0  1  0  1  1
  4.9734872597134621e-03  0  0  0  0  0  2  0  1  0  1  0  1  0  0  0  0
 -8.3483962150660528e-03  0  0  0  0  0  0  1  1  1  0  0  2  0  0  0  0
  4.1723059709506098e-05  0  1  2  1  0  0  0  0  0  0  0  1  0  0  0  0
  8.2229173565567110e-02  0  0  0  0  0  0  0  0  0  1  4  0  0  0  0  0
 -4.8965027822107719e-05  2  0  1  0  0  0  0  0  1  0  0  1  0  0  0  0
  4.5195500324173542e-03  1  0  0  0  0  0  0  0  1  1  0  2  0  0  0  0
 -3.9766337233156724e-03  0  0  0  0  2  0  1  0  1  0  0  1  0  0  0  0
  2.6937736634510170e-02  0  0  0  0  1  0  1  0  0  2  0  1  0  0  0  0
  1.5236878293992217e-05  0  0  4  0  0  0  0  0  0  1  0  0  0  0  0  0
 -2.9624543526902261e-02  0  0  0  0  1  0  0  0  2  0  1  1  0  0  0  0
 -3.9092624219964163e-04  0  0  1  0  0  0  0  0  3  0  0  1  0  0  0  0
 -4.4537897365906146e-03  0  0  0  0  0  2  1  0  1  0  0  1  0  0  0  0
 -4.9486119855363546e-02  0  0  0  0  0  0  1  0  0  1  3  0  0  0  0  0
  1.6061302368194407e-09  0  0  0  0  0  1  0  0  0  0  0  1  0  0  0  1
 -4.9735499965485657e-03  0  0  0  0  0  2  0  0  0  1  0  2  0  0  0  0
  1.1625388529425197e-09  0  0  1  0  0  1  0  0  0  0  1  0  0  0  0  0
 -1.5722265287207125e-02  0  0  0  0  0  1  0  0  0  0  2  2  0  0  0  0
 -2.1422116542446842e-02  0  0  0  0  0  0  0  0  0  0  0  0  3  0  1  1
  2.5574730032846796e-05  0  0  2  2  0  0  0  0  0  1  0  0  0  0  0  0
 -2.4864365038154094e-02  0  0  0  0  0  0  0  1  0  1  0  3  0  0  0  0
  2.1791744797401216e-01  0  0  0  0  0  0  0  0  0  1  2  0  0  0  2  0
  5.1325868668596997e-04  0  0  0  0  1  0  1  3  0  0  0  0  0  0  0  0
  5.7798729354380880e-04  1  0  0  0  0  0  0  0  0  0  1  3  0  0  0  0
 -1.9760000763265713e-05  0  0  0  0  0  0  0  0  1  1  0  0  1  0  0  0
 -3.1997616279747610e-04  1  1  0  0  0  0  0  0  1  0  2  0  0  0  0  0
 -8.6993824974521655e-02  0  0  0  0  0  0  0  0  1  0  0  1  2  0  1  0
  1.9927751770924961e-03  0  0  0  0  0  2  1  1  1  0  0  0  0  0  0  0
 -2.8582554052418493e-03  0  0  0  0  1  1  0  2  1  0  0  0  0  0  0  0
  3.9949832489207360e-02  0  0  0  0  0  0  0  0  0  3  0  0  0  2  0  0
 -1.3652596219566954e-02  0  0  0  0  0  1  1  1  0  0  1  1  0  0  0  0
 -1.3910172423972954e-05  0  3  0  0  0  0  0  0  0  0  0  2  0  0  0  0
  1.8125523839544219e-01  0  0  0  0  0  0  0  0  1  1  0  1  0  1  1  0
  5.4809450889223073e-02  0  0  0  0  0  0  0  0  2  0  0  2  0  1  0  0
 -3.4809871524862550e-03  0  1  0  0  0  0  0  0  1  1  1  1  0  0  0  0
  5.3621893063718318e-04  1  0  0  1  0  0  0  0  2  0  1  0  0  0  0  0
 -3.4842571066429672e-03  0  0  0  0  1  0  2  1  0  0  1  0  0  0  0  0
 -3.0582833634900452e-02  0  0  0  0  0  0  0  0  0  0  2  0  0  1  0  2
  1.3553137124679100e-02  0  0  0  0  0  0  0  0  0  0  0  0  1  0  1  3
  1.1247474626373025e-06  0  4  0  0  0  0  0  0  0  1  0  0  0  0  0  0
  5.9617771308011105e-04  0  0  1  0  0  0  0  0  1  0  2  1  0  0  0  0
 -1.1903605170445550e-01  0  0  0  0  0  0  0  0  2  1  0  2  0  0  0  0
 -3.6195515590735377e-04  0  0  0  0  2  0  2  0  0  1  0  0  0  0  0  0
  3.1569703779428795e-10  0  2  0  0  0  1  0  0  0  0  0  0  0  0  0  0
 -8.4903846680279317e-03  0  0  0  0  0  0  0  2  0  3  0  0  0  0  0  0
 -3.7630927410846594e-02  0  0  0  0  0  0  0  1  0  1  2  1  0  0  0  0
  5.7008093715031289e-03  0  0  0  0  2  0  0  0  0  3  0  0  0  0  0  0
  4.8603071976445449e-05  0  0  1  2  0  0  0  0  1  0  0  1  0  0  0  0
  4.0473637020129224e-02  0  0  0  0  0  0  0  0  1  0  3  0  0  0  0  1
 -1.1245230512608724e-04  0  0  0  0  0  1  0  4  0  0  0  0  0  0  0  0
  1.8647632954814242e-04  2  0  0  0  0  0  0  0  1  0  1  1  0  0  0  0
 -1.8647632954814245e-04  0  0  0  2  0  0  0  0  1  0  1  1  0  0  0  0
  5.2702163392070480e-04  0  0  0  0  1  3  0  0  1  0  0  0  0  0  0  0
 -1.6066751816750817e-04  0  0  1  1  0  0  0  0  1  0  2  0  0  0  0  0
 -5.3479100803918354e-09  0  0  1  0  0  0  1  0  0  1  0  0  0  0  0  0
  1.9390052746228940e-05  0  0  0  3  0  0  0  0  1  0  1  0  0  0  0  0
  1.3377710980024901e-02  0  0  0  0  0  0  0  0  2  0  0  0  0  1  2  0
 -2.5818470618933952e-02  0  0  0  0  1  1  1  0  0  1  0  1  0  0  0  0
  5.1510343918230682e-08  0  1  0  2  0  0  0  0  0  0  0  0  0  0  0  0
 -9.5906785541667650e-02  0  0  0  0  0  0  0  0  0  1  2  1  0  0  0  1
  1.1278528010081104e-01  0  0  0  0  0  0  0  0  1  0  0  1  1  1  0  1
 -6.0136301720355238e-06  0  1  2  2  0  0  0  0  0  0  0  0  0  0  0  0
 -3.6049021599349939e-09  1  0  0  0  0  0  0  1  0  0  1  0  0  0  0  0
  1.4613467473780682e-05  0  0  0  0  0  1  0  0  0  0  2  0  0  0  0  0
  1.6630811168989293e-09  0  0  0  1  0  1  0  1  0  0  0  0  0  0  0  0
  7.4572386949136636e-05  0  1  3  0  0  0  0  0  0  0  1  0  0  0  0  0
  4.3272089116797662e-02  0  0  0  0  0  0  0  0  0  0  0  1  1  2  1  0
  6.9425484267543417e-11  0  1  0  0  0  0  0  0  0  0  0  0  0  2  0  0
  2.9516563734545403e-02  0  0  0  0  0  0  0  0  1  0  1  0  0  0  0  3
 -6.8529969892120873e-02  0  0  0  0  0  0  0  0  1  0  2  0  1  1  0  0
 -2.3093056468022851e-03  1  0  0  0  0  0  0  0  1  3  0  0  0  0  0  0
 -1.1541135069924498e-06  0  1  1  0  0  0  0  0  0  0  1  0  0  0  0  0
  4.8285484743890624e-06  0  0  0  1  0  0  0  0  0  1  0  1  0  0  0  0
 -8.9050602155724204e-02  0  0  0  0  0  0  0  0  1  0  0  1  0  2  1  0
  1.0603212260091152e-01  0  0  0  0  0  1  0  0  0  2  2  0  0  0  0  0
  1.8102734500561221e-07  1  1  0  0  0  0  0  0  1  0  0  0  0  0  0  0
  1.9846617026136009e-11  2  0  0  0  0  0  0  0  0  0  0  0  0  1  0  0
  7.8813469775099038e-02  0  0  0  0  0  0  1  0  0  3  1  0  0  0  0  0
  4.5959757218519602e-07  1  0  0  1  0  0  0  0  0  0  1  0  0  0  0  0
 -1.2239880561163176e-10  0  0  0  0  0  1  0  1  0  0  0  0  0  0  0  1
  1.3245889997233544e-04  0  0  0  0  0  3  0  0  0  0  0  2  0  0  0  0
 -3.3401929950708224e-05  0  0  0  0  0  0  0  0  0  0  1  0  0  1  1  0
 -3.3891715960797247e-01  0  0  0  0  0  0  0  0  0  2  1  0  0  1  1  0
  4.4344131297982717e-06  0  0  0  0  0  1  0  0  0  0  0  2  0  0  0  0
 -5.1421545518408049e-05  1  0  2  1  0  0  0  0  0  0  1  0  0  0  0  0
  7.1701476253675001e-11  0  0  0  0  1  0  0  0  0  1  0  0  1  0  0  0
 -4.7049894983448876e-03  1  0  0  0  0  0  0  0  0  2  1  1  0  0  0  0
 -2.8582554052418493e-03  0  0  0  0  1  1  2  0  1  0  0  0  0  0  0  0
 -9.5881215128744841e-05  1  2  0  0  0  0  0  0  1  1  0  0  0  0  0  0
  2.2320053928967751e-04  2  0  0  0  0  0  0  0  0  1  2  0  0  0  0  0
  1.1879506647151063e-02  0  0  0  0  1  1  1  1  0  1  0  0  0  0  0  0
  3.8445347343329272e-05  0  0  0  0  0  0  0  0  2  1  0  0  0  0  0  0
 -2.6772782645483838e-02  0  0  0  0  1  1  0  1  0  1  1  0  0  0  0  0
 -6.3643603236552132e-03  0  0  0  0  0  0  0  0  0  0  0  0  0  5  0  0
  8.9140396655146455e-03  0  0  0  0  2  0  0  0  1  0  1  1  0  0  0  0
 -3.0582833634900452e-02  0  0  0  0  0  0  0  0  0  0  0  2  0  1  2  0
  1.3383681803066263e-04  0  0  0  0  4  0  0  0  0  1  0  0  0  0  0  0
  1.3297007845806128e-10  0  0  0  0  0  2  0  0  0  0  0  0  0  1  0  0
 -6.2571099181205731e-04  0  0  0  0  0  1  4  0  0  0  0  0  0  0  0  0
 -3.7485442883368253e-03  0  0  0  0  2  1  0  0  0  2  0  0  0  0  0  0
  3.9189983872394583e-03  0  0  0  0  0  0  1  2  1  0  0  1  0  0  0  0
 -2.2059950665583618e-03  0  0  0  1  0  0  0  0  0  1  0  3  0  0  0  0
  1.4794347896654007e-02  0  0  0  0  0  1  0  1  0  0  2  1  0  0  0  0
 -1.1943319088676318e-05  0  0  0  0  0  0  0  0  0  0  0  1  0  1  0  1
  3.3093788216110651e-10  0  1  0  0  0  0  0  0  0  0  0  1  0  0  0  1
  1.1582209277305003e-01  0  0  0  0  0  0  0  0  0  1  1  0  2  0  1  0
  7.3300728529899412e-02  0  0  0  0  0  0  0  0  1  0  0  0  2  0  1  1
 -4.8208842901300238e-02  0  0  0  0  0  0  0  0  0  1  0  0  2  0  2  0
  4.2660606017951549e-07  2  3  0  0  0  0  0  0  0  0  0  0  0  0  0  0
 -2.2966962191888886e-10  0  0  0  1  0  0  0  0  0  0  0  0  0  1  0  1
 -6.3221759498878512e-07  0  0  0  2  0  0  0  0  0  1  0  0  0  0  0  0
  4.4494621716690137e-04  0  0  2  0  0  0  0  0  0  1  0  2  0  0  0  0
 -9.8131042037453032e-03  0  0  0  0  0  0  0  1  3  0  1  0  0  0  0  0
  1.7084803058009041e-07  0  1  2  0  0  0  0  0  0  0  0  0  0  0  0  0
  5.0515147589275740e-04  0  1  1  0  0  0  0  0  0  0  1  2  0  0  0  0
 -9.9258469665188550e-12  0  0  0  0  0  0  1  1  0  0  0  0  1  0  0  0
 -1.0603386586522195e-06  0  0  0  0  2  1  0  0  0  0  0  0  0  0  0  0
  1.7810566094077374e-01  0  0  0  0  0  0  0  0  1  2  1  1  0  0  0  0
  5.4850420204438271e-03  0  0  0  0  0  1  3  0  0  0  1  0  0  0  0  0
 -4.8965027822107719e-05  0  2  0  1  0  0  0  0  1  0  1  0  0  0  0  0
 -6.7777016671587142e-04  0  1  0  0  0  0  0  0  0  0  4  0  0  0  0  0
  5.9617771308011094e-04  0  0  0  1  0  0  0  0  1  0  1  2  0  0  0  0
 -2.8901929450267191e-02  0  0  0  0  0  0  0  0  0  0  0  2  0  1  0  2
 -1.6080203139746924e-02  0  0  0  0  1  0  0  1  0  0  1  2  0  0  0  0
  1.5883037467837323e-04  0  1  0  2  0  0  0  0  0  2  0  0  0  0  0  0
  2.7893989313265928e-02  0  0  0  0  0  1  1  0  1  1  0  1  0  0  0  0
 -2.9439312611235911e-02  0  0  0  0  0  0  0  1  1  2  1  0  0  0  0  0
 -2.9791413169099647e-03  0  0  1  0  0  0  0  0  0  1  3  0  0  0  0  0
  1.7264710901168919e-04  0  1  2  0  0  0  0  0  2  0  0  0  0  0  0  0
  2.2597750162086767e-03  0  1  0  0  0  0  0  0  2  0  2  0  0  0  0  0
  1.4993923859325638e-10  1  0  0  0  0  0  0  0  0  0  1  0  0  0  0  1
  6.0425916748493048e-05  0  0  0  0  0  3  0  2  0  0  0  0  0  0  0  0
 -1.2387134733107045e-05  0  0  0  0  0  0  0  0  0  0  0  0  2  1  0  0
