758
 -5.9831397860312885e-12  0  1  0  0  0  0  0  0  2  0  0  0  0  0  0  0
  5.9265271745332409e-05  0  0  0  0  0  0  1  2  0  0  0  0  1  0  0  1
 -6.7684823270311681e-11  1  0  0  0  1  1  0  0  0  0  0  0  0  0  0  0
 -8.1330548776420304e-06  0  0  0  0  3  0  1  0  0  0  0  0  0  0  0  1
 -5.6920549251300661e-06  0  3  1  0  0  0  0  0  0  0  0  0  0  0  1  0
  3.1329125737131423e-07  0  0  0  0  1  0  0  1  0  0  0  0  0  0  1  0
 -3.0801736127177855e-05  0  0  0  0  0  1  0  0  0  0  0  0  0  0  0  4
  6.9295700819058694e-06  0  2  0  0  0  0  0  0  0  0  0  0  1  0  1  1
  1.3951166386756450e-04  0  0  0  0  1  0  2  0  0  0  0  0  0  0  1  1
 -2.4774269466214093e-05  0  0  0  0  0  0  0  0  1  0  0  0  1  1  0  0
 -5.3253252452029346e-10  0  0  0  0  0  0  0  1  1  0  0  0  0  0  1  0
 -7.9806732295139797e-07  0  0  0  0  0  1  1  0  0  0  0  0  0  0  1  0
 -1.5847168952888445e-08  0  0  0  1  0  0  0  0  0  0  0  0  1  0  1  0
  1.7993614442710692e-05  0  0  1  0  0  0  0  0  0  0  0  0  1  0  2  1
 -1.1856844603469258e-10  0  1  0  0  0  0  0  0  0  2  0  0  0  0  0  0
 -1.6939361800529586e-04  0  0  1  0  0  0  0  0  0  0  0  0  0  1  3  0
 -1.1172383669134868e-02  0  0  0  0  0  0  0  0  0  3  0  1  0  0  0  1
  3.7022946631734478e-02  0  0  0  0  0  0  0  0  0  0  2  2  0  1  0  0
  1.7221579565895152e-10  0  0  0  1  0  0  0  0  1  0  1  0  0  0  0  0
  3.2771062607743278e-05  0  0  0  0  0  0  0  0  0  2  0  0  0  1  0  0
  1.6198096423840410e-03  0  0  0  0  0  0  1  0  0  0  0  0  0  3  1  0
 -1.2421079028825978e-04  0  0  0  0  0  0  1  0  0  0  0  0  3  0  0  1
 -2.4014668501924345e-04  0  0  0  0  0  0  3  0  0  0  0  0  0  1  1  0
  6.1398743232655311e-04  0  0  0  0  0  1  0  0  0  0  0  0  2  0  2  0
 -4.5709294646214404e-09  0  0  0  0  0  0  0  0  0  1  0  0  0  0  0  0
  6.8951509874589799e-04  0  0  0  0  0  0  1  1  0  0  0  0  0  1  1  1
  2.1695484467892122e-02  0  0  0  0  0  0  0  0  1  1  0  0  3  0  0  0
 -5.7736972596119633e-06  0  1  0  2  0  0  0  0  0  0  0  0  0  0  2  0
  1.0351414702975819e-04  0  1  0  0  0  0  0  0  0  0  0  0  0  2  0  2
 -2.6605173781626955e-06  1  2  1  1  0  0  0  0  0  0  0  0  0  0  0  0
  5.2031414690720293e-11  0  1  0  0  0  0  0  0  0  0  0  2  0  0  0  0
  9.8906470648996458e-07  0  0  0  0  2  3  0  0  0  0  0  0  0  0  0  0
 -2.3911666432814305e-04  0  0  0  0  0  1  0  1  0  0  0  0  2  0  0  1
 -2.8901929450267191e-02  0  0  0  0  0  0  0  0  0  1  0  2  0  0  0  2
 -3.1026532013695560e-05  0  1  0  0  0  0  0  0  0  0  0  0  4  0  0  0
 -2.3453697127757367e-05  0  0  0  0  0  1  2  2  0  0  0  0  0  0  0  0
  6.2899811031510863e-02  0  0  0  0  0  0  0  0  1  0  0  2  0  0  1  1
  1.9755016172788739e-10  1  0  0  0  0  0  0  0  0  0  1  1  0  0  0  0
 -3.1985807218093531e-03  0  0  0  0  0  0  0  0  0  1  0  0  0  0  0  4
 -2.7032135192508071e-02  0  0  0  0  0  0  0  0  0  0  0  0  2  1  2  0
  1.1824772685757454e-01  0  0  0  0  0  0  0  0  0  1  0  0  0  2  2  0
  3.4024900347103050e-07  0  0  0  0  2  0  0  0  0  0  0  0  0  1  0  0
  5.2562945743615232e-02  0  0  0  0  0  0  0  0  0  2  0  1  0  1  0  1
 -3.9523254472122451e-08  0  0  0  0  0  3  0  0  0  0  0  0  0  0  0  0
  4.1427905223659339e-10  0  0  0  0  0  0  1  0  0  1  1  0  0  0  0  0
 -3.3049575002486038e-11  1  0  0  0  0  1  0  0  0  0  0  0  1  0  0  0
 -8.3680901117457449e-11  0  0  0  0  0  0  1  0  0  0  0  1  1  0  0  0
 -5.4514932666874843e-06  0  0  0  0  0  0  0  0  0  0  1  0  1  0  0  1
 -3.3763845851385338e-02  0  0  0  0  0  0  0  0  0  0  1  1  1  0  2  0
  1.2905017524888570e-06  2  1  0  2  0  0  0  0  0  0  0  0  0  0  0  0
  4.9201866512522403e-02  0  0  0  0  0  0  0  0  0  1  1  0  0  0  1  2
  6.3880771199765701e-05  0  1  1  0  0  0  0  0  0  0  0  0  1  1  0  1
 -1.0298482167562416e-04  0  0  0  0  0  0  1  1  0  0  0  0  1  0  0  2
 -3.4760953822467841e-02  0  0  0  0  0  0  0  0  0  0  2  0  2  1  0  0
  3.8614580964634520e-05  0  1  2  0  0  0  0  0  0  0  0  0  0  2  0  0
  4.1009323317473402e-04  0  0  1  0  0  0  0  0  0  0  0  0  0  3  1  0
  2.6012597449240511e-02  0  0  0  0  0  0  0  0  0  1  0  2  2  0  0  0
  2.0008391881139751e-04  0  0  0  0  0  0  1  1  0  0  0  0  1  2  0  0
 -1.9583970529729808e-04  0  0  0  0  1  1  0  0  0  0  0  0  1  0  2  0
 -4.9033655715422272e-07  0  0  0  0  1  0  0  0  0  0  0  0  0  0  1  1
 -1.2117120060229970e-07  1  0  0  0  0  0  0  0  0  0  0  0  0  0  1  1
  2.0296393329899568e-05  0  0  0  0  0  0  0  0  0  1  2  0  0  0  0  0
 -6.4266349627340541e-02  0  0  0  0  0  0  0  0  1  0  0  0  0  2  1  1
 -5.4956369017584529e-05  0  0  0  0  2  1  0  0  0  0  0  0  2  0  0  0
 -5.7736972596119616e-06  0  1  2  0  0  0  0  0  0  0  0  0  0  0  0  2
  5.8364160295412131e-02  0  0  0  0  0  0  0  0  1  0  1  1  0  0  0  2
  1.7249810532485706e-07  0  1  0  0  0  0  0  0  0  0  0  0  0  0  2  0
 -1.2455730328927738e-07  0  1  1  0  0  0  0  0  0  0  0  0  0  0  1  0
 -1.0728315301508452e-05  0  0  0  0  0  3  0  0  0  0  0  0  0  0  0  2
 -3.0707778677468607e-03  0  0  0  0  0  0  0  0  4  1  0  0  0  0  0  0
  6.7394327805326229e-06  0  3  0  0  0  0  0  0  0  0  0  0  0  0  2  0
 -1.2150764342915184e-10  0  0  0  0  0  0  2  0  0  1  0  0  0  0  0  0
  4.4029623560453291e-07  1  0  3  1  0  0  0  0  0  0  0  0  0  0  0  0
 -7.8084581069077473e-03  0  0  0  0  0  0  0  0  0  0  0  0  1  0  3  1
 -9.1368858559602887e-04  0  0  0  0  0  1  0  0  0  0  0  0  2  2  0  0
  4.1973474139889435e-12  1  0  1  0  0  0  0  0  0  0  0  1  0  0  0  0
  7.8637462421192347e-07  0  3  0  1  0  0  0  0  0  0  0  0  0  0  0  1
  3.5987584820155995e-02  0  0  0  0  0  0  0  0  1  0  0  0  1  1  2  0
 -2.5457441294620849e-02  0  0  0  0  0  0  0  0  1  0  0  0  1  3  0  0
 -1.2209271226700048e-07  0  0  0  0  0  0  0  1  0  0  0  0  1  0  1  0
  1.0646633899312008e-11  0  0  1  0  1  0  0  0  0  0  0  0  0  0  0  1
  1.5778565087013547e-02  0  0  0  0  0  0  0  0  0  1  0  1  0  0  0  3
 -3.3816331123906262e-04  0  0  0  0  0  0  2  0  0  0  0  0  2  1  0  0
  2.1727694739040020e-04  0  0  0  0  0  0  2  0  0  0  0  0  0  1  0  2
 -8.2185746581833665e-13  0  1  0  1  0  0  0  1  0  0  0  0  0  0  0  0
  2.5356640524418030e-05  0  1  0  1  0  0  0  0  0  0  0  0  0  0  2  1
  1.7347639395990223e-05  0  0  0  0  3  0  0  0  0  0  0  0  0  0  1  1
  5.3070771520461121e-03  0  0  0  0  0  0  0  0  0  0  0  0  0  1  0  4
  8.9509949989762135e-05  0  0  0  0  0  1  1  2  0  0  0  0  0  0  1  0
 -1.2782368412809307e-04  0  0  0  0  1  0  0  1  0  0  0  0  0  0  3  0
  1.5915571720104767e-02  0  0  0  0  0  0  0  0  0  0  0  0  2  3  0  0
 -4.2781369435994445e-12  0  1  0  1  0  0  0  0  0  0  0  1  0  0  0  0
  2.5288429857292958e-05  1  0  0  2  0  0  0  0  0  0  0  0  1  1  0  0
  9.2036609478589895e-05  1  0  0  1  0  0  0  0  0  0  0  0  0  2  1  0
  3.6553823307754772e-02  0  0  0  0  0  0  0  0  2  1  0  0  0  0  0  2
 -3.3763845851385338e-02  0  0  0  0  0  0  0  0  0  0  1  1  1  0  0  2
  1.0272459575083083e-11  0  0  0  0  1  1  0  0  1  0  0  0  0  0  0  0
 -3.3816331123906278e-04  0  0  0  0  0  0  0  2  0  0  0  0  2  1  0  0
 -1.5319521172866234e-04  1  0  0  1  0  0  0  0  0  0  0  0  1  1  0  1
  5.2253178287350238e-02  0  0  0  0  0  0  0  0  0  2  1  1  1  0  0  0
 -2.0542048152553283e-02  0  0  0  0  0  0  0  0  3  0  0  0  1  1  0  0
  3.4760953822467841e-02  0  0  0  0  0  0  0  0  2  0  0  0  2  1  0  0
 -9.1033300668737433e-04  0  0  0  0  1  1  1  0  0  0  0  0  0  1  0  1
 -4.0902158068745182e-05  0  0  0  0  1  0  0  3  0  0  0  0  0  0  1  0
  2.5087987036227760e-06  3  0  0  0  0  0  0  0  0  0  0  0  0  0  1  1
 -3.0870730528813396e-06  2  0  0  1  0  0  0  0  0  0  0  0  1  0  1  0
 -2.4122851193642061e-02  0  0  0  0  0  0  0  0  0  0  0  1  0  1  0  3
 -3.4848461641004052e-11  0  0  0  1  0  0  0  0  0  0  1  0  1  0  0  0
 -3.2358191358656647e-02  0  0  0  0  0  0  0  0  0  2  0  2  0  1  0  0
  1.2795994439139557e-08  1  1  0  0  0  0  0  0  0  0  0  0  1  0  0  0
 -5.2790238996644232e-10  0  0  0  0  1  0  0  0  1  1  0  0  0  0  0  0
 -6.5420138253874276e-06  1  0  1  0  0  0  0  0  0  0  0  0  0  0  0  3
  3.6254977024690951e-05  0  1  0  0  0  0  0  0  0  0  0  0  2  0  0  2
 -1.5724673714842204e-07  0  0  0  0  1  0  1  1  0  0  0  0  0  0  0  0
  5.6456438290359963e-02  0  0  0  0  0  0  0  0  0  2  0  0  0  3  0  0
 -4.0392437977236498e-04  0  0  0  0  0  1  2  0  0  0  0  0  0  0  2  0
  8.1054127927646880e-06  1  0  2  0  0  0  0  0  0  0  0  0  0  0  1  1
 -1.5776208613481308e-04  0  0  0  0  0  0  0  3  0  0  0  0  0  1  0  1
 -9.8340970294362585e-07  2  2  0  0  0  0  0  0  0  0  0  0  0  1  0  0
 -3.4967105059704580e-10  0  0  1  0  0  0  0  0  0  0  1  0  0  1  0  0
  1.3553137124679100e-02  0  0  0  0  0  0  0  0  1  0  0  0  0  0  1  3
  5.5830729724918132e-05  0  2  0  0  0  0  0  0  0  0  0  0  2  1  0  0
 -4.3699045768596768e-02  0  0  0  0  0  0  0  0  0  2  1  0  1  0  0  1
 -3.1727121630295167e-04  0  0  0  0  1  0  0  1  0  0  0  0  0  0  1  2
  2.2241631627005433e-04  0  0  0  0  0  1  0  0  0  0  0  0  2  0  0  2
  2.0716264078813148e-04  0  0  0  0  2  0  0  0  0  0  0  0  0  3  0  0
 -3.4418521871476128e-02  0  0  0  0  0  0  0  0  0  0  0  3  0  1  0  1
 -2.5677074084089522e-05  0  1  2  0  0  0  0  0  0  0  0  0  0  0  2  0
 -1.0969110166015519e-07  0  0  2  0  0  0  0  0  0  0  0  0  0  1  0  0
 -8.9523424593239351e-02  0  0  0  0  0  0  0  0  2  1  0  1  0  0  0  1
 -1.6081399753886012e-02  0  0  0  0  0  0  0  0  2  0  2  0  0  1  0  0
 -2.6539984537839948e-04  0  0  0  0  1  0  1  0  0  0  0  0  0  0  2  1
  8.2142196252994099e-02  0  0  0  0  0  0  0  0  0  1  1  0  0  0  3  0
 -2.5356640524418030e-05  1  0  1  0  0  0  0  0  0  0  0  0  0  0  2  1
 -9.8800003816328732e-06  0  0  0  0  0  0  0  0  0  3  0  0  0  0  0  0
 -2.5976107331458529e-06  2  1  0  0  0  0  0  0  0  0  0  0  2  0  0  0
 -4.3539582487022745e-07  3  0  0  1  0  0  0  0  0  0  0  0  0  0  1  0
 -2.0400074041300898e-04  0  0  0  0  0  0  1  2  0  0  0  0  0  1  1  0
 -2.6971429257322530e-11  0  0  2  0  0  0  0  0  0  1  0  0  0  0  0  0
  4.9800737551852475e-05  0  0  0  0  0  0  2  2  0  0  0  0  0  1  0  0
  1.2851271457746695e-04  0  0  0  0  2  1  0  0  0  0  0  0  0  0  0  2
 -6.5346418594311125e-04  0  0  0  0  0  1  1  0  0  0  0  0  2  0  1  0
  6.9689023817367797e-07  0  0  1  0  0  0  0  0  0  0  0  0  0  1  1  0
  3.9805037703303013e-05  0  0  0  0  0  2  1  1  0  0  0  0  1  0  0  0
 -2.1213200848229111e-06  0  2  0  1  0  0  0  0  0  0  0  0  1  0  1  0
 -1.9390803074104758e-04  0  0  0  0  0  0  2  1  0  0  0  0  0  1  0  1
  7.4741708924660283e-02  0  0  0  0  0  0  0  0  1  0  1  0  0  2  0  1
 -1.7398764994904325e-01  0  0  0  0  0  0  0  0  1  1  1  0  0  1  0  1
  3.8454947283397237e-04  0  0  0  1  0  0  0  0  0  0  0  0  2  1  0  1
 -1.6192916686596584e-06  1  1  0  2  0  0  0  0  0  0  0  0  1  0  0  0
  4.6441549612486505e-02  0  0  0  0  0  0  0  0  0  0  1  1  1  2  0  0
  9.3990504125152955e-09  0  0  0  0  0  0  0  0  0  0  0  0  0  1  0  0
  1.3591333224457803e-07  3  1  0  0  0  0  0  0  0  0  0  0  1  0  0  0
 -5.8829865142994967e-06  2  1  0  0  0  0  0  0  0  0  0  0  0  2  0  0
  2.6103925592710157e-05  1  0  0  0  0  0  0  0  0  0  0  0  0  0  3  1
  9.0618318318370935e-05  2  0  0  1  0  0  0  0  0  0  0  0  0  1  0  1
  2.6888203439097823e-02  0  0  0  0  0  0  0  0  0  0  4  0  0  1  0  0
  1.3951166386756450e-04  0  0  0  0  1  0  1  1  0  0  0  0  0  0  0  2
  6.9138253742122153e-06  1  2  1  0  0  0  0  0  0  0  0  0  0  0  0  1
 -5.4522071751898406e-05  0  0  0  0  2  0  1  0  0  0  0  0  0  1  1  0
  1.0481330893850412e-04  0  2  1  0  0  0  0  0  0  0  0  0  0  1  1  0
  3.3628954302724950e-04  1  1  0  0  0  0  0  0  0  0  0  0  0  1  1  1
  1.3863153067588411e-05  1  0  1  1  0  0  0  0  0  0  0  0  0  0  2  0
 -6.8878104057201834e-05  0  1  0  1  0  0  0  0  0  0  0  0  0  2  0  1
 -6.7890823634321246e-04  0  0  0  0  2  0  0  0  0  0  0  0  0  1  0  2
  3.1890067009877854e-11  0  2  0  0  0  0  0  0  0  1  0  0  0  0  0  0
 -1.3894107784186897e-04  0  0  0  0  0  3  1  0  0  0  0  0  0  0  1  0
 -3.7085082237364194e-06  0  1  0  2  0  0  0  0  0  0  0  0  0  0  0  2
 -6.0565098058025448e-10  0  0  0  0  0  1  0  0  0  0  0  0  0  0  0  0
  1.5480516537495506e-02  0  0  0  0  0  0  0  0  0  0  1  1  3  0  0  0
 -9.4221884248748057e-08  0  1  0  0  0  0  0  0  0  0  0  0  2  0  0  0
  4.9453235324498208e-07  0  0  0  0  0  5  0  0  0  0  0  0  0  0  0  0
  1.9819640159448240e-04  0  0  0  0  1  0  0  2  0  0  0  0  0  0  1  1
 -3.3401929950708224e-05  0  0  0  0  0  0  0  0  0  1  1  0  0  0  1  0
 -3.0870730528813400e-06  0  2  1  0  0  0  0  0  0  0  0  0  1  0  0  1
 -4.8718894827485253e-02  0  0  0  0  0  0  0  0  1  0  1  0  0  0  2  1
  4.8756941166422509e-04  0  0  0  0  1  1  1  1  0  0  0  0  0  1  0  0
  3.6959422035639648e-08  1  0  1  0  0  0  0  0  0  0  0  0  0  0  0  1
 -2.3233186074919856e-06  0  0  0  0  3  0  0  1  0  0  0  0  0  0  1  0
  2.4303895960508483e-05  0  0  0  0  0  1  0  3  0  0  0  0  0  0  0  1
  1.3713880618075216e-03  0  0  0  0  0  0  1  0  0  0  0  0  2  1  1  0
  7.2540678372729282e-06  0  0  0  0  0  0  0  0  0  1  0  2  0  0  0  0
 -3.9440344507469171e-06  2  1  0  0  0  0  0  0  0  0  0  0  0  0  2  0
 -1.0498287289905099e-10  1  0  0  1  0  0  1  0  0  0  0  0  0  0  0  0
 -1.9825418786874284e-04  0  0  0  0  0  1  0  0  0  0  0  0  0  0  4  0
 -6.6216314310318133e-05  0  0  0  0  0  1  0  2  0  0  0  0  0  0  0  2
  2.4240314353390447e-07  0  0  0  0  1  0  1  0  0  0  0  0  0  0  0  1
  5.5347269204211660e-12  0  0  1  0  1  0  0  1  0  0  0  0  0  0  0  0
  1.3591333224457803e-07  1  3  0  0  0  0  0  0  0  0  0  0  1  0  0  0
  1.7993792410078001e-02  0  0  0  0  0  0  0  0  0  1  0  0  2  0  0  2
 -5.4514932666874860e-06  0  0  0  0  0  0  0  0  0  0  0  1  1  0  1  0
 -1.4028496232244042e-04  0  0  0  0  1  0  1  1  0  0  0  0  2  0  0  0
 -1.4622542151072963e-04  0  0  0  1  0  0  0  0  0  0  0  0  0  1  0  3
  4.2448793116676518e-03  0  0  0  0  0  0  0  0  4  0  0  0  0  1  0  0
  1.0220599469787939e-01  0  0  0  0  0  0  0  0  0  0  1  1  0  1  1  1
 -3.8148698664911378e-02  0  0  0  0  0  0  0  0  0  0  0  0  0  3  2  0
  1.1378525516199340e-05  0  1  0  2  0  0  0  0  0  0  0  0  0  2  0  0
  4.5614862516520888e-02  0  0  0  0  0  0  0  0  0  3  0  0  0  0  2  0
 -4.1642268587394234e-02  0  0  0  0  0  0  0  0  2  0  1  0  1  0  0  1
  5.2253178287350238e-02  0  0  0  0  0  0  0  0  2  0  1  1  1  0  0  0
 -2.3818790115204760e-11  0  0  0  0  0  1  0  0  1  0  0  0  1  0  0  0
  1.4939745132700298e-04  0  0  0  0  1  2  1  0  0  0  0  0  0  0  0  1
  4.8718894827485246e-02  0  0  0  0  0  0  0  0  0  1  0  1  0  0  2  1
  2.5816138650872624e-06  0  0  0  0  0  2  0  0  0  0  0  0  0  1  0  2
  1.2871893006432843e-10  0  0  1  0  0  1  0  0  0  0  0  0  0  0  1  0
  8.1054127927646880e-06  1  0  1  1  0  0  0  0  0  0  0  0  0  0  0  2
  8.9523424593239351e-02  0  0  0  0  0  0  0  0  1  2  1  0  0  0  0  1
 -1.4551874703716836e-10  0  1  0  0  0  0  0  0  0  0  2  0  0  0  0  0
 -1.5315926214657662e-06  0  0  0  0  2  1  2  0  0  0  0  0  0  0  0  0
 -2.2905592399592069e-04  0  0  0  0  0  1  0  0  0  0  0  0  0  0  2  2
  6.5086453403676359e-02  0  0  0  0  0  0  0  0  1  1  0  0  1  2  0  0
 -1.5114683252518668e-02  0  0  0  0  0  0  0  0  3  0  1  1  0  0  0  0
  1.0778006882603064e-06  0  0  0  4  0  0  0  0  0  0  0  0  0  1  0  0
  3.1940385599882851e-05  1  0  0  1  0  0  0  0  0  0  0  0  2  0  1  0
  5.9265271745332402e-05  0  0  0  0  0  0  2  1  0  0  0  0  1  0  1  0
 -6.2666528795863894e-05  0  0  0  0  1  1  0  2  0  0  0  0  1  0  0  0
  5.7052970911912172e-09  0  0  1  1  0  0  0  0  0  0  0  0  1  0  0  0
  2.1137026345127405e-01  0  0  0  0  0  0  0  0  1  1  1  1  0  1  0  0
  1.7993614442710692e-05  0  0  0  1  0  0  0  0  0  0  0  0  1  0  1  2
 -6.2666528795863908e-05  0  0  0  0  1  1  2  0  0  0  0  0  1  0  0  0
 -1.2421079028825975e-04  0  0  0  0  0  0  0  1  0  0  0  0  3  0  1  0
 -1.5016190768491795e-10  0  1  0  0  0  0  2  0  0  0  0  0  0  0  0  0
 -4.6404950372234598e-02  0  0  0  0  0  0  0  0  1  1  0  0  1  0  0  2
 -4.3496570105729876e-12  0  0  1  0  0  0  0  1  0  0  0  0  1  0  0  0
 -1.1790216295765649e-01  0  0  0  0  0  0  0  0  0  1  1  1  0  0  1  1
 -8.4243628676839010e-11  0  0  0  0  0  0  1  0  1  0  0  0  0  0  0  1
 -1.9762574926645573e-04  0  0  0  0  2  0  0  2  0  0  0  0  0  1  0  0
 -3.5019883324850421e-09  0  3  0  0  0  0  0  0  0  0  0  0  0  0  0  0
  1.1518906386044862e-04  0  1  0  0  0  0  0  0  0  0  0  0  2  0  2  0
  6.3539188623537551e-06  0  0  0  0  2  0  2  0  0  0  0  0  0  1  0  0
 -7.3535342281758079e-02  0  0  0  0  0  0  0  0  1  2  0  0  0  0  1  1
  4.8441767585507009e-05  0  1  0  1  0  0  0  0  0  0  0  0  1  1  1  0
  3.1461193474508873e-11  2  0  0  0  0  1  0  0  0  0  0  0  0  0  0  0
 -5.6089679980228201e-02  0  0  0  0  0  0  0  0  1  2  0  0  1  1  0  0
  1.2341730682291345e-10  1  0  0  0  0  0  0  0  1  0  0  0  0  1  0  0
 -4.0485795084286186e-04  0  0  0  0  0  0  2  0  0  0  0  0  0  3  0  0
 -2.5457441294620842e-02  0  0  0  0  0  0  0  0  1  0  0  0  3  1  0  0
  1.7546591110111957e-03  0  0  0  0  1  1  0  0  0  0  0  0  0  1  1  1
 -1.8844376849749622e-07  1  0  0  0  0  0  0  0  0  0  0  0  1  1  0  0
  6.7929281324681989e-04  0  0  0  0  0  0  2  0  0  0  0  0  0  1  2  0
 -1.6832895142036857e-05  0  0  2  1  0  0  0  0  0  0  0  0  0  1  0  1
 -5.8799341788294536e-10  0  0  0  1  0  0  0  1  0  0  0  0  0  1  0  0
  1.1116507518147671e-04  0  0  0  0  0  3  0  0  0  0  0  0  0  0  2  0
 -4.7823332865628616e-04  0  0  0  0  1  0  1  0  0  0  0  0  1  1  1  0
  5.0768266839266783e-06  0  0  0  0  2  2  0  0  0  0  0  0  0  1  0  0
 -7.4741708924660283e-02  0  0  0  0  0  0  0  0  0  1  0  1  0  2  0  1
  3.8454947283397237e-04  0  0  1  0  0  0  0  0  0  0  0  0  2  1  1  0
 -3.1821801618276066e-02  0  0  0  0  0  0  0  0  0  1  0  0  0  4  0  0
 -1.2945717465030721e-01  0  0  0  0  0  0  0  0  0  2  0  0  0  1  2  0
  2.2316906755810925e-02  0  0  0  0  0  0  0  0  2  1  2  0  0  0  0  0
 -4.8421210923114991e-11  0  1  0  0  0  2  0  0  0  0  0  0  0  0  0  0
 -6.8529969892120873e-02  0  0  0  0  0  0  0  0  1  1  2  0  1  0  0  0
 -1.3143349039567132e-10  0  0  0  0  0  0  0  2  0  1  0  0  0  0  0  0
 -7.6597605864331183e-05  0  1  1  0  0  0  0  0  0  0  0  0  2  0  1  0
  1.1725831648347072e-04  0  0  0  0  2  0  0  0  0  0  0  0  1  0  1  1
  1.9782673312697776e-04  0  0  0  0  0  0  0  1  0  0  0  0  1  0  1  2
  1.0134743192636650e-02  0  0  0  0  0  0  0  0  0  0  0  4  0  1  0  0
  1.5030822195893372e-06  0  0  0  0  0  0  0  1  0  0  0  0  0  1  0  1
  1.7317959194001930e-04  0  0  0  0  0  1  2  0  0  0  0  0  2  0  0  0
  2.7546211021017531e-05  2  0  0  0  0  0  0  0  0  0  0  0  0  1  2  0
  8.1330548776420304e-06  0  0  0  0  0  3  0  1  0  0  0  0  0  0  0  1
  5.8961750579075919e-02  0  0  0  0  0  0  0  0  0  0  1  0  2  1  1  0
 -4.1642268587394234e-02  0  0  0  0  0  0  0  0  0  2  0  1  1  0  1  0
 -3.6963875528993942e-08  0  1  0  1  0  0  0  0  0  0  0  0  0  0  0  1
  1.4390418790727653e-07  0  0  0  0  1  1  0  0  0  0  0  0  1  0  0  0
  1.1278528010081104e-01  0  0  0  0  0  0  0  0  1  1  1  0  1  0  1  0
  2.3119327139097929e-05  0  0  0  0  0  0  3  0  0  0  0  0  1  0  0  1
 -3.3049575002486193e-11  0  1  0  0  1  0  0  0  0  0  0  0  1  0  0  0
  7.2740633164745857e-10  0  0  0  0  0  1  0  0  0  0  1  0  0  0  1  0
 -7.4703087226157552e-02  0  0  0  0  0  0  0  0  1  0  2  1  0  0  1  0
 -6.0912572373068592e-04  0  0  0  0  1  0  0  0  0  0  0  0  1  3  0  0
  7.2022235032922540e-03  0  0  0  0  0  0  0  0  0  3  0  2  0  0  0  0
 -3.0582833634900452e-02  0  0  0  0  0  0  0  0  0  1  2  0  0  0  0  2
  1.3100067045093111e-04  0  0  0  0  1  1  0  0  0  0  0  0  3  0  0  0
 -3.3855362241677599e-05  0  1  0  0  0  0  0  0  0  0  0  0  0  0  2  2
 -9.1863572103395749e-06  0  2  0  1  0  0  0  0  0  0  0  0  0  1  0  1
 -1.1725831648347072e-04  0  0  0  0  0  0  2  0  0  0  0  0  1  0  1  1
  1.9217729091697273e-05  0  0  0  0  0  0  0  4  0  0  0  0  0  1  0  0
  2.3301492226158779e-02  0  0  0  0  0  0  0  0  0  1  0  3  0  0  0  1
 -1.3042325492626650e-05  0  0  0  0  0  0  0  0  1  0  1  1  0  0  0  0
  8.8588606309819951e-07  0  0  0  3  0  0  0  0  0  0  0  0  1  0  1  0
  2.3119327139097936e-05  0  0  0  0  0  0  0  3  0  0  0  0  1  0  1  0
 -6.7643654976314648e-11  0  0  1  0  0  0  0  0  1  0  0  0  0  0  0  1
 -6.1335096671265701e-02  0  0  0  0  0  0  0  0  0  0  2  1  0  1  0  1
  8.9979390596307401e-12  1  0  0  0  0  0  1  0  0  0  0  0  0  0  0  1
  2.2156348554205977e-04  0  0  0  0  1  1  1  0  0  0  0  0  1  0  1  0
 -8.4184870880072327e-05  1  0  0  0  0  0  0  0  0  0  0  0  2  0  1  1
 -1.2387134733107045e-05  0  0  0  0  0  0  0  0  0  1  0  0  2  0  0  0
  1.3741865558842768e-05  0  0  0  0  0  0  0  0  0  1  0  0  0  0  2  0
 -8.9068760407543202e-05  0  0  0  0  2  1  0  0  0  0  0  0  0  2  0  0
  1.1760267647775715e-06  0  3  2  0  0  0  0  0  0  0  0  0  0  0  0  0
 -1.7838187788602018e-05  0  1  1  1  0  0  0  0  0  0  0  0  0  0  1  1
 -5.5830729724918118e-05  0  0  0  2  0  0  0  0  0  0  0  0  2  1  0  0
  3.3816331123906273e-04  0  0  0  0  0  2  0  0  0  0  0  0  2  1  0  0
  8.1163002678914662e-05  0  0  0  0  2  0  0  0  0  0  0  0  0  1  2  0
  2.4220883792753505e-05  1  0  1  0  0  0  0  0  0  0  0  0  2  0  0  1
  1.3377710980024901e-02  0  0  0  0  0  0  0  0  2  1  0  0  0  0  2  0
  1.9263612347196348e-11  0  1  0  0  2  0  0  0  0  0  0  0  0  0  0  0
 -1.8611994418086851e-05  0  1  1  1  0  0  0  0  0  0  0  0  1  1  0  0
  6.6847243920162076e-10  0  0  0  0  0  0  0  1  1  0  1  0  0  0  0  0
  1.2064502774172792e-09  0  0  0  0  0  0  0  1  0  1  0  1  0  0  0  0
 -1.4352357471241412e-06  0  3  0  0  0  0  0  0  0  0  0  0  0  0  0  2
  1.1725831648347072e-04  0  0  0  0  0  2  0  0  0  0  0  0  1  0  1  1
 -2.2966962191888886e-10  0  0  0  1  0  0  0  0  0  1  0  0  0  0  0  1
 -1.5847168952888445e-08  0  0  1  0  0  0  0  0  0  0  0  0  1  0  0  1
 -3.0707778677468598e-03  0  0  0  0  0  0  0  0  0  5  0  0  0  0  0  0
  1.7472676441233377e-06  0  0  0  0  0  0  1  0  0  0  0  0  0  1  1  0
  2.3911666432814308e-04  0  0  0  0  1  0  1  0  0  0  0  0  2  0  0  1
  6.5420138253874268e-06  0  1  0  1  0  0  0  0  0  0  0  0  0  0  0  3
 -6.2974950227202217e-02  0  0  0  0  0  0  0  0  0  0  1  2  0  1  1  0
 -1.0494063081503893e-09  0  0  0  0  0  0  1  0  0  0  1  0  0  1  0  0
 -1.2410612805478224e-04  1  0  0  0  0  0  0  0  0  0  0  0  1  3  0  0
 -4.8208842901300251e-02  0  0  0  0  0  0  0  0  2  0  0  0  0  1  0  2
  3.3349690417209914e-02  0  0  0  0  0  0  0  0  0  0  0  0  1  2  1  1
  2.2742562783359018e-10  0  1  0  0  0  0  1  0  0  0  0  0  0  0  1  0
  6.6227954200732864e-07  0  2  0  2  0  0  0  0  0  0  0  0  0  1  0  0
  6.9295700819058694e-06  2  0  0  0  0  0  0  0  0  0  0  0  1  0  1  1
  6.9924134141741728e-02  0  0  0  0  0  0  0  0  0  3  2  0  0  0  0  0
  9.0639679179805616e-02  0  0  0  0  0  0  0  0  1  0  0  2  1  1  0  0
  1.5969828618509925e-10  1  0  0  0  0  0  1  1  0  0  0  0  0  0  0  0
  8.8695686053765375e-11  0  0  0  0  0  0  1  0  0  1  0  0  0  0  1  0
 -4.8745723694885823e-11  0  0  0  1  0  1  0  0  0  0  0  0  0  0  0  1
  7.2660403764955986e-02  0  0  0  0  0  0  0  0  0  1  1  2  0  0  1  0
 -4.1936797387905296e-10  0  0  0  1  0  0  0  0  0  0  0  1  0  1  0  0
 -2.4205304455158773e-04  1  0  0  0  0  0  0  0  0  0  0  0  0  2  1  1
  2.4219795556271337e-02  0  0  0  0  0  0  0  0  2  2  0  0  0  1  0  0
  1.1172383669134868e-02  0  0  0  0  0  0  0  0  3  0  1  0  0  0  0  1
 -2.5985976034759363e-11  0  0  2  0  0  1  0  0  0  0  0  0  0  0  0  0
  1.3392562734085279e-06  0  0  4  0  0  0  0  0  0  0  0  0  0  1  0  0
 -1.0554268319812937e-01  0  0  0  0  0  0  0  0  0  1  1  1  1  1  0  0
 -1.1433554262261337e-04  0  0  0  0  0  3  0  0  0  0  0  0  0  2  0  0
 -4.4863024665524802e-07  0  0  0  0  0  0  2  0  0  0  0  0  0  1  0  0
  2.5118979998795199e-02  0  0  0  0  0  0  0  0  2  0  1  0  0  1  1  0
  1.5730036932936033e-02  0  0  0  0  0  0  0  0  1  3  0  0  1  0  0  0
  3.0343992889966013e-05  0  0  0  0  0  2  0  1  0  0  0  0  0  1  0  1
  1.6942361822811086e-01  0  0  0  0  0  0  0  0  0  1  2  0  0  2  0  0
  9.0052677065861680e-05  0  0  1  1  0  0  0  0  0  0  0  0  0  1  1  1
  1.1303075624767062e-05  0  0  0  0  0  0  0  0  1  0  0  1  0  0  1  0
 -2.8075954697498680e-05  0  0  0  0  2  1  0  0  0  0  0  0  0  0  2  0
 -8.3552153611968515e-06  0  0  0  0  0  0  0  0  0  0  0  0  0  1  0  2
 -3.7161404199321053e-05  0  0  0  0  0  0  0  0  0  1  0  0  0  2  0  0
 -1.8258579435883263e-10  0  1  0  0  0  0  0  0  0  0  0  0  0  0  0  0
  2.3037812772089728e-04  1  0  0  0  0  0  0  0  0  0  0  0  1  1  0  2
 -6.9757317619128780e-03  0  0  0  0  0  0  0  0  0  1  0  4  0  0  0  0
 -8.9891525026991798e-02  0  0  0  0  0  0  0  0  0  0  3  0  0  1  1  0
 -1.5306681063466556e-04  0  2  0  0  0  0  0  0  0  0  0  0  0  1  2  0
  1.1278528010081104e-01  0  0  0  0  0  0  0  0  1  1  0  1  1  0  0  1
  8.9087786090576673e-02  0  0  0  0  0  0  0  0  0  1  1  0  1  1  0  1
  8.4963233517204644e-07  0  1  0  3  0  0  0  0  0  0  0  0  0  0  0  1
 -5.2808046714336735e-10  0  0  0  0  0  0  0  1  0  1  0  0  0  0  0  1
 -2.4303895960508483e-05  0  0  0  0  1  0  3  0  0  0  0  0  0  0  0  1
  1.1229664812310019e-03  0  0  0  0  0  0  0  1  0  0  0  0  0  3  0  1
  9.0627619197721096e-02  0  0  0  0  0  0  0  0  1  2  0  1  0  0  1  0
 -1.4690311840394666e-05  0  0  0  0  0  0  0  0  0  0  2  0  0  1  0  0
 -1.9609955047664989e-06  0  3  0  0  0  0  0  0  0  0  0  0  2  0  0  0
  1.5013105444005014e-04  0  0  0  0  0  1  3  0  0  0  0  0  0  0  1  0
 -2.4220883792753505e-05  0  1  0  1  0  0  0  0  0  0  0  0  2  0  0  1
  4.3166717712587906e-03  0  0  0  0  0  0  0  0  0  3  0  0  0  0  0  2
 -6.3643603236552132e-03  0  0  0  0  0  0  0  0  0  1  0  0  4  0  0  0
 -2.8044839990114093e-02  0  0  0  0  0  0  0  0  2  1  0  0  2  0  0  0
 -7.6805184278809071e-05  0  0  0  0  2  0  0  1  0  0  0  0  1  0  1  0
 -1.4788001943589986e-10  0  0  0  1  0  0  0  0  1  0  0  0  0  0  1  0
  5.5830729724918138e-05  2  0  0  0  0  0  0  0  0  0  0  0  2  1  0  0
  9.7803085519387580e-10  0  0  0  0  1  0  0  0  0  0  1  1  0  0  0  0
  9.4988455478702592e-06  1  1  0  0  0  0  0  0  0  0  0  0  3  0  0  0
 -3.3345086222566962e-05  1  0  0  1  0  0  0  0  0  0  0  0  0  0  1  2
 -8.3680901117457319e-11  0  0  0  0  0  0  0  1  0  0  1  0  1  0  0  0
 -3.1436240264805133e-11  0  1  0  0  0  0  0  1  0  0  0  0  0  0  0  1
  4.9153593542699902e-06  0  0  0  0  0  0  0  0  0  1  0  0  0  0  0  2
 -2.8056992464488089e-04  0  0  0  0  0  1  1  1  0  0  0  0  1  1  0  0
  1.1328884657664193e-07  0  2  0  0  0  0  0  0  0  0  0  0  0  1  0  0
  7.7168308560901363e-12  0  1  0  0  0  0  0  0  1  0  0  0  1  0  0  0
 -3.2931482989648962e-06  1  0  1  2  0  0  0  0  0  0  0  0  0  0  0  1
 -6.8529969892120859e-02  0  0  0  0  0  0  0  0  1  1  0  2  1  0  0  0
 -6.9138253742122153e-06  2  1  0  1  0  0  0  0  0  0  0  0  0  0  0  1
  7.4629310002212478e-04  0  0  0  0  1  0  0  1  0  0  0  0  0  2  1  0
  2.9557812460241462e-02  0  0  0  0  0  0  0  0  1  0  3  1  0  0  0  0
  3.2467580432427537e-10  0  0  0  0  0  1  1  0  0  0  1  0  0  0  0  0
 -1.1258530624866365e-10  1  0  0  0  0  0  0  0  1  1  0  0  0  0  0  0
  5.8961750579075919e-02  0  0  0  0  0  0  0  0  0  0  0  1  2  1  0  1
 -7.1947160139677890e-02  0  0  0  0  0  0  0  0  1  0  1  2  0  0  0  1
  2.4170569616688343e-06  0  0  2  2  0  0  0  0  0  0  0  0  0  1  0  0
  7.8316289959813139e-06  0  0  0  0  1  3  0  0  0  0  0  0  1  0  0  0
 -3.4843381376772314e-02  0  0  0  0  0  0  0  0  0  0  0  2  1  0  1  1
  4.6917584271003365e-04  0  0  0  0  0  1  1  0  0  0  0  0  0  0  3  0
 -1.0782552004308105e-04  1  1  1  0  0  0  0  0  0  0  0  0  0  1  0  1
 -1.2960850017411837e-02  0  0  0  0  0  0  0  0  0  0  1  0  3  0  0  1
 -1.9029650137164394e-01  0  0  0  0  0  0  0  0  0  2  2  0  0  1  0  0
  1.8422612410999972e-02  0  0  0  0  0  0  0  0  0  0  0  0  0  1  2  2
 -1.1297238653599083e-01  0  0  0  0  0  0  0  0  0  3  1  0  0  0  1  0
  5.9634081706408077e-05  0  0  0  0  0  0  1  0  0  0  0  0  1  0  0  3
  4.4573692889319137e-02  0  0  0  0  0  0  0  0  0  1  0  2  0  2  0  0
  2.8339149576633950e-02  0  0  0  0  0  0  0  0  0  0  1  0  1  0  2  1
  6.8878104057201847e-05  1  0  1  0  0  0  0  0  0  0  0  0  0  2  0  1
 -4.3509275984067210e-02  0  0  0  0  0  0  0  0  0  1  2  2  0  0  0  0
  4.9453235324498219e-07  0  0  0  0  4  1  0  0  0  0  0  0  0  0  0  0
  1.1796723342516161e-10  0  0  0  1  1  0  1  0  0  0  0  0  0  0  0  0
 -2.1146941815941873e-07  2  1  2  0  0  0  0  0  0  0  0  0  0  0  0  0
 -2.9689586802514413e-05  0  0  0  0  0  3  0  0  0  0  0  0  2  0  0  0
 -2.4428993481587593e-11  0  0  0  0  0  1  0  1  0  0  0  1  0  0  0  0
  3.5081797562566057e-04  0  1  0  0  0  0  0  0  0  0  0  0  0  2  2  0
  7.0466692295216655e-07  0  0  0  0  0  1  0  0  0  0  0  0  0  0  2  0
 -1.5747772127701265e-08  1  0  1  1  0  0  0  0  0  0  0  0  0  0  0  0
 -1.5904445390158478e-04  0  0  0  1  0  0  0  0  0  0  0  0  0  1  2  1
 -1.9280437284972335e-02  0  0  0  0  0  0  0  0  0  0  0  2  0  3  0  0
  8.6544178233595323e-02  0  0  0  0  0  0  0  0  0  1  0  1  1  1  1  0
 -1.5915571720104767e-02  0  0  0  0  0  0  0  0  0  0  0  0  0  3  0  2
 -1.2468250142058268e-05  1  1  0  0  0  0  0  0  0  0  0  0  1  0  2  0
  8.8144861246269954e-05  0  0  2  0  0  0  0  0  0  0  0  0  0  1  2  0
 -1.4145947506674114e-11  0  0  1  0  0  0  0  0  0  1  0  0  0  0  1  0
 -6.0704972890360449e-04  0  0  0  0  0  1  0  1  0  0  0  0  0  2  0  1
 -1.7683368889617037e-05  0  2  2  0  0  0  0  0  0  0  0  0  0  1  0  0
  3.3040050544252242e-02  0  0  0  0  0  0  0  0  0  0  0  1  0  3  0  1
 -9.1385825880389279e-02  0  0  0  0  0  0  0  0  1  0  1  1  0  2  0  0
  5.9498985703511319e-10  0  0  0  0  0  1  0  0  0  1  0  0  0  1  0  0
  5.0634005724643787e-08  1  0  0  1  0  0  0  0  0  0  0  0  0  0  1  0
 -9.9200625812398153e-04  0  0  0  0  0  2  0  0  0  0  0  0  0  1  2  0
  1.2276578273616620e-02  0  0  0  0  0  0  0  0  3  0  0  1  0  0  1  0
 -5.5830729724918132e-05  0  0  2  0  0  0  0  0  0  0  0  0  2  1  0  0
  1.4759460762239159e-10  0  1  0  0  0  0  0  0  0  0  1  0  0  0  1  0
  2.8496536643610774e-05  1  1  0  0  0  0  0  0  0  0  0  0  1  2  0  0
  7.4710241108680259e-11  0  0  1  0  0  0  0  0  1  0  0  1  0  0  0  0
  8.4883450613899611e-02  0  0  0  0  0  0  0  0  0  0  1  0  0  3  1  0
 -9.4415890200222016e-04  0  0  0  0  1  1  0  1  0  0  0  0  0  1  1  0
 -3.8882550052235509e-02  0  0  0  0  0  0  0  0  0  0  1  0  1  2  0  1
  6.4542278399539961e-06  0  0  0  0  0  4  0  0  0  0  0  0  0  1  0  0
  1.3863153067588412e-05  1  0  0  2  0  0  0  0  0  0  0  0  0  0  1  1
 -4.3272089116797675e-02  0  0  0  0  0  0  0  0  0  1  0  1  2  0  0  1
  1.4278214177863052e-02  0  0  0  0  0  0  0  0  0  0  0  3  1  0  1  0
  1.9909039116715974e-10  0  0  1  0  0  0  0  0  0  1  1  0  0  0  0  0
  6.6257961523826681e-06  0  0  0  0  0  0  0  0  0  0  1  1  1  0  0  0
 -1.2468250142058263e-05  1  1  0  0  0  0  0  0  0  0  0  0  1  0  0  2
  1.0155535237264854e-05  0  0  0  0  0  0  0  0  1  0  1  0  0  0  0  1
 -3.5846071891836029e-04  0  0  0  0  1  0  1  1  0  0  0  0  0  2  0  0
 -8.6544178233595337e-02  0  0  0  0  0  0  0  0  1  0  1  0  1  1  1  0
  2.8339149576633946e-02  0  0  0  0  0  0  0  0  0  0  0  1  1  0  1  2
  4.1194788977652622e-02  0  0  0  0  0  0  0  0  0  0  2  1  1  0  1  0
 -1.6192916686596586e-06  1  1  2  0  0  0  0  0  0  0  0  0  1  0  0  0
 -1.6751717846488452e-02  0  0  0  0  0  0  0  0  0  1  0  0  0  0  4  0
 -5.0585066078967011e-02  0  0  0  0  0  0  0  0  1  0  0  1  0  0  1  2
  7.2648041735539114e-06  1  2  0  1  0  0  0  0  0  0  0  0  0  0  1  0
  1.0942873681349587e-03  0  0  0  0  0  2  1  0  0  0  0  0  0  1  1  0
 -1.1725831648347072e-04  0  0  0  0  0  0  0  2  0  0  0  0  1  0  1  1
  5.1326904722557336e-08  0  1  0  0  0  0  0  0  0  0  0  0  0  0  0  2
  4.4029623560453302e-07  1  0  1  3  0  0  0  0  0  0  0  0  0  0  0  0
  3.0583008460155206e-05  0  0  0  0  0  0  4  0  0  0  0  0  0  1  0  0
  3.1321220264409498e-02  0  0  0  0  0  0  0  0  0  1  0  0  0  2  0  2
 -9.7813078050990672e-04  0  0  0  0  0  1  0  0  0  0  0  0  1  1  1  1
  2.2218571839366582e-12  0  0  1  1  0  0  0  0  1  0  0  0  0  0  0  0
  2.1230419848698716e-06  0  0  1  2  0  0  0  0  0  0  0  0  1  0  0  1
 -1.2964561555064273e-05  2  0  1  0  0  0  0  0  0  0  0  0  0  1  1  0
 -6.1415557354937188e-03  0  0  0  0  0  0  0  0  2  3  0  0  0  0  0  0
 -1.7420911869784643e-10  1  0  0  0  0  0  0  0  0  0  0  1  0  0  1  0
  3.4635918388003844e-04  0  0  0  0  1  0  0  2  0  0  0  0  1  1  0  0
 -9.9258469665189196e-12  0  0  0  0  0  0  1  1  1  0  0  0  0  0  0  0
 -1.6836974176014468e-04  0  1  0  0  0  0  0  0  0  0  0  0  1  1  1  1
  7.5952313203541004e-05  0  0  0  0  0  1  0  1  0  0  0  0  0  0  0  3
  4.5319839589902808e-02  0  0  0  0  0  0  0  0  0  1  2  0  2  0  0  0
 -8.3429115935125912e-10  0  0  0  0  1  0  0  0  0  0  0  1  0  0  1  0
 -5.0241470359963368e-02  0  0  0  0  0  0  0  0  0  0  2  0  0  3  0  0
 -1.0958904766276088e-06  0  0  0  0  0  1  0  0  0  0  0  0  0  2  0  0
 -9.0610392087661067e-03  0  0  0  0  0  0  0  0  3  0  0  0  0  0  1  1
  6.5329575272788387e-05  0  2  0  0  0  0  0  0  0  0  0  0  0  3  0  0
 -4.3237702376878281e-02  0  0  0  0  0  0  0  0  0  0  0  1  0  1  2  1
 -2.7146867163526349e-04  0  0  0  0  0  0  0  2  0  0  0  0  0  3  0  0
 -6.9295700819058703e-06  0  0  0  2  0  0  0  0  0  0  0  0  1  0  1  1
 -3.0813072228829924e-02  0  0  0  0  0  0  0  0  2  1  0  0  0  2  0  0
 -4.8906539025495347e-04  0  0  0  0  1  0  0  0  0  0  0  0  2  0  1  1
 -8.7453420051102860e-05  0  0  0  0  0  1  2  0  0  0  0  0  0  0  0  2
 -1.2960850017411841e-02  0  0  0  0  0  0  0  0  0  0  0  1  3  0  1  0
  4.1194788977652635e-02  0  0  0  0  0  0  0  0  0  0  1  2  1  0  0  1
  2.1230419848698716e-06  0  0  2  1  0  0  0  0  0  0  0  0  1  0  1  0
 -1.0817270542689398e-12  1  1  0  0  1  0  0  0  0  0  0  0  0  0  0  0
 -2.6057419312638431e-02  0  0  0  0  0  0  0  0  1  0  0  3  0  0  1  0
  8.7655246684658433e-12  0  0  1  0  0  1  1  0  0  0  0  0  0  0  0  0
  7.9577858600523854e-03  0  0  0  0  0  0  0  0  0  0  0  0  4  1  0  0
  1.2269761888297726e-10  0  0  0  0  2  0  0  0  0  1  0  0  0  0  0  0
  2.2007530960865133e-05  0  2  0  0  0  0  0  0  0  0  0  0  0  1  0  2
 -1.3100794364822513e-05  0  0  0  0  0  0  0  0  0  0  0  0  0  1  2  0
 -6.1686299163673734e-02  0  0  0  0  0  0  0  0  0  0  1  0  0  1  3  0
  6.8479531075287195e-08  0  0  0  0  0  1  0  2  0  0  0  0  0  0  0  0
 -5.7427843459610408e-06  0  0  1  1  0  0  0  0  0  0  0  0  1  0  2  0
 -3.4848461641004007e-11  0  0  1  0  0  0  0  0  0  0  0  1  1  0  0  0
  3.3816331123906262e-04  0  0  0  0  2  0  0  0  0  0  0  0  2  1  0  0
 -1.2771880170380807e-05  0  0  1  0  0  0  0  0  0  0  0  0  3  0  0  1
 -3.6529682554253619e-07  0  0  0  0  0  1  0  0  0  0  0  0  2  0  0  0
  1.6675642418010319e-11  0  0  0  0  1  0  1  0  0  0  0  1  0  0  0  0
  3.6955636670271849e-08  0  5  0  0  0  0  0  0  0  0  0  0  0  0  0  0
  1.7145939812135205e-05  0  0  0  0  1  0  3  1  0  0  0  0  0  0  0  0
  1.2369878597906569e-10  0  0  0  0  0  0  1  0  1  0  0  1  0  0  0  0
  1.3885096853508683e-10  0  1  0  0  0  0  0  0  0  1  0  0  0  1  0  0
  2.9557812460241462e-02  0  0  0  0  0  0  0  0  1  0  1  3  0  0  0  0
  5.9634081706408070e-05  0  0  0  0  0  0  0  1  0  0  0  0  1  0  3  0
  4.3272089116797668e-02  0  0  0  0  0  0  0  0  1  0  1  0  2  0  0  1
  3.4843381376772314e-02  0  0  0  0  0  0  0  0  2  0  0  0  1  0  1  1
  3.6955636670271855e-08  4  1  0  0  0  0  0  0  0  0  0  0  0  0  0  0
 -1.9950298568297796e-02  0  0  0  0  0  0  0  0  0  1  0  0  0  0  2  2
 -5.9892236621386258e-05  0  0  0  0  0  2  0  1  0  0  0  0  1  0  1  0
 -4.3496570105729787e-12  0  0  0  1  0  0  1  0  0  0  0  0  1  0  0  0
 -2.6785980715802628e-10  1  0  0  0  0  0  0  1  0  0  0  0  0  0  1  0
  5.8364160295412158e-02  0  0  0  0  0  0  0  0  1  0  2  0  0  0  1  1
  8.0403077965962881e-06  1  0  2  0  0  0  0  0  0  0  0  0  1  1  0  0
 -1.2771880170380805e-05  0  0  0  1  0  0  0  0  0  0  0  0  3  0  1  0
 -3.0582833634900452e-02  0  0  0  0  0  0  0  0  0  1  0  2  0  0  2  0
  1.4278214177863053e-02  0  0  0  0  0  0  0  0  0  0  3  0  1  0  0  1
  1.3065469354575719e-02  0  0  0  0  0  0  0  0  2  0  0  0  0  3  0  0
  6.4091713642059326e-05  0  0  0  0  0  1  0  2  0  0  0  0  2  0  0  0
 -1.0298482167562416e-04  0  0  0  0  0  0  1  1  0  0  0  0  1  0  2  0
  8.9865974824289447e-06  1  1  0  1  0  0  0  0  0  0  0  0  1  0  0  1
 -5.9892236621386258e-05  0  0  0  0  2  0  1  0  0  0  0  0  1  0  0  1
 -8.0645156880119912e-06  0  0  0  0  0  0  0  0  0  0  0  2  0  1  0  0
  1.1447498771128560e-07  3  0  1  1  0  0  0  0  0  0  0  0  0  0  0  0
  6.6694639603799173e-05  0  0  0  0  0  0  1  1  0  0  0  0  3  0  0  0
 -1.0398580456896395e-07  0  0  0  2  0  0  0  0  0  0  0  0  0  1  0  0
 -1.4530459523536364e-05  1  0  0  1  0  0  0  0  0  0  0  0  0  0  3  0
 -3.8757183244837236e-06  0  1  0  0  0  0  0  0  0  0  0  0  0  0  0  4
 -3.5019883324850421e-09  2  1  0  0  0  0  0  0  0  0  0  0  0  0  0  0
 -3.4760953822467834e-02  0  0  0  0  0  0  0  0  0  0  0  2  2  1  0  0
 -1.5818619259194978e-10  0  0  0  0  1  0  0  0  0  0  1  0  0  0  0  1
 -1.0271024076276643e-02  0  0  0  0  0  0  0  0  0  3  0  0  2  0  0  0
 -2.0706928219101587e-03  0  0  0  0  0  1  1  0  0  0  0  0  0  2  1  0
  4.0201538982981449e-06  0  1  0  2  0  0  0  0  0  0  0  0  2  0  0  0
  7.5472506818403040e-05  0  0  0  2  0  0  0  0  0  0  0  0  0  1  0  2
  2.2572626822370922e-07  0  0  0  0  0  1  2  0  0  0  0  0  0  0  0  0
 -9.6994430448133077e-08  0  3  0  2  0  0  0  0  0  0  0  0  0  0  0  0
 -1.0975702597919788e-04  1  1  0  1  0  0  0  0  0  0  0  0  0  1  1  0
 -3.0009731576562267e-04  0  0  0  0  0  2  2  0  0  0  0  0  0  1  0  0
  1.0937009903534302e-10  0  1  1  0  0  0  1  0  0  0  0  0  0  0  0  0
 -2.3357736491405221e-04  0  1  1  0  0  0  0  0  0  0  0  0  0  2  1  0
 -1.2167681103853022e-09  0  0  0  0  0  0  0  1  0  0  0  1  0  1  0  0
 -1.8604667268233255e-05  0  0  3  0  0  0  0  0  0  0  0  0  0  1  1  0
  6.2899811031510877e-02  0  0  0  0  0  0  0  0  1  0  1  1  0  0  2  0
  7.2509954049381902e-05  1  0  0  0  0  0  0  0  0  0  0  0  1  1  2  0
  2.2156348554205980e-04  0  0  0  0  1  1  0  1  0  0  0  0  1  0  0  1
 -4.8441767585507009e-05  1  0  1  0  0  0  0  0  0  0  0  0  1  1  1  0
 -1.6507572230207114e-05  0  0  0  0  0  2  0  2  0  0  0  0  0  1  0  0
 -7.6805184278809071e-05  0  0  0  0  0  2  1  0  0  0  0  0  1  0  0  1
  1.9846617026136009e-11  2  0  0  0  0  0  0  0  0  1  0  0  0  0  0  0
  3.9300201135279342e-04  0  0  0  0  1  1  0  0  0  0  0  0  1  2  0  0
  9.2242983933977230e-03  0  0  0  0  0  0  0  0  0  0  0  1  1  0  3  0
 -1.8811128765852579e-10  0  0  0  1  1  0  0  0  0  0  0  0  0  0  1  0
 -1.9583970529729811e-04  0  0  0  0  1  1  0  0  0  0  0  0  1  0  0  2
  4.3387852743920910e-05  0  0  0  0  2  1  0  2  0  0  0  0  0  0  0  0
 -1.8858135758936304e-05  1  2  0  0  0  0  0  0  0  0  0  0  0  0  1  1
 -2.7032135192508064e-02  0  0  0  0  0  0  0  0  0  0  0  0  2  1  0  2
  1.1582209277305000e-01  0  0  0  0  0  0  0  0  2  0  0  1  0  1  0  1
  1.3553137124679100e-02  0  0  0  0  0  0  0  0  1  0  0  0  0  0  3  1
 -2.1313064743635427e-02  0  0  0  0  0  0  0  0  0  2  0  0  0  1  0  2
 -3.7955475138776238e-07  0  0  0  0  0  0  0  2  0  0  0  0  0  1  0  0
 -8.8265062045727757e-06  0  0  0  0  0  0  0  0  1  0  0  0  0  0  1  1
  4.4483263254010855e-04  0  0  0  0  1  0  0  0  0  0  0  0  1  1  2  0
 -1.1943319088676318e-05  0  0  0  0  0  0  0  0  0  1  0  1  0  0  0  1
  1.5730036932936030e-02  0  0  0  0  0  0  0  0  3  1  0  0  1  0  0  0
 -1.2209271226700048e-07  0  0  0  0  0  0  1  0  0  0  0  0  1  0  0  1
 -7.3059365108507238e-07  0  0  0  0  1  0  0  0  0  0  0  0  1  1  0  0
 -6.5371937353753511e-08  0  1  0  4  0  0  0  0  0  0  0  0  0  0  0  0
  8.4925000410796469e-05  0  0  0  0  0  1  2  1  0  0  0  0  0  0  0  1
  2.1433036579794359e-07  0  0  0  0  0  1  0  0  0  0  0  0  0  0  0  2
 -9.3059972090434255e-06  1  0  1  1  0  0  0  0  0  0  0  0  2  0  0  0
 -4.9205165183960520e-10  0  0  0  0  0  1  0  0  0  2  0  0  0  0  0  0
 -4.2571447980437493e-02  0  0  0  0  0  0  0  0  0  0  1  0  0  1  1  2
 -3.8186161941931265e-02  0  0  0  0  0  0  0  0  0  1  0  0  2  2  0  0
  1.2279748646531064e-03  0  0  0  0  1  0  0  0  0  0  0  0  1  1  0  2
 -4.6404950372234598e-02  0  0  0  0  0  0  0  0  1  1  0  0  1  0  2  0
 -5.2771341599064672e-02  0  0  0  0  0  0  0  0  1  0  1  1  2  0  0  0
  2.8553112136764982e-04  0  0  0  0  1  0  0  1  0  0  0  0  2  0  1  0
  1.2130607167847510e-01  0  0  0  0  0  0  0  0  0  1  3  0  0  0  1  0
  1.1203775679940266e-01  0  0  0  0  0  0  0  0  0  0  2  0  0  1  2  0
  4.6331884177047876e-05  2  0  0  0  0  0  0  0  0  0  0  0  0  3  0  0
  4.3060242716990017e-06  0  0  1  1  0  0  0  0  0  0  0  0  3  0  0  0
 -1.7367511346461581e-05  0  0  1  2  0  0  0  0  0  0  0  0  0  1  1  0
 -1.7644736338495299e-02  0  0  0  0  0  0  0  0  1  0  0  1  0  0  3  0
  9.2482314841553985e-06  2  1  0  0  0  0  0  0  0  0  0  0  0  0  0  2
 -8.1788674065129104e-04  0  0  0  0  0  0  1  0  0  0  0  0  0  1  3  0
  7.8316289959813139e-06  0  0  0  0  3  1  0  0  0  0  0  0  1  0  0  0
  4.7455790036256568e-06  0  0  0  0  0  0  0  0  0  0  0  0  1  0  1  1
 -7.3628766221817325e-12  0  0  1  1  1  0  0  0  0  0  0  0  0  0  0  0
  6.4262743726553203e-10  0  0  0  0  1  0  0  0  1  0  0  0  0  1  0  0
 -5.7929410386179954e-10  0  0  1  0  0  0  1  0  0  0  0  0  0  1  0  0
 -1.5228143093267151e-04  0  0  0  0  0  1  0  0  0  0  0  0  4  0  0  0
  1.6107805690169748e-04  0  0  0  0  0  1  0  2  0  0  0  0  0  2  0  0
 -7.8637462421192337e-07  3  0  1  0  0  0  0  0  0  0  0  0  0  0  0  1
  1.4660145705979885e-01  0  0  0  0  0  0  0  0  1  1  0  0  0  1  1  1
  1.6745245174156498e-04  0  0  0  0  1  0  0  0  0  0  0  0  0  0  1  3
  3.6386356837431482e-07  0  0  0  0  3  0  1  1  0  0  0  0  0  0  0  0
  9.5363785001814193e-12  0  1  0  0  0  0  0  2  0  0  0  0  0  0  0  0
  5.5073585984453835e-04  0  0  0  0  0  1  2  0  0  0  0  0  0  2  0  0
 -8.8747300025650411e-05  0  0  0  0  1  2  1  1  0  0  0  0  0  0  0  0
 -1.5087045874170312e-05  2  0  0  2  0  0  0  0  0  0  0  0  0  1  0  0
  1.0224065894943689e-05  0  0  0  0  0  0  0  0  2  0  0  0  0  1  0  0
 -3.3348852656941068e-11  0  0  0  2  0  1  0  0  0  0  0  0  0  0  0  0
  7.7168308560910765e-12  1  0  0  0  0  0  0  0  0  1  0  0  1  0  0  0
 -2.6145558514822143e-07  0  0  3  1  0  0  0  0  0  0  0  0  1  0  0  0
 -7.3057775705993006e-02  0  0  0  0  0  0  0  0  0  1  0  0  1  1  1  1
 -3.4621345611886366e-02  0  0  0  0  0  0  0  0  2  1  1  0  0  0  1  0
 -1.5513266006847776e-04  0  1  0  0  0  0  0  0  0  0  0  0  0  4  0  0
  1.3115535258953856e-02  0  0  0  0  0  0  0  0  0  0  0  0  0  1  4  0
 -5.0566817295828653e-07  0  1  4  0  0  0  0  0  0  0  0  0  0  0  0  0
  1.2644214928646476e-05  0  1  2  0  0  0  0  0  0  0  0  0  2  0  0  0
 -6.7969408923072145e-04  0  0  0  0  0  0  1  0  0  0  0  0  0  1  1  2
  4.5904967508772504e-04  0  0  0  0  0  0  0  2  0  0  0  0  0  1  0  2
  2.7614487174311221e-05  0  1  1  0  0  0  0  0  0  0  0  0  0  0  1  2
 -3.6578044022387323e-10  0  0  0  0  1  0  0  1  0  0  1  0  0  0  0  0
  4.6429113873341819e-05  0  1  1  0  0  0  0  0  0  0  0  0  0  0  3  0
 -2.6145558514822138e-07  0  0  1  3  0  0  0  0  0  0  0  0  1  0  0  0
  4.3023989175546592e-05  0  0  0  0  0  3  2  0  0  0  0  0  0  0  0  0
 -6.0136753996617138e-05  0  0  2  0  0  0  0  0  0  0  0  0  0  3  0  0
 -5.2090836021101877e-12  1  0  1  0  0  0  0  1  0  0  0  0  0  0  0  0
 -5.1524705453219133e-05  0  0  0  2  0  0  0  0  0  0  0  0  0  3  0  0
 -1.6753460246461172e-02  0  0  0  0  0  0  0  0  0  0  3  1  1  0  0  0
 -3.7263237086477934e-04  0  0  0  0  0  0  1  0  0  0  0  0  1  2  0  1
 -1.0991273803516904e-04  0  0  0  0  1  2  0  0  0  0  0  0  1  1  0  0
  1.6452514106951317e-05  0  0  0  0  0  0  0  0  0  0  0  0  0  3  0  0
 -3.4843381376772307e-02  0  0  0  0  0  0  0  0  0  0  2  0  1  0  1  1
 -4.3699045768596782e-02  0  0  0  0  0  0  0  0  2  0  0  1  1  0  1  0
  1.9974916244603680e-02  0  0  0  0  0  0  0  0  0  4  0  0  0  1  0  0
  6.3725046594500040e-02  0  0  0  0  0  0  0  0  1  0  0  0  1  1  0  2
  3.7375738367378070e-05  0  0  0  2  0  0  0  0  0  0  0  0  0  1  2  0
 -3.9219910095329978e-06  3  0  0  0  0  0  0  0  0  0  0  0  1  1  0  0
  4.6916398168999392e-04  0  0  0  0  0  2  0  0  0  0  0  0  0  3  0  0
 -1.6753460246461176e-02  0  0  0  0  0  0  0  0  0  0  1  3  1  0  0  0
  2.0081450732940744e-06  2  1  1  0  0  0  0  0  0  0  0  0  0  0  1  0
 -2.8311509698518555e-01  0  0  0  0  0  0  0  0  0  1  1  0  0  2  1  0
  2.6103925592710157e-05  1  0  0  0  0  0  0  0  0  0  0  0  0  0  1  3
  3.5850738126837707e-11  0  0  0  0  0  1  0  0  2  0  0  0  0  0  0  0
  1.3297007845806128e-10  0  0  0  0  0  2  0  0  0  1  0  0  0  0  0  0
  3.4760953822467834e-02  0  0  0  0  0  0  0  0  0  2  0  0  2  1  0  0
  9.2242983933977212e-03  0  0  0  0  0  0  0  0  0  0  1  0  1  0  0  3
 -2.9979643917193883e-05  0  1  0  0  0  0  0  0  0  0  0  0  0  0  4  0
 -3.8315640511142417e-05  0  0  1  0  0  0  0  0  0  0  0  0  1  2  0  1
  3.5900571249321083e-04  0  0  0  1  0  0  0  0  0  0  0  0  0  3  0  1
 -8.7453420051102860e-05  0  0  0  0  0  1  0  2  0  0  0  0  0  0  2  0
 -1.8615919208217336e-04  0  1  0  0  0  0  0  0  0  0  0  0  2  2  0  0
  3.4843381376772307e-02  0  0  0  0  0  0  0  0  0  2  0  0  1  0  1  1
 -1.4939745132700304e-04  0  0  0  0  2  1  0  1  0  0  0  0  0  0  0  1
  1.3045398638799229e-06  2  0  2  0  0  0  0  0  0  0  0  0  0  1  0  0
 -5.1952214662917058e-06  1  2  0  0  0  0  0  0  0  0  0  0  1  1  0  0
 -3.6533544222154338e-02  0  0  0  0  0  0  0  0  0  1  4  0  0  0  0  0
 -6.9861857723847504e-04  0  0  0  0  0  0  0  1  0  0  0  0  0  1  2  1
  3.6188952631433237e-05  0  0  2  0  0  0  0  0  0  0  0  0  0  1  0  2
 -1.5595739220265186e-05  0  0  0  3  0  0  0  0  0  0  0  0  0  1  0  1
 -1.3069283718862225e-03  0  0  0  0  1  0  0  1  0  0  0  0  1  1  0  1
  2.3155044219824676e-04  0  0  0  0  0  0  0  2  0  0  0  0  0  1  2  0
 -8.4963233517204644e-07  1  0  3  0  0  0  0  0  0  0  0  0  0  0  0  1
 -2.6507102029574875e-10  0  0  0  0  0  1  0  0  0  0  0  1  0  0  0  1
  1.1116563472403307e-02  0  0  0  0  0  0  0  0  0  0  0  0  3  0  1  1
 -1.3774011560273173e-06  0  0  0  0  4  0  0  0  0  0  0  0  0  1  0  0
  1.9782673312697773e-04  0  0  0  0  0  0  1  0  0  0  0  0  1  0  2  1
 -1.5016590077719016e-01  0  0  0  0  0  0  0  0  0  1  2  0  0  0  2  0
  1.7145939812135201e-05  0  0  0  0  1  0  1  3  0  0  0  0  0  0  0  0
  7.3602646169270368e-04  0  0  0  0  2  0  0  1  0  0  0  0  0  1  0  1
  2.2546996712799606e-05  0  0  0  0  0  0  0  0  1  1  0  0  1  0  0  0
 -4.3306333844555890e-06  1  0  2  1  0  0  0  0  0  0  0  0  0  0  1  0
  5.6975467461170830e-04  0  0  0  0  0  1  0  0  0  0  0  0  0  2  0  2
  1.8589428362776044e-05  0  0  0  0  2  1  1  0  0  0  0  0  0  0  1  0
  5.1745820518555310e-06  0  0  1  0  0  0  0  0  0  0  0  0  1  0  0  3
 -2.6113442036196057e-04  0  0  0  0  1  2  0  0  0  0  0  0  0  0  1  1
  4.4543893045288316e-02  0  0  0  0  0  0  0  0  1  0  0  1  2  0  1  0
 -1.5657458561444071e-04  0  0  1  0  0  0  0  0  0  0  0  0  0  1  1  2
  2.7972831053517508e-04  0  0  0  0  0  1  1  0  0  0  0  0  0  0  1  2
 -5.9379173605028806e-05  0  0  0  0  3  0  0  0  0  0  0  0  1  1  0  0
 -4.8586888142667373e-02  0  0  0  0  0  0  0  0  0  3  0  0  0  2  0  0
 -1.7810120431144841e-01  0  0  0  0  0  0  0  0  1  1  0  1  0  1  1  0
 -6.9513353192172805e-02  0  0  0  0  0  0  0  0  2  0  0  2  0  1  0  0
 -1.1365279368457931e-05  0  0  0  0  0  0  1  3  0  0  0  0  1  0  0  0
 -1.2410612805478224e-04  1  0  0  0  0  0  0  0  0  0  0  0  3  1  0  0
 -7.8084581069077482e-03  0  0  0  0  0  0  0  0  0  0  0  0  1  0  1  3
  2.6091378073690663e-02  0  0  0  0  0  0  0  0  0  0  2  0  0  1  0  2
  1.5520718759715304e-04  0  0  0  0  1  2  0  1  0  0  0  0  0  0  1  0
 -1.0152326251903316e-04  0  0  0  0  1  0  2  1  0  0  0  0  0  0  1  0
  5.4809450889223073e-02  0  0  0  0  0  0  0  0  2  1  0  2  0  0  0  0
 -1.8871174206627395e-06  1  0  0  3  0  0  0  0  0  0  0  0  0  0  1  0
  3.0920367291305197e-10  0  1  0  0  0  1  0  0  0  0  0  0  0  1  0  0
  3.0379466420239751e-11  0  2  0  0  0  1  0  0  0  0  0  0  0  0  0  0
  6.0298980547996825e-06  0  1  3  0  0  0  0  0  0  0  0  0  0  0  1  0
 -3.1538786578110823e-06  0  0  0  0  0  1  0  4  0  0  0  0  0  0  0  0
 -2.3301492226158769e-02  0  0  0  0  0  0  0  0  1  0  3  0  0  0  0  1
  3.2931482989648962e-06  0  1  2  1  0  0  0  0  0  0  0  0  0  0  0  1
  8.9865974824289447e-06  1  1  1  0  0  0  0  0  0  0  0  0  1  0  1  0
  3.9805037703303027e-05  0  0  0  0  2  0  1  1  0  0  0  0  1  0  0  0
 -9.7514957481731369e-03  0  0  0  0  0  0  0  0  2  0  0  0  0  1  2  0
  5.1745820518555310e-06  0  0  0  1  0  0  0  0  0  0  0  0  1  0  3  0
  6.6634705111784072e-09  0  1  0  2  0  0  0  0  0  0  0  0  0  0  0  0
 -7.5952313203541004e-05  0  0  0  0  1  0  1  0  0  0  0  0  0  0  0  3
  8.8588606309819940e-07  0  0  3  0  0  0  0  0  0  0  0  0  1  0  0  1
  7.1947160139677890e-02  0  0  0  0  0  0  0  0  0  1  2  1  0  0  0  1
  1.9819640159448237e-04  0  0  0  0  1  0  1  1  0  0  0  0  0  0  2  0
 -1.5202702570630192e-01  0  0  0  0  0  0  0  0  1  0  0  1  1  1  0  1
  1.2918072815097008e-05  0  0  1  1  0  0  0  0  0  0  0  0  1  2  0  0
  1.6745245174156498e-04  0  0  0  0  1  0  0  0  0  0  0  0  0  0  3  1
  6.0704972890360438e-04  0  0  0  0  1  0  1  0  0  0  0  0  0  2  0  1
 -5.7104011031204009e-07  0  1  2  2  0  0  0  0  0  0  0  0  0  0  0  0
 -1.1365279368457933e-05  0  0  0  0  0  0  3  1  0  0  0  0  1  0  0  0
 -7.9072971774938684e-10  0  0  0  0  0  1  0  0  0  0  2  0  0  0  0  0
  1.3226748501404849e-10  0  0  0  1  0  1  0  1  0  0  0  0  0  0  0  0
 -8.4925000410796455e-05  0  0  0  0  1  0  1  2  0  0  0  0  0  0  0  1
 -1.5778565087013547e-02  0  0  0  0  0  0  0  0  1  0  1  0  0  0  0  3
 -2.8266565274624416e-07  0  1  0  0  0  0  0  0  0  0  0  0  0  2  0  0
 -3.8882550052235523e-02  0  0  0  0  0  0  0  0  0  0  0  1  1  2  1  0
  5.2025194898481009e-02  0  0  0  0  0  0  0  0  1  0  2  0  1  1  0  0
  9.7703134678706483e-07  2  0  1  1  0  0  0  0  0  0  0  0  1  0  0  0
  4.4601642793479010e-10  0  0  0  1  0  0  0  0  0  1  0  1  0  0  0  0
  3.3117877813941206e-11  0  1  1  0  0  0  0  0  0  0  1  0  0  0  0  0
 -6.5196017426788495e-06  0  3  0  0  0  0  0  0  0  0  0  0  0  2  0  0
  7.8557120710132322e-02  0  0  0  0  0  0  0  0  1  0  0  1  0  2  1  0
  1.2043449983742010e-11  1  1  0  0  0  0  0  0  1  0  0  0  0  0  0  0
  1.0049285213750241e-07  2  0  0  0  0  0  0  0  0  0  0  0  0  1  0  0
  9.7703134678706462e-07  0  2  1  1  0  0  0  0  0  0  0  0  1  0  0  0
 -5.7427843459610408e-06  0  0  1  1  0  0  0  0  0  0  0  0  1  0  0  2
 -4.1593362171529546e-11  1  0  0  1  0  0  0  0  0  0  1  0  0  0  0  0
  1.9394565711781139e-03  0  0  0  0  0  1  0  0  0  0  0  0  0  2  2  0
 -2.4237292204617900e-07  0  0  0  0  0  1  0  1  0  0  0  0  0  0  0  1
  2.4641824002757957e-05  0  0  0  0  0  0  0  0  0  0  1  0  0  1  1  0
  3.1394868722985197e-01  0  0  0  0  0  0  0  0  0  2  1  0  0  1  1  0
  1.2818342728411865e-04  0  0  0  0  1  0  2  0  0  0  0  0  1  1  0  0
  1.8730113744448940e-10  0  0  0  0  0  1  0  0  0  0  0  2  0  0  0  0
  1.3713880618075219e-03  0  0  0  0  0  0  0  1  0  0  0  0  2  1  0  1
 -2.3818790115204786e-11  0  0  0  0  1  0  0  0  0  1  0  0  1  0  0  0
 -4.2374818534952396e-07  0  4  0  0  0  0  0  0  0  0  0  0  0  1  0  0
  4.7823332865628621e-04  0  0  0  0  0  1  0  1  0  0  0  0  1  1  1  0
 -9.8800003816328851e-06  0  0  0  0  0  0  0  0  2  1  0  0  0  0  0  0
  7.9577858600523767e-03  0  0  0  0  0  0  0  0  0  0  0  0  0  5  0  0
 -1.2722076223679513e-03  0  0  0  0  1  0  0  0  0  0  0  0  0  2  1  1
  2.7170913599077643e-02  0  0  0  0  0  0  0  0  0  0  0  2  0  1  2  0
  4.8415319137830692e-07  0  0  0  0  0  2  0  0  0  0  0  0  0  1  0  0
 -2.0299818469946291e-05  0  0  0  0  0  1  4  0  0  0  0  0  0  0  0  0
 -2.6554119269740091e-05  1  0  1  1  0  0  0  0  0  0  0  0  0  2  0  0
 -7.6140715466335750e-04  0  0  0  0  0  1  0  0  0  0  0  0  0  4  0  0
 -2.9523385398047742e-04  0  0  0  0  0  1  1  1  0  0  0  0  0  0  1  1
 -7.3761074137332246e-11  0  1  0  0  0  0  0  0  0  0  0  1  0  0  0  1
  1.3738837469382968e-05  0  0  0  0  0  0  0  0  0  0  0  1  0  1  0  1
 -7.6013512853150958e-02  0  0  0  0  0  0  0  0  0  1  1  0  2  0  1  0
  2.6539984537839954e-04  0  0  0  0  0  1  0  1  0  0  0  0  0  0  2  1
 -3.6528887852996503e-02  0  0  0  0  0  0  0  0  1  0  0  0  2  0  1  1
  3.1862523297250027e-02  0  0  0  0  0  0  0  0  0  1  0  0  2  0  2  0
  6.6519590026790101e-07  0  0  0  1  0  0  0  0  0  0  0  0  0  1  0  1
  7.3911273340543710e-08  2  3  0  0  0  0  0  0  0  0  0  0  0  0  0  0
 -2.4749572073385839e-11  0  0  0  2  0  0  0  0  0  1  0  0  0  0  0  0
 -5.5966151759410189e-07  4  0  0  0  0  0  0  0  0  0  0  0  0  1  0  0
  5.7106224273529974e-04  0  0  0  0  0  1  1  0  0  0  0  0  1  1  0  1
  2.2411242638879668e-08  0  1  2  0  0  0  0  0  0  0  0  0  0  0  0  0
 -6.9295700819058703e-06  0  0  2  0  0  0  0  0  0  0  0  0  1  0  1  1
  6.9075495267485551e-08  0  0  0  0  0  0  1  1  0  0  0  0  1  0  0  0
 -3.9523254472122451e-08  0  0  0  0  2  1  0  0  0  0  0  0  0  0  0  0
 -3.7263237086477934e-04  0  0  0  0  0  0  0  1  0  0  0  0  1  2  1  0
 -1.1032913802438031e-01  0  0  0  0  0  0  0  0  1  2  1  1  0  0  0  0
  3.7530282291801820e-10  1  0  0  0  1  0  0  0  0  0  0  0  0  1  0  0
  4.3430529571245019e-02  0  0  0  0  0  0  0  0  0  0  0  2  0  1  0  2
 -1.3366899041070140e-04  2  0  0  0  0  0  0  0  0  0  0  0  0  1  0  2
 -3.8315640511142417e-05  0  0  0  1  0  0  0  0  0  0  0  0  1  2  1  0
  3.4737234169674594e-05  1  1  1  1  0  0  0  0  0  0  0  0  0  1  0  0
 -5.6042592581790544e-04  0  0  0  0  0  0  0  1  0  0  0  0  0  1  0  3
 -6.0912572373068602e-04  0  0  0  0  1  0  0  0  0  0  0  0  3  1  0  0
 -2.1213200848229111e-06  2  0  1  0  0  0  0  0  0  0  0  0  1  0  0  1
 -4.7146563061878338e-11  1  0  0  0  0  0  0  0  0  0  1  0  0  0  0  1
 -1.1677290530914515e-06  0  0  0  0  0  3  0  2  0  0  0  0  0  0  0  0
  3.5863820910068318e-06  0  1  1  2  0  0  0  0  0  0  0  0  0  0  1  0
  1.6452514106951297e-05  0  0  0  0  0  0  0  0  0  0  0  0  2  1  0  0
