758
 -3.7211805316111138e-03  0  1  3  0  0  0  0  1  0  0  0  0  0  0  0  0
 -3.9693234052272018e-11  1  0  0  0  0  0  0  0  0  1  0  0  0  1  0  0
  3.0211745018899398e-02  0  0  0  1  0  1  1  2  0  0  0  0  0  0  0  0
 -1.7001001781879615e-09  0  0  0  0  0  0  1  1  0  1  0  0  0  0  0  0
  4.4385591222112215e-10  0  0  1  0  1  0  0  0  0  0  1  0  0  0  0  0
 -3.5261128667224173e-06  1  0  0  0  0  0  2  0  0  0  0  0  0  0  0  0
  8.5905756406348911e-07  1  2  0  0  0  0  0  0  0  2  0  0  0  0  0  0
 -2.2742562783359020e-10  0  0  0  0  0  0  0  1  0  0  0  0  1  0  0  1
 -4.1032326446623274e-02  2  0  0  0  1  0  0  2  0  0  0  0  0  0  0  0
 -1.7217335965923009e-11  0  1  0  0  0  0  0  0  0  0  1  0  0  0  0  1
 -1.3221704234717331e-11  0  0  1  0  0  0  0  0  0  1  0  0  0  0  0  1
 -8.7150629817425796e-05  0  0  0  0  1  0  0  2  0  0  0  0  0  0  0  0
  4.3057072413724239e-06  2  0  0  0  0  0  0  0  0  0  0  0  1  0  2  0
  2.2262698623963760e-10  1  0  0  0  0  0  1  0  0  0  0  0  0  0  1  0
  6.5526429463879390e-11  1  0  0  0  0  0  0  0  0  0  1  0  0  0  1  0
  9.5379697109662046e-03  0  0  2  0  1  0  0  2  0  0  0  0  0  0  0  0
  1.7413534769171173e-03  1  0  2  0  0  2  0  0  0  0  0  0  0  0  0  0
  5.7736972596119616e-06  0  0  0  2  0  0  0  0  0  0  0  0  1  0  2  0
 -2.4220883792753505e-05  0  0  1  0  0  0  0  0  0  0  0  0  2  1  0  1
 -6.6634705111784064e-09  0  0  2  0  0  0  0  0  0  0  0  0  1  0  0  0
  7.4653229229126950e-05  1  1  0  0  0  0  0  0  0  1  2  0  0  0  0  0
 -8.1258509009090160e-06  0  1  3  0  0  0  0  0  0  0  0  1  0  0  0  0
  9.9961101395726196e-11  1  0  0  0  0  0  0  0  0  0  0  1  0  0  0  1
  2.4391932694055040e-05  0  2  1  1  0  0  0  0  0  1  0  0  0  0  0  0
  9.0703234038068604e-06  2  1  0  1  0  0  0  0  0  0  1  0  0  0  0  0
  1.0874844578792602e-02  0  0  0  1  0  1  3  0  0  0  0  0  0  0  0  0
  1.4940664117046150e-02  0  1  0  0  0  0  3  1  0  0  0  0  0  0  0  0
 -1.0568091626145287e-02  0  1  1  0  0  0  0  3  0  0  0  0  0  0  0  0
  4.2040919366318451e-05  1  0  0  3  0  0  0  0  0  0  0  1  0  0  0  0
  1.6192916686596584e-06  0  1  0  2  0  0  0  0  0  0  0  0  1  1  0  0
  1.8453914293108307e-06  3  0  0  0  0  0  0  0  0  0  2  0  0  0  0  0
 -3.7295265909628484e-04  1  0  0  0  0  0  0  0  1  1  1  1  0  0  0  0
  6.2053064027391120e-05  0  0  0  0  0  0  0  0  0  0  0  0  3  2  0  0
  1.4312860367364349e-05  1  0  2  1  0  0  0  0  0  0  0  1  0  0  0  0
 -2.6200816559660633e-06  3  0  0  0  0  0  0  0  0  0  0  0  0  0  0  2
  7.7874535809318579e-05  0  2  1  0  0  0  0  0  1  0  1  0  0  0  0  0
 -5.8437730542370986e-06  1  2  0  1  0  0  0  0  0  0  0  1  0  0  0  0
 -4.7181242748502925e-02  0  0  0  0  3  0  0  2  0  0  0  0  0  0  0  0
 -2.2494949252746038e-06  3  0  0  0  0  0  0  0  2  0  0  0  0  0  0  0
 -1.4402963675775673e-05  0  2  0  1  0  0  0  0  1  0  0  1  0  0  0  0
  5.4077832048651561e-02  2  0  0  1  1  0  0  1  0  0  0  0  0  0  0  0
 -6.9425484267544865e-11  0  0  0  0  0  0  0  0  1  0  0  0  2  0  0  0
 -1.3034971449456638e-09  0  0  0  0  1  0  0  0  2  0  0  0  0  0  0  0
 -5.8530564433858364e-03  1  0  2  0  0  0  0  2  0  0  0  0  0  0  0  0
 -1.3863153067588412e-05  0  0  0  2  0  0  0  0  0  0  0  0  0  1  1  1
  3.2648183512405165e-05  1  0  0  2  0  0  0  0  0  0  0  0  0  0  0  0
  1.0817270542689398e-12  0  1  0  0  1  0  0  0  0  0  0  0  0  1  0  0
  5.6438700397230704e-04  0  0  4  0  1  0  0  0  0  0  0  0  0  0  0  0
 -4.6198437020481759e-03  1  1  0  0  0  1  2  0  0  0  0  0  0  0  0  0
 -2.4815080597088385e-02  0  0  1  0  2  1  0  1  0  0  0  0  0  0  0  0
 -1.8509647649824595e-10  0  0  0  0  0  0  2  0  1  0  0  0  0  0  0  0
 -5.5830729724918138e-05  1  0  0  0  0  0  0  0  0  0  0  0  2  2  0  0
 -6.6064439440373802e-05  1  0  0  2  0  0  0  0  0  0  2  0  0  0  0  0
 -1.3591333224457803e-07  0  3  0  0  0  0  0  0  0  0  0  0  1  1  0  0
 -3.7877816837408956e-02  1  0  0  2  0  0  0  2  0  0  0  0  0  0  0  0
  4.0237516632863891e-04  0  0  0  0  3  0  0  0  0  0  0  0  0  0  0  0
 -2.6494504412563924e-05  0  1  1  0  0  0  0  0  0  0  0  0  0  0  2  1
  4.3306333844555890e-06  0  0  2  1  0  0  0  0  0  0  0  0  0  1  1  0
 -1.8209497267180356e-02  0  0  0  2  3  0  0  0  0  0  0  0  0  0  0  0
  5.7104011031204009e-07  0  0  2  2  0  0  0  0  0  0  0  0  1  0  0  0
  9.1863572103395766e-06  1  0  1  0  0  0  0  0  0  0  0  0  2  0  1  0
 -1.8190472185001277e-02  1  0  0  0  4  0  0  0  0  0  0  0  0  0  0  0
  1.2317875400892010e-09  0  0  0  0  0  0  0  0  1  0  0  0  0  0  0  0
  3.1131723114504201e-02  1  1  0  1  0  1  0  1  0  0  0  0  0  0  0  0
 -2.2411242638879668e-08  0  0  0  2  0  0  0  0  0  0  0  0  1  0  0  0
 -1.8977949855630816e-04  0  1  0  1  0  0  0  0  1  1  0  1  0  0  0  0
  4.8690378911603271e-02  1  1  0  0  1  0  1  1  0  0  0  0  0  0  0  0
  1.8858135758936304e-05  0  2  0  0  0  0  0  0  0  0  0  0  0  1  1  1
  1.7683368889617037e-05  1  0  0  2  0  0  0  0  0  0  0  0  2  0  0  0
 -2.3165942088523938e-05  1  0  0  0  0  0  0  0  0  0  0  0  0  4  0  0
 -1.3084208993373215e-02  0  0  0  0  3  0  2  0  0  0  0  0  0  0  0  0
 -1.9430495934836557e-04  0  0  0  2  0  0  0  0  0  1  1  1  0  0  0  0
  2.5677074084089522e-05  0  0  0  2  0  0  0  0  0  0  0  0  1  0  0  2
  1.9529324751114525e-02  0  1  1  1  0  0  2  0  0  0  0  0  0  0  0  0
  1.3484431903116085e-04  0  0  1  1  0  0  0  0  2  1  0  0  0  0  0  0
 -1.9388414344536833e-06  1  0  3  0  0  0  0  0  0  0  1  0  0  0  0  0
 -3.1131723114504201e-02  1  1  0  1  1  0  1  0  0  0  0  0  0  0  0  0
  4.2293883631883746e-07  1  1  2  0  0  0  0  0  0  0  0  0  0  1  0  0
 -3.8357960188921945e-04  0  0  1  0  0  0  0  0  0  3  0  1  0  0  0  0
 -4.3463520024699455e-04  0  0  1  0  0  0  0  0  2  1  0  1  0  0  0  0
  2.6785980715802628e-10  0  0  0  0  0  0  0  1  0  0  0  0  0  1  1  0
 -8.9700706040343918e-05  1  0  0  0  0  0  0  0  2  0  2  0  0  0  0  0
 -2.3458568879394259e-03  0  0  0  0  0  0  0  0  3  0  0  2  0  0  0  0
 -1.6814477151362475e-04  0  1  0  0  0  0  0  0  0  0  0  0  0  2  1  1
 -1.9843615382779678e-02  0  0  0  0  1  2  2  0  0  0  0  0  0  0  0  0
 -9.9811044467708673e-05  1  0  0  1  0  0  0  1  0  0  0  0  0  0  0  0
  1.0663650979327765e-07  0  0  0  0  1  0  0  0  0  0  0  0  0  0  0  0
  1.5747772127701265e-08  0  0  1  1  0  0  0  0  0  0  0  0  0  1  0  0
 -1.2795994439139557e-08  0  1  0  0  0  0  0  0  0  0  0  0  1  1  0  0
 -1.8496462968310797e-05  1  1  0  0  0  0  0  0  0  0  0  0  0  1  0  2
 -1.6245071555916362e-04  1  1  1  0  0  0  0  0  1  0  0  1  0  0  0  0
 -1.4782254668108742e-07  3  1  0  0  0  0  0  0  0  0  0  0  0  1  0  0
  5.6841797435831798e-05  3  0  0  0  0  0  2  0  0  0  0  0  0  0  0  0
 -2.2597750162086771e-03  0  0  0  0  0  0  0  0  1  2  0  2  0  0  0  0
 -1.2206692910930099e-10  0  0  0  1  1  0  0  0  0  0  0  0  0  0  0  1
 -1.2156712792546092e-03  2  0  2  0  1  0  0  0  0  0  0  0  0  0  0  0
  5.2468889409246959e-04  0  1  0  1  0  0  0  0  0  2  1  0  0  0  0  0
 -1.3189795064157707e-03  0  2  0  2  1  0  0  0  0  0  0  0  0  0  0  0
 -9.8340970294362585e-07  1  2  0  0  0  0  0  0  0  0  0  0  0  0  0  2
 -2.8895737432248134e-07  1  0  0  0  0  0  0  0  0  0  2  0  0  0  0  0
  2.7412672399927032e-03  2  0  1  1  0  1  0  0  0  0  0  0  0  0  0  0
  9.9782873172062664e-05  0  0  0  0  0  0  0  0  1  0  4  0  0  0  0  0
 -9.3256574680142859e-06  2  1  0  0  0  0  0  0  1  1  0  0  0  0  0  0
 -3.4342496313385682e-07  2  0  1  1  0  0  0  0  0  0  0  0  0  1  0  0
 -2.8205178023280493e-02  0  1  0  1  0  0  1  2  0  0  0  0  0  0  0  0
  8.3252544375176984e-05  1  0  1  0  0  0  0  0  0  2  1  0  0  0  0  0
  3.5131134629279276e-02  1  0  0  0  0  2  0  2  0  0  0  0  0  0  0  0
 -1.9755016172788739e-10  0  0  0  0  0  0  0  0  0  0  1  1  0  1  0  0
 -2.4134586577546923e-02  1  1  0  0  0  1  0  2  0  0  0  0  0  0  0  0
 -2.0015793107707784e-02  0  0  1  1  0  1  2  0  0  0  0  0  0  0  0  0
  5.0566817295828642e-07  0  0  0  4  0  0  0  0  0  0  0  0  1  0  0  0
 -3.5853909899863121e-05  0  1  1  2  0  0  0  0  0  0  0  1  0  0  0  0
  7.3761074137333164e-11  0  0  0  0  0  0  0  0  0  0  1  0  1  0  1  0
  3.8357960188921945e-04  0  0  1  0  0  0  0  0  3  0  1  0  0  0  0  0
  6.1741461057626792e-06  1  0  0  1  0  0  0  0  0  0  0  0  1  1  1  0
 -1.7753785646038888e-05  2  0  1  0  0  0  0  0  1  0  1  0  0  0  0  0
  3.1865321664427203e-02  0  1  0  1  0  2  1  0  0  0  0  0  0  0  0  0
 -7.7168308560910765e-12  0  0  0  0  0  0  0  0  0  1  0  0  1  1  0  0
  2.1542394995874710e-07  0  3  0  1  0  0  0  0  0  0  0  0  0  0  1  0
 -6.0143434269619743e-08  1  0  0  0  0  0  0  0  0  0  0  0  0  0  2  0
 -3.2236690550412413e-05  1  4  0  0  0  0  0  0  0  0  0  0  0  0  0  0
  2.5789217564500419e-05  1  0  1  2  0  0  0  0  0  0  1  0  0  0  0  0
  1.6360720936367500e-02  1  1  0  0  2  1  0  0  0  0  0  0  0  0  0  0
  5.2419049443309365e-06  0  0  0  4  0  0  0  0  1  0  0  0  0  0  0  0
  3.4261599926872104e-03  0  0  0  0  1  0  4  0  0  0  0  0  0  0  0  0
  3.8696510278823931e-06  1  0  1  2  0  0  0  0  0  0  0  0  0  0  1  0
  9.8341887027416980e-04  2  2  0  0  1  0  0  0  0  0  0  0  0  0  0  0
  1.6202547678122976e-02  0  0  1  0  3  0  1  0  0  0  0  0  0  0  0  0
  5.4878512989598939e-05  0  1  1  0  0  0  0  0  0  0  0  0  2  0  0  1
  2.8814599575338293e-08  0  2  0  0  0  0  0  0  1  0  0  0  0  0  0  0
 -7.4572386949136650e-05  0  0  0  3  0  0  0  0  1  0  0  1  0  0  0  0
 -8.7855991993366072e-07  0  1  3  0  0  0  0  0  0  0  0  0  0  0  0  1
  3.7326614614563489e-05  0  2  0  0  0  0  0  0  1  0  0  2  0  0  0  0
  1.7404935762431271e-03  0  0  0  0  0  0  0  0  2  1  1  1  0  0  0  0
 -4.0162901465881488e-06  1  1  1  0  0  0  0  0  0  0  0  0  0  1  1  0
 -1.5466071328309700e-02  0  0  0  2  1  2  0  0  0  0  0  0  0  0  0  0
  5.2468889409246970e-04  0  1  1  0  0  0  0  0  2  0  0  1  0  0  0  0
 -8.9979390596307401e-12  0  0  0  0  0  0  1  0  0  0  0  0  0  1  0  1
  1.1486954894043385e-02  0  0  1  2  0  1  0  1  0  0  0  0  0  0  0  0
 -5.5924061436460760e-10  0  0  0  0  0  1  0  1  0  0  0  0  0  0  1  0
  4.5121465752165135e-04  1  0  0  1  0  0  0  0  0  0  0  3  0  0  0  0
 -4.7323257248508502e-03  1  2  0  1  0  0  0  1  0  0  0  0  0  0  0  0
  8.8653017064657948e-05  0  1  2  0  0  0  0  0  0  0  1  1  0  0  0  0
 -1.1890655323441674e-05  3  0  0  1  0  0  0  0  0  0  0  1  0  0  0  0
 -6.0298980547996842e-06  0  0  0  3  0  0  0  0  0  0  0  0  1  0  0  1
  5.1124121332960667e-05  0  1  1  0  0  0  0  1  0  0  0  0  0  0  0  0
 -1.7273327683792626e-09  0  0  0  0  1  0  0  0  0  2  0  0  0  0  0  0
 -4.7493076478904699e-03  1  0  0  0  0  4  0  0  0  0  0  0  0  0  0  0
  1.9609955047664989e-06  0  2  0  0  0  0  0  0  0  0  0  0  3  0  0  0
  1.8871174206627395e-06  0  0  0  3  0  0  0  0  0  0  0  0  0  1  1  0
 -6.4555121373179299e-10  1  0  0  0  0  1  0  0  0  1  0  0  0  0  0  0
  5.3210347563253909e-06  1  1  1  1  0  0  0  0  0  0  0  0  1  0  0  0
 -8.5905756406348932e-07  1  2  0  0  0  0  0  0  0  0  0  2  0  0  0  0
 -1.5176251819990230e-02  0  0  0  0  0  1  1  3  0  0  0  0  0  0  0  0
 -4.9183148330356056e-10  0  0  0  0  1  0  1  0  0  0  0  0  0  0  1  0
  2.4220883792753505e-05  0  0  1  0  0  0  0  0  0  0  0  0  1  2  1  0
  1.1655592928219656e-04  1  0  0  2  0  0  0  0  0  2  0  0  0  0  0  0
 -4.0773999673373409e-07  2  1  0  0  0  0  0  0  0  0  0  0  1  1  0  0
 -1.4782254668108742e-07  1  3  0  0  0  0  0  0  0  0  0  0  0  1  0  0
  1.4539113034028425e-06  1  0  2  1  0  0  0  0  0  0  0  0  0  0  0  1
  3.1997616279747616e-04  0  1  0  0  0  0  0  0  1  1  0  2  0  0  0  0
  9.3059972090434255e-06  0  0  1  1  0  0  0  0  0  0  0  0  2  1  0  0
 -1.7582739469683081e-02  0  0  1  1  0  1  0  2  0  0  0  0  0  0  0  0
  8.4308488221742382e-06  0  1  2  0  0  0  0  0  0  0  0  0  0  0  1  1
 -9.5128457844790813e-03  2  1  0  0  0  0  1  1  0  0  0  0  0  0  0  0
  1.3033781344156223e-03  0  0  0  1  0  0  0  0  3  0  0  1  0  0  0  0
 -6.9439258579824569e-04  1  0  0  0  0  0  0  0  2  2  0  0  0  0  0  0
  1.2455730328927738e-07  0  0  0  1  0  0  0  0  0  0  0  0  1  0  0  1
 -1.7939666048804516e-04  0  1  1  0  0  0  0  0  0  0  0  3  0  0  0  0
  2.4371981982127037e-06  1  0  1  0  0  0  1  0  0  0  0  0  0  0  0  0
  6.5196017426788495e-06  2  0  0  0  0  0  0  0  0  0  0  0  3  0  0  0
  4.0237516632863875e-04  0  0  0  0  1  2  0  0  0  0  0  0  0  0  0  0
  4.0856440144536162e-02  0  0  0  0  2  1  1  1  0  0  0  0  0  0  0  0
 -3.6254977024690951e-05  0  0  0  0  0  0  0  0  0  0  0  0  1  2  2  0
  1.3563457517062407e-06  0  0  0  0  0  0  0  0  0  1  1  1  0  0  0  0
  2.1269537586805864e-10  1  0  0  0  0  0  0  1  0  0  0  0  0  0  0  1
 -1.5969828618509925e-10  0  0  0  0  0  0  1  1  0  0  0  0  0  1  0  0
  8.1951572522847476e-04  4  0  0  0  1  0  0  0  0  0  0  0  0  0  0  0
 -3.1709485948263603e-03  0  3  0  0  0  0  1  1  0  0  0  0  0  0  0  0
 -1.5176251819990232e-02  0  0  0  0  0  1  3  1  0  0  0  0  0  0  0  0
  6.3987389870885526e-03  3  0  0  0  0  0  0  2  0  0  0  0  0  0  0  0
 -5.0515147589275740e-04  0  0  0  1  0  0  0  0  1  0  2  1  0  0  0  0
  1.4273034717415520e-09  0  0  0  0  1  0  0  1  0  0  0  1  0  0  0  0
 -1.8102734500561221e-07  0  1  0  0  0  0  0  0  1  1  0  0  0  0  0  0
  2.0282356933387681e-02  1  1  1  1  1  0  0  0  0  0  0  0  0  0  0  0
 -9.4988455478702575e-06  0  1  0  0  0  0  0  0  0  0  0  0  1  3  0  0
  2.2959368019067279e-05  0  0  1  0  0  0  0  0  0  0  0  0  3  0  1  0
  8.8513730899133630e-06  0  0  1  1  0  0  0  0  0  0  0  0  0  3  0  0
 -1.2067293288773462e-02  0  2  0  0  1  0  2  0  0  0  0  0  0  0  0  0
 -1.3618721283852583e-07  1  0  2  0  0  0  0  0  0  0  0  0  0  0  0  0
  8.4749637069904761e-07  3  0  0  0  0  0  0  0  0  0  0  0  2  0  0  0
  8.4963233517204644e-07  0  0  3  0  0  0  0  0  0  0  0  0  0  1  0  1
  1.1575420715364297e-05  0  0  3  0  0  0  0  0  0  1  0  1  0  0  0  0
  3.3855362241677599e-05  0  0  0  0  0  0  0  0  0  0  0  0  1  0  2  2
 -9.2459254115697726e-06  1  0  0  2  0  0  0  0  0  0  0  0  0  0  2  0
 -7.7874535809318592e-05  0  2  1  0  0  0  0  0  0  1  0  1  0  0  0  0
  7.7755303988793405e-04  0  0  0  0  0  0  0  0  1  0  2  2  0  0  0  0
 -5.7798729354380880e-04  0  0  0  0  0  0  0  0  0  1  1  3  0  0  0  0
 -3.5280802943327137e-06  2  0  0  2  0  0  0  0  0  0  0  0  1  0  0  0
 -2.5473484599803964e-04  1  1  0  0  0  0  0  0  0  1  0  2  0  0  0  0
  2.3041745526744357e-03  0  3  0  1  0  0  1  0  0  0  0  0  0  0  0  0
 -1.0040263368141429e-01  1  0  0  1  2  0  0  1  0  0  0  0  0  0  0  0
 -2.3099218510240875e-03  0  2  0  0  1  0  0  2  0  0  0  0  0  0  0  0
 -1.0568091626145285e-02  0  1  0  1  0  0  3  0  0  0  0  0  0  0  0  0
 -3.1169171104016377e-04  0  1  0  0  1  1  0  0  0  0  0  0  0  0  0  0
 -1.4913744202727173e-02  1  0  0  0  0  0  0  4  0  0  0  0  0  0  0  0
  9.8860559464872296e-07  0  2  0  2  0  0  0  0  1  0  0  0  0  0  0  0
 -1.4886824288408203e-02  1  0  0  0  0  0  2  2  0  0  0  0  0  0  0  0
  4.7142273076072683e-03  1  0  2  0  2  0  0  0  0  0  0  0  0  0  0  0
  3.0643517792587134e-03  0  0  0  4  1  0  0  0  0  0  0  0  0  0  0  0
 -3.2913708286253366e-10  0  0  1  0  0  1  0  0  0  0  0  1  0  0  0  0
 -1.0133647623896410e-09  0  0  0  1  0  0  0  1  1  0  0  0  0  0  0  0
 -1.7264710901168916e-04  0  0  0  2  0  0  0  0  1  2  0  0  0  0  0  0
  7.9206340982932860e-02  1  0  0  0  2  0  0  2  0  0  0  0  0  0  0  0
  7.7859121638017422e-05  0  0  0  1  0  0  0  0  0  0  0  0  3  0  0  1
  8.9653020015540708e-03  0  0  1  0  0  1  0  3  0  0  0  0  0  0  0  0
 -3.0678869826196632e-05  0  0  0  1  0  0  0  0  0  0  0  0  0  3  1  0
  7.8880689014938343e-06  1  1  0  0  0  0  0  0  0  0  0  0  0  1  2  0
 -4.1724696965263833e-11  0  0  1  0  0  1  0  0  0  0  0  0  0  0  0  1
 -1.7582739469683077e-02  0  0  2  0  0  1  1  1  0  0  0  0  0  0  0  0
 -1.4465458984737186e-05  1  0  2  0  0  0  0  0  0  0  0  2  0  0  0  0
  3.8491704179135431e-04  0  1  0  0  0  0  0  0  0  0  3  1  0  0  0  0
 -1.7623340586336713e-02  0  0  0  1  0  3  1  0  0  0  0  0  0  0  0  0
  4.8783865388110093e-05  1  1  1  1  0  0  0  0  1  0  0  0  0  0  0  0
  3.5019883324850421e-09  0  2  0  0  0  0  0  0  0  0  0  0  1  0  0  0
 -2.7194576081821931e-11  0  0  0  1  0  0  0  0  1  0  0  0  0  0  0  1
  1.4940664117046148e-02  0  1  0  0  0  0  1  3  0  0  0  0  0  0  0  0
  3.2600832184807995e-05  1  0  0  1  0  0  0  0  0  0  0  0  0  0  2  1
  1.1933768666185974e-07  0  0  1  1  0  0  0  0  0  1  0  0  0  0  0  0
 -1.1575420715364297e-05  0  0  3  0  0  0  0  0  1  0  1  0  0  0  0  0
 -1.3045398638799229e-06  1  0  2  0  0  0  0  0  0  0  0  0  0  2  0  0
  5.8829865142994967e-06  2  0  0  0  0  0  0  0  0  0  0  0  1  2  0  0
  1.5995743036904409e-06  1  0  1  0  0  0  0  0  0  0  0  0  0  0  1  2
  3.2788346929314660e-09  0  0  0  0  0  1  0  0  0  0  1  1  0  0  0  0
  1.6192916686596586e-06  0  1  2  0  0  0  0  0  0  0  0  0  1  1  0  0
 -1.2043449983742024e-11  0  1  0  0  0  0  0  0  0  1  0  0  1  0  0  0
  8.2335310535309438e-10  0  0  0  0  1  1  0  0  0  1  0  0  0  0  0  0
  7.6597605864331170e-05  0  0  0  1  0  0  0  0  0  0  0  0  1  2  0  1
  3.6049021599349939e-09  0  0  0  0  0  0  0  1  0  1  1  0  0  0  0  0
  8.5747258684529069e-03  0  0  0  0  1  4  0  0  0  0  0  0  0  0  0  0
  3.6387281136727326e-03  0  0  3  0  0  1  0  1  0  0  0  0  0  0  0  0
  5.4878512989598939e-05  0  1  0  1  0  0  0  0  0  0  0  0  0  2  1  0
  9.4221884248748110e-08  0  0  0  0  0  0  0  0  0  0  0  0  1  2  0  0
 -7.0249326571771617e-05  2  0  0  0  0  0  0  0  0  1  1  1  0  0  0  0
  5.1124121332960667e-05  0  1  0  1  0  0  1  0  0  0  0  0  0  0  0  0
 -1.5565861557252099e-02  0  2  1  0  0  1  0  1  0  0  0  0  0  0  0  0
  8.5747258684529069e-03  0  0  0  0  5  0  0  0  0  0  0  0  0  0  0  0
  4.8304465803028877e-03  2  0  0  0  0  1  1  1  0  0  0  0  0  0  0  0
  4.4437295498075941e-06  1  0  2  0  0  0  0  0  2  0  0  0  0  0  0  0
 -4.0421836359096436e-02  0  0  0  0  1  2  0  2  0  0  0  0  0  0  0  0
 -3.4504715676586069e-05  0  0  0  0  0  0  0  0  0  0  0  0  3  0  2  0
  1.7745967745155883e-02  0  1  2  0  0  0  1  1  0  0  0  0  0  0  0  0
  1.7753785646038888e-05  2  0  1  0  0  0  0  0  0  1  0  1  0  0  0  0
  1.3718707446843141e-02  1  0  0  2  0  2  0  0  0  0  0  0  0  0  0  0
 -1.6590134448971186e-04  1  0  0  0  0  2  0  0  0  0  0  0  0  0  0  0
  2.1542394995874710e-07  0  3  1  0  0  0  0  0  0  0  0  0  0  0  0  1
 -2.8805927351551350e-05  1  1  1  0  0  0  0  0  0  1  1  0  0  0  0  0
  1.1105117201891999e-04  0  0  0  1  1  0  0  1  0  0  0  0  0  0  0  0
 -1.4280999576249525e-02  1  0  1  0  2  0  1  0  0  0  0  0  0  0  0  0
 -2.4999647752864057e-03  0  0  1  3  0  1  0  0  0  0  0  0  0  0  0  0
  8.6443798726014873e-08  2  0  0  0  0  0  0  0  1  0  0  0  0  0  0  0
 -1.7249810532485704e-07  0  0  0  0  0  0  0  0  0  0  0  0  1  0  0  2
 -1.7217335965923080e-11  0  1  0  0  0  0  0  0  0  0  0  1  0  0  1  0
 -4.1346186013017346e-03  2  0  0  1  0  1  1  0  0  0  0  0  0  0  0  0
 -1.2736742299901982e-04  0  2  0  0  0  0  0  0  1  0  2  0  0  0  0  0
 -1.9529324751114532e-02  0  1  1  1  0  2  0  0  0  0  0  0  0  0  0  0
  3.1436240264805153e-11  0  0  0  0  0  0  1  0  0  0  0  0  1  0  1  0
 -1.4759460762239195e-10  0  0  0  0  0  0  0  0  0  0  0  1  1  0  0  1
  1.9772111892974447e-06  1  1  2  0  0  0  0  0  0  1  0  0  0  0  0  0
  4.4137501105723891e-03  0  0  0  3  0  1  1  0  0  0  0  0  0  0  0  0
  5.1952214662917058e-06  1  1  0  0  0  0  0  0  0  0  0  0  2  1  0  0
  3.0843408721413442e-02  0  1  0  1  2  0  1  0  0  0  0  0  0  0  0  0
  7.7172522770458730e-07  0  0  4  0  0  0  0  0  1  0  0  0  0  0  0  0
 -2.8205178023280479e-02  0  1  1  0  0  0  2  1  0  0  0  0  0  0  0  0
  3.3670508437369864e-03  3  0  0  2  0  0  0  0  0  0  0  0  0  0  0  0
  7.8999450437942344e-06  1  0  1  0  0  0  0  0  2  0  1  0  0  0  0  0
  8.4109863515431134e-05  0  0  2  0  0  0  0  0  1  0  0  2  0  0  0  0
 -1.7368617084837297e-05  0  1  1  1  0  0  0  0  0  0  0  0  0  2  0  0
 -1.5862191499154837e-02  0  2  0  1  0  1  1  0  0  0  0  0  0  0  0  0
  4.2781369435994445e-12  0  0  1  0  0  0  0  0  0  0  1  0  1  0  0  0
  5.3772848921626487e-11  0  0  0  1  0  0  0  0  0  1  0  0  0  0  1  0
  3.2277903922621923e-03  1  2  0  0  0  0  0  2  0  0  0  0  0  0  0  0
  2.5356640524418030e-05  0  0  1  0  0  0  0  0  0  0  0  0  0  1  2  1
 -1.9263612347196348e-11  0  0  0  0  0  2  0  0  0  0  0  0  1  0  0  0
 -3.2277903922621927e-03  1  2  0  0  0  2  0  0  0  0  0  0  0  0  0  0
  1.5306681063466556e-04  1  0  0  0  0  0  0  0  0  0  0  0  2  0  0  2
  5.7201808453455915e-07  0  1  1  0  0  0  0  0  0  0  0  1  0  0  0  0
 -6.3780134019755915e-11  1  0  0  0  0  0  0  0  1  0  0  0  1  0  0  0
 -1.1394078987853604e-03  1  0  0  1  0  0  0  0  2  0  0  1  0  0  0  0
  7.6718584435297445e-05  1  0  0  0  0  0  0  2  0  0  0  0  0  0  0  0
  1.7123463402287481e-10  0  0  0  0  0  0  1  0  0  1  0  1  0  0  0  0
  2.2028571805364654e-02  0  0  0  0  1  0  2  2  0  0  0  0  0  0  0  0
  4.1730517271918870e-05  2  0  0  0  0  0  0  0  1  0  2  0  0  0  0  0
  1.2523225360578469e-03  0  0  0  1  0  0  0  0  1  2  0  1  0  0  0  0
  6.4627184987624130e-07  2  1  0  1  0  0  0  0  0  0  0  0  0  0  1  0
 -5.0314410867834343e-02  0  1  0  0  0  2  1  1  0  0  0  0  0  0  0  0
  3.0234411346022862e-06  0  3  0  1  0  0  0  0  0  0  1  0  0  0  0  0
 -2.3785532127581548e-05  1  1  0  2  0  0  0  0  0  1  0  0  0  0  0  0
 -1.9165254097893832e-05  0  1  1  0  0  0  0  0  0  0  0  0  0  0  0  3
 -9.0618318318370935e-05  1  0  0  1  0  0  0  0  0  0  0  0  0  2  0  1
 -2.1330303008975774e-07  0  4  0  0  0  0  0  0  1  0  0  0  0  0  0  0
 -3.5635065574378117e-06  3  0  0  0  0  0  0  0  0  0  0  2  0  0  0  0
 -5.0634005724643787e-08  0  0  0  1  0  0  0  0  0  0  0  0  0  1  1  0
  1.4611095034128397e-02  2  0  0  0  3  0  0  0  0  0  0  0  0  0  0  0
  1.0141178466693839e-02  0  2  1  1  0  1  0  0  0  0  0  0  0  0  0  0
 -3.2931482989648958e-06  0  0  1  2  0  0  0  0  0  0  0  0  1  0  1  0
 -5.8437730542370986e-06  1  2  1  0  0  0  0  0  0  0  1  0  0  0  0  0
  2.5931701275059272e-02  0  1  0  0  1  1  0  2  0  0  0  0  0  0  0  0
 -3.1185294242528781e-04  2  0  0  0  0  0  0  0  1  0  0  2  0  0  0  0
 -2.1037576691772994e-03  0  3  0  0  1  1  0  0  0  0  0  0  0  0  0  0
  6.7777016671587142e-04  0  0  0  0  0  0  0  0  1  0  0  4  0  0  0  0
 -7.7752705515779681e-04  0  0  0  0  0  0  0  0  1  2  2  0  0  0  0  0
  7.8306636238327718e-03  1  0  2  1  0  0  0  1  0  0  0  0  0  0  0  0
 -7.6515147266333530e-13  0  1  0  0  0  0  1  0  0  0  0  1  0  0  0  0
 -4.1973474139889435e-12  0  0  1  0  0  0  0  0  0  0  0  1  0  1  0  0
 -5.2943458226124414e-05  0  0  2  0  0  0  0  0  3  0  0  0  0  0  0  0
  1.0524844611878649e-02  0  1  2  0  1  1  0  0  0  0  0  0  0  0  0  0
 -8.4963233517204644e-07  0  0  3  0  0  0  0  0  0  0  0  0  1  0  1  0
  9.5379697109662064e-03  0  0  0  2  1  0  2  0  0  0  0  0  0  0  0  0
 -7.2648041735539114e-06  0  2  0  1  0  0  0  0  0  0  0  0  0  1  1  0
 -9.2482314841553985e-06  0  2  0  0  0  0  0  0  0  0  0  0  1  0  2  0
 -9.3406748301997217e-03  3  0  0  1  0  0  0  1  0  0  0  0  0  0  0  0
  5.0028435942582675e-02  0  0  0  1  1  2  0  1  0  0  0  0  0  0  0  0
  2.5931701275059279e-02  0  1  0  0  1  1  2  0  0  0  0  0  0  0  0  0
 -2.3503252597587812e-04  1  0  0  0  0  0  0  0  0  4  0  0  0  0  0  0
  1.1193230351882038e-06  3  0  0  0  0  0  0  0  0  0  0  0  0  2  0  0
 -2.6225057156541538e-03  1  0  2  2  0  0  0  0  0  0  0  0  0  0  0  0
 -3.3430481631748708e-07  0  1  0  0  0  0  0  0  0  0  0  0  0  0  1  1
 -2.2939779832891753e-02  1  0  0  0  2  2  0  0  0  0  0  0  0  0  0  0
  2.5913874865539496e-04  0  2  0  0  0  0  0  0  0  1  1  1  0  0  0  0
 -1.7939666048804516e-04  0  1  0  1  0  0  0  0  0  0  3  0  0  0  0  0
  6.9125236580233063e-03  2  1  1  0  0  0  0  1  0  0  0  0  0  0  0  0
 -1.8610897214481014e-05  1  0  0  0  0  0  0  0  0  0  0  0  0  0  2  2
 -2.0218298341597868e-05  2  0  0  0  0  0  0  0  0  0  0  0  1  0  0  2
 -4.6429113873341819e-05  0  0  0  1  0  0  0  0  0  0  0  0  1  0  0  3
  3.2931482989648962e-06  0  0  1  2  0  0  0  0  0  0  0  0  0  1  0  1
 -4.4029623560453291e-07  0  0  3  1  0  0  0  0  0  0  0  0  0  1  0  0
 -1.7368617084837300e-05  0  1  1  1  0  0  0  0  0  0  0  0  2  0  0  0
 -5.0514194842805293e-06  0  1  1  2  0  0  0  0  0  0  0  0  0  0  0  1
  2.0031632607811640e-10  0  0  0  0  1  0  0  1  0  0  0  0  0  0  0  1
 -1.9529324751114525e-02  0  1  1  1  2  0  0  0  0  0  0  0  0  0  0  0
  1.5941103035638036e-02  0  0  1  1  2  1  0  0  0  0  0  0  0  0  0  0
 -8.9364498509121417e-06  0  0  0  0  1  0  2  0  0  0  0  0  0  0  0  0
 -2.2744538209242582e-05  1  2  0  0  0  0  0  0  0  0  0  0  0  0  0  0
 -6.4473381100824839e-05  3  2  0  0  0  0  0  0  0  0  0  0  0  0  0  0
  5.9831397860312247e-12  0  0  0  0  0  0  0  0  0  2  0  0  1  0  0  0
 -2.2173382002163110e-07  2  2  0  0  0  0  0  0  0  0  0  0  1  0  0  0
  6.9138253742122162e-06  0  2  1  0  0  0  0  0  0  0  0  0  1  0  1  0
 -1.2871526988211510e-05  0  0  0  2  0  0  0  0  0  0  0  0  3  0  0  0
 -1.2905017524888570e-06  0  2  2  0  0  0  0  0  0  0  0  0  1  0  0  0
 -1.2015644207580395e-02  0  1  2  1  0  0  1  0  0  0  0  0  0  0  0  0
  3.2456287755935264e-03  2  0  1  0  1  0  1  0  0  0  0  0  0  0  0  0
 -5.8578821725233027e-07  0  0  0  0  0  0  0  0  1  0  2  0  0  0  0  0
  1.4025199752029459e-04  0  1  1  1  0  0  0  0  0  0  2  0  0  0  0  0
  2.4434816662337894e-02  1  0  0  1  1  1  1  0  0  0  0  0  0  0  0  0
 -4.3948717481135269e-02  1  0  0  1  0  2  0  1  0  0  0  0  0  0  0  0
  1.1970365078556478e-04  0  0  1  1  0  0  0  0  0  3  0  0  0  0  0  0
 -3.7928418387331132e-06  0  0  2  0  0  0  0  0  0  0  0  0  3  0  0  0
  1.8711103399561671e-04  2  0  0  0  1  0  0  0  0  0  0  0  0  0  0  0
 -3.0815714890671193e-07  1  0  2  0  0  0  0  0  0  0  0  0  0  0  0  2
 -2.0015793107707788e-02  0  0  0  2  0  1  1  1  0  0  0  0  0  0  0  0
  5.2090836021101877e-12  0  0  1  0  0  0  0  1  0  0  0  0  0  1  0  0
 -1.5574907161863718e-04  1  1  0  1  0  0  0  0  1  0  1  0  0  0  0  0
 -2.6494504412563927e-05  0  1  0  1  0  0  0  0  0  0  0  0  0  0  1  2
  3.0991642816576920e-04  1  0  0  1  0  0  0  0  0  0  2  1  0  0  0  0
  5.7736972596119633e-06  0  0  2  0  0  0  0  0  0  0  0  0  1  0  0  2
  1.2151078083325350e-07  1  0  1  0  0  0  0  0  0  0  1  0  0  0  0  0
 -1.0049285213750241e-07  1  0  0  0  0  0  0  0  0  0  0  0  0  2  0  0
 -8.1258509009090177e-06  0  1  0  3  0  0  0  0  0  0  1  0  0  0  0  0
 -2.4999647752864066e-03  0  0  3  1  0  1  0  0  0  0  0  0  0  0  0  0
 -3.1085524893380950e-06  0  3  0  0  0  0  0  0  1  1  0  0  0  0  0  0
  1.2964561555064273e-05  1  0  1  0  0  0  0  0  0  0  0  0  0  2  1  0
  4.2426401696458221e-06  1  0  1  0  0  0  0  0  0  0  0  0  1  1  0  1
  1.1763150150318942e-10  0  0  0  0  0  0  0  0  1  0  0  0  0  0  2  0
  5.6267708677497135e-06  1  0  0  3  0  0  0  0  0  0  0  0  0  0  0  1
 -4.7668939957080884e-05  0  0  1  0  0  1  0  1  0  0  0  0  0  0  0  0
  2.4345189455801632e-02  0  2  0  0  0  1  1  1  0  0  0  0  0  0  0  0
  1.2474068933041141e-04  1  1  0  0  0  1  0  0  0  0  0  0  0  0  0  0
 -9.8340970294362585e-07  1  2  0  0  0  0  0  0  0  0  0  0  0  0  2  0
  5.7732641170057128e-04  0  0  0  0  0  0  0  0  5  0  0  0  0  0  0  0
 -1.2397661950197891e-04  3  0  1  0  0  0  1  0  0  0  0  0  0  0  0  0
  1.0748425036504217e-02  1  0  0  0  2  0  2  0  0  0  0  0  0  0  0  0
  6.5561258018277983e-04  1  3  0  0  0  1  0  0  0  0  0  0  0  0  0  0
 -2.5356640524418030e-05  0  0  1  0  0  0  0  0  0  0  0  0  1  0  1  2
  7.0785690716083124e-12  0  1  0  0  1  0  0  0  0  1  0  0  0  0  0  0
 -5.0189351197663379e-03  0  2  2  0  1  0  0  0  0  0  0  0  0  0  0  0
 -1.4025199752029459e-04  0  1  1  1  0  0  0  0  0  2  0  0  0  0  0  0
 -4.7443072074084659e-04  0  0  1  0  0  0  0  0  1  0  1  2  0  0  0  0
  8.1803604681837516e-03  0  2  0  0  1  2  0  0  0  0  0  0  0  0  0  0
 -2.2007530960865133e-05  1  0  0  0  0  0  0  0  0  0  0  0  2  0  2  0
 -7.5263961108683275e-06  2  0  0  0  0  0  0  0  0  0  0  0  0  1  1  1
  1.0323156876655506e-09  0  0  0  1  0  0  1  0  0  1  0  0  0  0  0  0
  1.3061874746106823e-06  2  0  0  1  0  0  0  0  0  0  0  0  0  1  1  0
 -4.8876892810321114e-05  1  0  1  0  0  0  0  0  0  0  3  0  0  0  0  0
  1.7368617084837300e-05  0  1  1  1  0  0  0  0  0  0  0  0  0  0  0  2
 -8.9865974824289447e-06  0  1  0  1  0  0  0  0  0  0  0  0  1  1  0  1
 -1.1486954894043385e-02  0  0  1  2  1  0  1  0  0  0  0  0  0  0  0  0
  1.1546528234011426e-03  0  0  0  0  0  0  0  0  3  2  0  0  0  0  0  0
  1.2468250142058263e-05  0  1  0  0  0  0  0  0  0  0  0  0  1  1  0  2
 -4.7323257248508511e-03  1  2  1  0  0  0  1  0  0  0  0  0  0  0  0  0
  2.8139797787905605e-05  0  1  2  0  0  0  0  0  1  1  0  0  0  0  0  0
 -3.3786297692927464e-04  1  0  0  0  0  0  0  0  0  0  0  4  0  0  0  0
 -1.2889675039670236e-04  0  0  2  0  0  0  0  0  0  1  1  1  0  0  0  0
 -6.0252434113854721e-04  1  0  2  0  0  0  2  0  0  0  0  0  0  0  0  0
 -4.5936005982236746e-04  1  0  0  0  0  0  0  0  4  0  0  0  0  0  0  0
 -6.9144518342704759e-04  0  0  0  0  0  0  0  0  3  0  2  0  0  0  0  0
  8.6827662365798249e-03  1  0  1  2  0  0  1  0  0  0  0  0  0  0  0  0
  4.7443072074084659e-04  0  0  1  0  0  0  0  0  0  1  2  1  0  0  0  0
 -8.3520150100412690e-04  1  0  0  1  0  0  0  0  0  2  0  1  0  0  0  0
 -2.2744538209242623e-05  3  0  0  0  0  0  0  0  0  0  0  0  0  0  0  0
  4.3463520024699450e-04  0  0  1  0  0  0  0  0  1  2  1  0  0  0  0  0
 -4.8516333227940803e-04  0  0  0  1  0  0  0  0  0  3  1  0  0  0  0  0
  5.7137620158601832e-05  1  1  0  0  0  0  0  0  0  3  0  0  0  0  0  0
 -1.8881627464746554e-03  0  1  0  0  0  0  0  0  2  0  1  1  0  0  0  0
  1.4052802737577156e-11  0  0  1  0  0  0  0  1  0  1  0  0  0  0  0  0
  2.2749765547939635e-06  1  0  2  0  0  0  0  0  0  0  0  0  0  0  2  0
 -8.5321212035903097e-07  1  3  0  0  0  0  0  0  0  1  0  0  0  0  0  0
 -1.0037870239532676e-02  1  1  0  2  0  1  0  0  0  0  0  0  0  0  0  0
  1.7157621124189064e-03  1  2  0  2  0  0  0  0  0  0  0  0  0  0  0  0
 -2.7546211021017531e-05  1  0  0  0  0  0  0  0  0  0  0  0  0  2  2  0
 -1.2889675039670233e-04  0  0  1  1  0  0  0  0  0  1  0  2  0  0  0  0
  7.7013197352492525e-06  2  0  0  1  0  0  0  0  0  1  1  0  0  0  0  0
 -1.1892766063790776e-05  0  2  2  0  0  0  0  0  1  0  0  0  0  0  0  0
  1.9485182579976533e-10  0  0  0  0  0  0  0  0  1  0  0  1  0  0  0  1
  1.7157621124189062e-03  1  2  2  0  0  0  0  0  0  0  0  0  0  0  0  0
 -1.8021744313448723e-04  0  0  0  2  0  0  0  0  3  0  0  0  0  0  0  0
 -5.1326904722557316e-08  0  0  0  0  0  0  0  0  0  0  0  0  1  0  2  0
  3.9676100534015850e-06  3  0  0  0  0  0  0  0  0  2  0  0  0  0  0  0
 -3.1724382998309666e-02  1  1  1  0  1  0  0  1  0  0  0  0  0  0  0  0
  9.4221884248748084e-08  0  0  0  0  0  0  0  0  0  0  0  0  3  0  0  0
 -5.2031414690720151e-11  0  0  0  0  0  0  0  0  0  0  2  0  1  0  0  0
  1.6125127299802054e-02  1  0  0  3  0  0  0  1  0  0  0  0  0  0  0  0
 -1.0096253904399359e-09  0  0  0  0  0  1  1  0  0  0  0  1  0  0  0  0
  1.1541135069924498e-06  0  0  0  1  0  0  0  0  1  0  0  1  0  0  0  0
  1.2468250142058268e-05  0  1  0  0  0  0  0  0  0  0  0  0  1  1  2  0
 -3.2069488984392739e-04  0  1  0  1  0  0  0  0  0  0  1  2  0  0  0  0
  8.8653017064657948e-05  0  1  0  2  0  0  0  0  0  0  1  1  0  0  0  0
  1.5087045874170312e-05  1  0  0  2  0  0  0  0  0  0  0  0  0  2  0  0
 -2.6103925592710157e-05  0  0  0  0  0  0  0  0  0  0  0  0  0  1  3  1
 -3.3093788216110676e-10  0  0  0  0  0  0  0  0  1  0  1  0  0  0  1  0
  3.6963875528993942e-08  0  0  1  0  0  0  0  0  0  0  0  0  1  0  1  0
 -4.4701797166263501e-06  0  0  3  1  0  0  0  0  0  1  0  0  0  0  0  0
 -3.2236690550412413e-05  5  0  0  0  0  0  0  0  0  0  0  0  0  0  0  0
 -2.9080891206719481e-04  1  0  0  0  0  0  0  0  0  0  2  2  0  0  0  0
  6.9125236580233063e-03  2  1  0  1  0  0  1  0  0  0  0  0  0  0  0  0
 -7.7003833896101380e-12  0  0  0  0  1  0  0  0  0  0  0  0  0  0  0  2
  3.1870254949983689e-08  1  0  1  0  0  0  0  0  0  0  0  0  0  0  1  0
 -2.0993189727693739e-03  2  0  0  0  1  0  2  0  0  0  0  0  0  0  0  0
  5.0819205051175968e-04  0  1  1  0  0  0  0  0  0  2  0  1  0  0  0  0
 -8.1225357779581808e-05  0  2  0  1  0  0  0  0  0  1  1  0  0  0  0  0
 -3.6959422035639648e-08  0  0  1  0  0  0  0  0  0  0  0  0  0  1  0  1
  2.4815080597088382e-02  0  0  1  0  1  2  1  0  0  0  0  0  0  0  0  0
  8.2185746581830787e-13  0  0  1  0  0  0  1  0  0  0  0  0  1  0  0  0
  1.7149451736905814e-02  0  0  0  0  3  2  0  0  0  0  0  0  0  0  0  0
  3.7085082237364194e-06  0  0  2  0  0  0  0  0  0  0  0  0  1  0  2  0
  3.5419587174962634e-03  0  2  0  1  1  0  0  1  0  0  0  0  0  0  0  0
  5.8471169352779392e-04  0  0  0  1  0  0  0  0  0  1  1  2  0  0  0  0
 -9.8210289929559239e-07  3  0  0  1  0  0  0  0  0  0  0  0  0  0  0  1
  2.6919914318975472e-05  1  0  0  0  0  0  4  0  0  0  0  0  0  0  0  0
  3.1026532013695560e-05  0  0  0  0  0  0  0  0  0  0  0  0  5  0  0  0
  3.9050787797480814e-02  1  0  0  1  0  0  0  3  0  0  0  0  0  0  0  0
  1.3366899041070140e-04  1  0  0  0  0  0  0  0  0  0  0  0  0  2  0  2
 -5.0118201704129669e-03  0  0  2  0  3  0  0  0  0  0  0  0  0  0  0  0
  7.8214179966513677e-05  0  0  0  0  0  1  1  1  0  0  0  0  0  0  0  0
 -1.3859140163811739e-05  1  0  0  0  0  0  0  0  0  0  0  0  1  1  1  1
 -9.4988455478702592e-06  0  1  0  0  0  0  0  0  0  0  0  0  3  1  0  0
 -1.1691206337917853e-02  0  0  2  1  1  0  0  1  0  0  0  0  0  0  0  0
  1.7076164775390195e-05  2  0  0  1  0  0  0  0  0  0  0  0  1  0  0  1
  2.8568810079300912e-05  0  2  0  0  0  0  0  0  3  0  0  0  0  0  0  0
  3.5073299023647359e-10  0  0  0  0  0  1  0  0  0  0  0  0  0  0  1  1
  4.7146563061878338e-11  0  0  0  0  0  0  0  0  0  0  1  0  0  1  0  1
 -3.5863820910068318e-06  0  0  2  1  0  0  0  0  0  0  0  0  1  0  0  1
  1.4784858776368350e-03  1  0  0  0  0  0  0  0  0  2  0  2  0  0  0  0
  2.7044489933743200e-06  0  3  0  0  0  0  0  0  0  0  1  1  0  0  0  0
 -4.0201538982981441e-06  0  0  2  0  0  0  0  0  0  0  0  0  1  2  0  0
  9.2421336545561007e-05  1  0  1  0  0  0  0  0  0  0  1  2  0  0  0  0
  9.7930055644215438e-05  1  0  1  0  0  0  0  0  1  1  0  1  0  0  0  0
 -1.2043449983742010e-11  0  1  0  0  0  0  0  0  1  0  0  0  0  1  0  0
 -1.2015644207580398e-02  0  1  1  2  0  0  0  1  0  0  0  0  0  0  0  0
  3.1865321664427203e-02  0  1  1  0  2  0  0  1  0  0  0  0  0  0  0  0
  4.9658051857897466e-12  0  1  0  0  0  0  0  1  0  0  0  0  0  0  1  0
 -1.0481330893850412e-04  1  0  0  1  0  0  0  0  0  0  0  0  2  0  0  1
  1.0524844611878649e-02  0  1  0  2  1  1  0  0  0  0  0  0  0  0  0  0
  1.5574907161863718e-04  1  1  0  1  0  0  0  0  0  1  0  1  0  0  0  0
  1.7838187788602018e-05  0  0  1  1  0  0  0  0  0  0  0  0  1  0  1  1
  8.4184870880072327e-05  0  0  0  0  0  0  0  0  0  0  0  0  2  1  1  1
  6.5420138253874276e-06  0  0  1  0  0  0  0  0  0  0  0  0  0  1  0  3
  1.0454251157896732e-02  0  0  1  1  0  3  0  0  0  0  0  0  0  0  0  0
  1.0498287289905099e-10  0  0  0  1  0  0  1  0  0  0  0  0  0  1  0  0
  1.6222995063026559e-04  1  0  0  2  0  0  0  0  2  0  0  0  0  0  0  0
  6.2370344665205624e-05  0  2  0  0  1  0  0  0  0  0  0  0  0  0  0  0
 -3.3117877813941154e-11  0  0  0  1  0  0  0  0  0  0  0  1  1  0  0  0
  2.2988277838496249e-10  0  0  0  1  0  1  0  0  0  0  0  0  0  0  1  0
  1.7368617084837300e-05  0  1  1  1  0  0  0  0  0  0  0  0  0  0  2  0
  3.9930082499478100e-05  1  0  0  1  0  0  0  0  0  0  0  0  0  0  0  3
 -3.3041012480954896e-02  0  1  0  1  1  1  0  1  0  0  0  0  0  0  0  0
 -1.1328884657664195e-07  1  0  0  0  0  0  0  0  0  0  0  0  2  0  0  0
  8.6420497396166064e-03  0  0  2  0  1  0  2  0  0  0  0  0  0  0  0  0
 -3.0320853646447900e-07  1  0  3  0  0  0  0  0  0  0  0  0  0  0  1  0
 -1.5103941562376998e-02  1  0  1  1  1  1  0  0  0  0  0  0  0  0  0  0
  2.8302202441660863e-02  0  0  1  0  0  1  2  1  0  0  0  0  0  0  0  0
  1.3162350103527006e-04  0  0  1  0  0  0  0  0  0  1  0  3  0  0  0  0
  6.4307345659446510e-03  1  1  0  0  0  3  0  0  0  0  0  0  0  0  0  0
  4.9658051857897660e-12  0  1  0  0  0  0  1  0  0  0  0  0  0  0  0  1
 -5.5125499937809808e-07  1  2  0  1  0  0  0  0  0  0  0  0  0  0  0  1
 -3.6287010157188548e-02  1  0  0  0  1  1  1  1  0  0  0  0  0  0  0  0
 -5.1510343918230662e-08  0  0  2  0  0  0  0  0  1  0  0  0  0  0  0  0
  3.8757183244837236e-06  0  0  0  0  0  0  0  0  0  0  0  0  1  0  4  0
  2.0310921496747339e-07  3  0  1  0  0  0  0  0  0  0  1  0  0  0  0  0
 -3.0921504028683171e-09  0  0  0  0  0  0  0  1  1  0  0  1  0  0  0  0
  2.9747908526959004e-09  0  0  0  0  1  0  0  0  0  0  2  0  0  0  0  0
  1.0276210249009527e-06  0  0  0  0  0  0  0  0  1  2  0  0  0  0  0  0
 -1.9540626935741297e-06  1  0  1  1  0  0  0  0  0  0  0  0  1  1  0  0
 -1.2040709946060393e-07  3  0  1  0  0  0  0  0  0  0  0  0  0  0  1  0
  1.2261976890943037e-02  0  0  2  1  0  1  1  0  0  0  0  0  0  0  0  0
  8.5706430237902781e-05  2  0  0  0  0  0  0  0  1  2  0  0  0  0  0  0
 -3.1940385599882851e-05  0  0  0  1  0  0  0  0  0  0  0  0  2  1  1  0
  6.7684823270311681e-11  0  0  0  0  1  1  0  0  0  0  0  0  0  1  0  0
  6.8398639108955329e-10  0  0  0  0  0  0  1  0  1  0  1  0  0  0  0  0
 -2.6103925592710157e-05  0  0  0  0  0  0  0  0  0  0  0  0  0  1  1  3
 -9.5363785001813950e-12  0  0  0  0  0  0  2  0  0  0  0  0  1  0  0  0
 -3.2277903922621918e-03  1  2  0  0  2  0  0  0  0  0  0  0  0  0  0  0
  3.6287387832310207e-03  0  0  2  2  1  0  0  0  0  0  0  0  0  0  0  0
  1.5019661213304938e-09  0  0  0  1  0  1  0  0  0  0  1  0  0  0  0  0
  9.0703234038068570e-06  2  1  1  0  0  0  0  0  0  0  0  1  0  0  0  0
 -1.4529608347107821e-05  1  1  1  0  0  0  0  0  0  0  0  0  1  0  0  1
  3.3345086222566962e-05  0  0  0  1  0  0  0  0  0  0  0  0  0  1  1  2
 -6.0513792348922437e-05  0  0  2  0  0  0  0  0  1  2  0  0  0  0  0  0
 -1.2644214928646479e-05  0  0  0  2  0  0  0  0  0  0  0  0  1  2  0  0
 -8.9865974824289447e-06  0  1  1  0  0  0  0  0  0  0  0  0  1  1  1  0
  1.5683298327816291e-03  0  0  0  0  0  0  0  0  0  3  1  1  0  0  0  0
 -1.3290719501706949e-10  0  0  0  0  0  1  1  0  0  0  0  0  0  0  0  1
 -1.9421339689585711e-06  0  0  0  0  0  0  0  0  1  0  0  2  0  0  0  0
 -2.5435505520229849e-03  1  0  0  4  0  0  0  0  0  0  0  0  0  0  0  0
  3.2277903922621927e-03  1  2  0  0  0  0  2  0  0  0  0  0  0  0  0  0
  1.3827650748424431e-05  1  1  0  1  0  0  0  0  0  0  0  0  0  1  0  1
  9.6461018489169756e-03  2  0  0  0  1  2  0  0  0  0  0  0  0  0  0  0
 -4.7759305552987649e-04  1  0  0  0  2  0  0  0  0  0  0  0  0  0  0  0
 -6.5420138253874276e-06  0  0  1  0  0  0  0  0  0  0  0  0  1  0  3  0
  1.5024751562523155e-09  1  0  0  0  0  0  1  0  0  0  1  0  0  0  0  0
  1.5565861557252099e-02  0  2  1  0  1  0  1  0  0  0  0  0  0  0  0  0
  6.5561258018277983e-04  3  1  0  0  0  1  0  0  0  0  0  0  0  0  0  0
 -1.1695430236947125e-05  1  0  1  1  0  0  0  0  0  0  0  0  0  0  1  1
 -7.8955163631169045e-05  1  0  4  0  0  0  0  0  0  0  0  0  0  0  0  0
  9.5881215128744828e-05  1  1  0  0  0  0  0  0  2  1  0  0  0  0  0  0
 -3.2069488984392728e-04  0  1  1  0  0  0  0  0  0  0  2  1  0  0  0  0
  3.1026532013695560e-05  0  0  0  0  0  0  0  0  0  0  0  0  1  4  0  0
 -7.6515147266201537e-13  0  1  0  0  0  0  0  1  0  0  1  0  0  0  0  0
  1.1391113052508571e-05  0  0  1  0  1  0  1  0  0  0  0  0  0  0  0  0
  3.3049575002486038e-11  0  0  0  0  0  1  0  0  0  0  0  0  1  1  0  0
  8.0684348183862576e-05  0  0  0  0  0  0  0  0  0  0  0  0  0  3  1  1
  3.4303260684686221e-10  0  0  0  0  1  0  0  0  0  0  0  0  0  0  2  0
 -1.8765141145900910e-10  0  0  0  0  1  0  0  0  0  0  0  0  0  2  0  0
 -3.5853909899863121e-05  0  1  2  1  0  0  0  0  0  0  1  0  0  0  0  0
 -5.1991119009330586e-05  0  0  0  1  0  1  1  0  0  0  0  0  0  0  0  0
 -8.0244697302019890e-05  0  1  0  0  0  0  1  1  0  0  0  0  0  0  0  0
  5.3912760021540523e-05  0  1  1  0  0  0  0  0  0  0  0  0  0  2  0  1
 -6.6227954200732843e-07  1  0  2  0  0  0  0  0  0  0  0  0  2  0  0  0
 -3.8838485288687241e-09  0  0  0  0  0  1  0  1  0  0  1  0  0  0  0  0
  2.7373597398808689e-05  0  1  0  0  0  0  0  0  0  0  0  0  0  0  1  3
  2.1146941815941873e-07  0  2  0  2  0  0  0  0  0  0  0  0  1  0  0  0
 -1.1518906386044864e-04  0  0  0  0  0  0  0  0  0  0  0  0  1  2  0  2
  2.1273906524266245e-05  0  0  0  3  0  0  0  0  0  1  1  0  0  0  0  0
  6.0516077534935193e-05  0  0  2  0  0  0  0  0  1  0  2  0  0  0  0  0
  2.6605173781626955e-06  0  2  1  1  0  0  0  0  0  0  0  0  0  1  0  0
 -6.2922386949017746e-11  1  0  0  0  0  1  0  0  0  0  0  0  0  1  0  0
 -2.0081450732940744e-06  0  2  0  1  0  0  0  0  0  0  0  0  1  0  0  1
 -4.9538661939542428e-03  2  1  1  1  0  0  0  0  0  0  0  0  0  0  0  0
  5.7629199150676580e-08  1  1  0  0  0  0  0  0  0  1  0  0  0  0  0  0
  3.0843408721413435e-02  0  1  1  0  0  2  0  1  0  0  0  0  0  0  0  0
 -8.1054127927646880e-06  0  0  2  0  0  0  0  0  0  0  0  0  0  1  1  1
 -1.6814477151362478e-04  0  1  0  0  0  0  0  0  0  0  0  0  2  0  1  1
  2.4645953883918161e-03  0  1  3  1  0  0  0  0  0  0  0  0  0  0  0  0
  1.6007183399359499e-10  0  0  0  0  0  0  0  0  0  1  0  0  0  0  1  1
  5.3912760021540516e-05  0  1  0  1  0  0  0  0  0  0  0  0  2  0  1  0
 -5.3621893063718318e-04  0  0  0  1  0  0  0  0  2  1  1  0  0  0  0  0
  1.0507822772297423e-04  2  0  0  0  0  0  0  0  3  0  0  0  0  0  0  0
 -4.5959757218519602e-07  0  0  0  1  0  0  0  0  0  1  1  0  0  0  0  0
  3.8491704179135426e-04  0  1  0  0  0  0  0  0  0  0  1  3  0  0  0  0
  6.4627184987624109e-07  2  1  1  0  0  0  0  0  0  0  0  0  0  0  0  1
  1.8602411812677445e-02  0  0  0  0  1  0  0  4  0  0  0  0  0  0  0  0
 -2.6379590128315410e-03  1  1  2  0  0  1  0  0  0  0  0  0  0  0  0  0
 -4.4424747954994828e-05  0  0  2  1  0  0  0  0  1  0  0  1  0  0  0  0
  7.0839174349925293e-03  1  1  1  0  0  1  1  0  0  0  0  0  0  0  0  0
 -1.7084803058009046e-07  0  0  0  2  0  0  0  0  1  0  0  0  0  0  0  0
  6.5326225007881115e-07  3  0  0  0  0  0  0  0  0  0  0  0  0  0  2  0
  3.9440344507469163e-06  0  2  0  0  0  0  0  0  0  0  0  0  1  0  0  2
 -5.0314410867834343e-02  0  1  0  0  2  0  1  1  0  0  0  0  0  0  0  0
 -8.5905756406348943e-07  1  2  0  0  0  0  0  0  0  0  2  0  0  0  0  0
  4.2383562343362185e-10  0  0  0  0  0  1  0  0  1  1  0  0  0  0  0  0
  7.0039766649700842e-09  1  1  0  0  0  0  0  0  0  0  0  0  0  1  0  0
  3.0234411346022871e-06  0  3  1  0  0  0  0  0  0  0  0  1  0  0  0  0
 -1.9288880085145992e-06  0  1  0  0  0  0  0  0  0  0  1  1  0  0  0  0
 -1.9430495934836560e-04  0  0  1  1  0  0  0  0  0  1  2  0  0  0  0  0
 -1.0225253882358645e-06  1  0  0  1  0  0  0  0  0  0  0  1  0  0  0  0
 -2.2320053928967751e-04  1  0  0  0  0  0  0  0  0  2  2  0  0  0  0  0
  3.5806692634691661e-02  0  0  1  1  1  0  1  1  0  0  0  0  0  0  0  0
 -3.7211805316111147e-03  0  1  0  3  0  0  1  0  0  0  0  0  0  0  0  0
 -3.6955636670271849e-08  0  4  0  0  0  0  0  0  0  0  0  0  1  0  0  0
  1.5016190768491803e-10  0  0  0  0  0  0  0  2  0  0  0  0  1  0  0  0
  4.1723059709506098e-05  0  0  1  2  0  0  0  0  0  1  0  1  0  0  0  0
 -1.9165254097893829e-05  0  1  0  1  0  0  0  0  0  0  0  0  0  0  3  0
 -5.8326310605655257e-07  1  0  0  0  0  0  0  0  0  2  0  0  0  0  0  0
  8.4109863515431147e-05  0  0  0  2  0  0  0  0  1  0  2  0  0  0  0  0
 -1.4025199752029459e-04  0  1  1  1  0  0  0  0  2  0  0  0  0  0  0  0
  1.4530459523536364e-05  0  0  0  1  0  0  0  0  0  0  0  0  0  1  3  0
  8.1133469801229600e-06  2  1  0  0  0  0  0  0  0  0  1  1  0  0  0  0
 -8.5321212035903097e-07  3  1  0  0  0  0  0  0  0  1  0  0  0  0  0  0
  1.2047726288395066e-07  0  1  0  1  0  0  0  0  0  0  0  0  0  0  1  0
  1.8258579435883263e-10  0  0  0  0  0  0  0  0  0  0  0  0  1  0  0  0
  2.7601413778407602e-04  0  0  1  1  0  0  0  0  1  0  1  1  0  0  0  0
 -5.7798729354380880e-04  0  0  0  0  0  0  0  0  0  1  3  1  0  0  0  0
  3.4721236632811706e-07  0  0  1  0  0  0  0  0  1  0  1  0  0  0  0  0
  6.6091152310397710e-11  0  0  1  0  1  0  0  0  0  0  0  0  0  0  1  0
  1.0276210249009529e-06  0  0  0  0  0  0  0  0  3  0  0  0  0  0  0  0
  2.9098329134439926e-07  2  0  2  0  0  0  0  0  0  0  0  0  1  0  0  0
  1.6399306341921184e-06  1  0  0  0  0  0  0  0  0  0  0  2  0  0  0  0
 -1.3162350103527003e-04  0  0  1  0  0  0  0  0  1  0  3  0  0  0  0  0
  4.1593362171529546e-11  0  0  0  1  0  0  0  0  0  0  1  0  0  1  0  0
 -3.2456287755935273e-03  2  0  1  0  0  1  0  1  0  0  0  0  0  0  0  0
 -3.6296989485899781e-06  0  0  2  0  1  0  0  0  0  0  0  0  0  0  0  0
 -3.4730356847913702e-07  0  0  1  0  0  0  0  0  0  1  0  1  0  0  0  0
 -2.5810035049777140e-06  1  1  0  2  0  0  0  0  0  0  0  0  0  1  0  0
 -1.5460183645652549e-10  0  0  0  0  1  0  0  0  0  0  0  0  2  0  0  0
 -6.3139407558857570e-10  1  0  0  0  1  0  0  0  1  0  0  0  0  0  0  0
  3.1746902581594809e-05  0  0  1  1  0  1  0  0  0  0  0  0  0  0  0  0
  3.1795522839910294e-02  1  0  0  2  2  0  0  0  0  0  0  0  0  0  0  0
 -3.4307487568548370e-05  2  0  0  2  0  0  0  0  1  0  0  0  0  0  0  0
 -2.7614487174311214e-05  0  0  0  1  0  0  0  0  0  0  0  0  1  0  2  1
  1.7420911869784643e-10  0  0  0  0  0  0  0  0  0  0  0  1  0  1  1  0
  2.4190447382221736e-04  0  0  0  1  0  0  0  0  0  1  3  0  0  0  0  0
  5.7201808453455926e-07  0  1  0  1  0  0  0  0  0  0  1  0  0  0  0  0
 -1.1600796793411323e-04  1  0  1  1  0  0  0  0  0  0  1  1  0  0  0  0
 -6.9138253742122153e-06  0  2  1  0  0  0  0  0  0  0  0  0  0  1  0  1
 -6.3112730075318979e-03  2  1  0  0  1  1  0  0  0  0  0  0  0  0  0  0
 -1.8881627464746547e-03  0  1  0  0  0  0  0  0  0  2  1  1  0  0  0  0
  2.4645953883918165e-03  0  1  1  3  0  0  0  0  0  0  0  0  0  0  0  0
 -1.1240327230848937e-03  3  0  0  0  0  2  0  0  0  0  0  0  0  0  0  0
 -5.7296760109796618e-06  1  0  1  0  0  0  0  0  0  0  0  0  0  0  3  0
 -3.3041012480954902e-02  0  1  1  0  1  1  1  0  0  0  0  0  0  0  0  0
 -5.3315480614394900e-03  3  0  0  0  2  0  0  0  0  0  0  0  0  0  0  0
  5.8640968861548064e-02  0  0  0  1  3  0  0  1  0  0  0  0  0  0  0  0
 -1.0665151504487887e-06  4  0  0  0  0  0  0  0  1  0  0  0  0  0  0  0
  1.0817270542690044e-12  0  1  0  0  0  1  0  0  0  0  0  0  1  0  0  0
 -3.6387281136727326e-03  0  0  3  0  1  0  1  0  0  0  0  0  0  0  0  0
 -1.1224802419914599e-07  1  0  0  0  0  0  0  0  0  0  0  0  0  0  0  0
 -3.5068447120326878e-05  1  0  1  1  0  0  0  0  1  1  0  0  0  0  0  0
 -6.1618446779345732e-06  1  0  2  0  0  0  0  0  0  2  0  0  0  0  0  0
 -7.6429045106216482e-07  1  0  0  0  0  0  0  0  2  0  0  0  0  0  0  0
  3.9219910095329978e-06  1  1  0  0  0  0  0  0  0  0  0  0  0  3  0  0
  1.5150037016897139e-09  0  0  0  0  0  0  0  2  1  0  0  0  0  0  0  0
  3.8371778728000312e-04  0  0  0  2  0  0  0  0  1  0  0  2  0  0  0  0
 -1.6512887313180811e-03  0  3  1  1  0  0  0  0  0  0  0  0  0  0  0  0
  1.2047726288395064e-07  0  1  1  0  0  0  0  0  0  0  0  0  0  0  0  1
  2.9979643917193880e-05  0  0  0  0  0  0  0  0  0  0  0  0  1  0  0  4
  1.9529324751114525e-02  0  1  1  1  0  0  0  2  0  0  0  0  0  0  0  0
 -1.3827650748424432e-05  1  1  0  1  0  0  0  0  0  0  0  0  1  0  1  0
  6.5371937353753511e-08  0  0  4  0  0  0  0  0  0  0  0  0  1  0  0  0
  1.3356568605087141e-11  0  0  1  0  0  0  0  0  1  0  0  0  0  0  1  0
  1.2117120060229970e-07  0  0  0  0  0  0  0  0  0  0  0  0  0  1  1  1
 -1.8477818335135929e-07  4  0  0  0  0  0  0  0  0  0  0  0  1  0  0  0
  4.9100158590673099e-06  2  1  0  0  0  0  0  0  0  0  0  0  0  0  1  1
  5.0819205051175957e-04  0  1  0  1  0  0  0  0  2  0  1  0  0  0  0  0
 -4.2440332490405938e-11  0  0  0  0  0  0  0  0  1  0  0  0  0  0  0  2
  1.4551874703716746e-10  0  0  0  0  0  0  0  0  0  0  0  2  1  0  0  0
 -3.4661704475670864e-09  0  0  0  0  1  0  1  0  0  0  1  0  0  0  0  0
  2.9602288400392075e-03  1  0  0  0  0  2  2  0  0  0  0  0  0  0  0  0
 -2.3524489352217575e-05  1  0  0  2  0  0  0  0  0  0  0  0  0  0  0  2
  1.3092374280563533e-04  1  0  0  1  0  0  0  0  1  1  1  0  0  0  0  0
 -1.6202547678122979e-02  0  0  1  0  0  3  0  1  0  0  0  0  0  0  0  0
 -2.8302202441660856e-02  0  0  1  0  1  0  1  2  0  0  0  0  0  0  0  0
 -2.1272144047208835e-04  1  0  0  2  0  0  0  0  0  0  0  2  0  0  0  0
  3.2153672829723251e-03  0  2  0  0  3  0  0  0  0  0  0  0  0  0  0  0
  2.3591238726357700e-06  2  0  1  0  0  0  0  0  0  0  0  0  0  1  0  1
  2.8139797787905602e-05  0  1  0  2  0  0  0  0  1  1  0  0  0  0  0  0
 -4.4029623560453302e-07  0  0  1  3  0  0  0  0  0  0  0  0  0  1  0  0
 -5.0514194842805309e-06  0  1  2  1  0  0  0  0  0  0  0  0  0  0  1  0
 -2.6235873505302123e-02  0  0  0  1  2  1  1  0  0  0  0  0  0  0  0  0
 -2.2432753384648923e-04  0  1  0  0  0  0  0  0  1  3  0  0  0  0  0  0
 -6.0758932840479644e-11  1  0  0  0  1  0  0  0  0  0  0  0  1  0  0  0
  8.4308488221742365e-06  0  1  0  2  0  0  0  0  0  0  0  0  0  0  1  1
 -2.4990871285817194e-02  1  0  1  1  0  0  1  1  0  0  0  0  0  0  0  0
  6.6146957812545899e-10  0  0  0  0  2  0  0  0  1  0  0  0  0  0  0  0
 -8.1054127927646880e-06  0  0  1  1  0  0  0  0  0  0  0  0  0  1  0  2
 -3.2664787636394200e-05  1  0  0  0  0  0  0  0  0  0  0  0  4  0  0  0
  8.5905756406348932e-07  1  2  0  0  0  0  0  0  2  0  0  0  0  0  0  0
  4.7940607564372421e-05  0  2  0  0  0  0  0  0  1  2  0  0  0  0  0  0
  3.3003728013487661e-11  0  0  1  0  0  0  1  0  1  0  0  0  0  0  0  0
 -1.7798072599291719e-02  2  0  0  2  1  0  0  0  0  0  0  0  0  0  0  0
  9.8340970294362585e-07  1  2  0  0  0  0  0  0  0  0  0  0  0  2  0  0
  6.0136301720355230e-06  0  0  2  2  0  0  0  0  1  0  0  0  0  0  0  0
  1.5950061611222207e-06  2  0  2  0  0  0  0  0  1  0  0  0  0  0  0  0
 -4.8142349022007529e-02  0  0  0  1  1  0  0  3  0  0  0  0  0  0  0  0
  1.7745967745155886e-02  0  1  0  2  0  0  1  1  0  0  0  0  0  0  0  0
 -2.2992247306644858e-05  1  0  0  0  0  0  0  0  0  0  0  0  0  0  0  4
  2.5976107331458529e-06  0  2  0  0  0  0  0  0  0  0  0  0  1  2  0  0
  1.0505964997455126e-08  2  0  0  0  0  0  0  0  0  0  0  0  1  0  0  0
  2.7373597398808685e-05  0  1  0  0  0  0  0  0  0  0  0  0  0  0  3  1
  1.4025199752029459e-04  0  1  1  1  0  0  0  0  0  0  0  2  0  0  0  0
  9.8340970294362564e-07  1  2  0  0  0  0  0  0  0  0  0  0  2  0  0  0
 -1.3863153067588411e-05  0  0  1  1  0  0  0  0  0  0  0  0  0  1  2  0
  5.7732641170057128e-04  0  0  0  0  0  0  0  0  1  4  0  0  0  0  0  0
 -8.9653020015540708e-03  0  0  1  0  1  0  3  0  0  0  0  0  0  0  0  0
  4.3813500921638356e-06  1  0  0  0  0  0  0  0  0  0  0  0  0  0  4  0
 -2.2432753384648925e-04  0  1  0  0  0  0  0  0  3  1  0  0  0  0  0  0
 -2.3591238726357704e-06  2  0  1  0  0  0  0  0  0  0  0  0  1  0  1  0
  3.1997616279747610e-04  0  1  0  0  0  0  0  0  1  1  2  0  0  0  0  0
  1.5040054591976484e-09  1  0  0  0  0  0  0  1  0  0  0  1  0  0  0  0
 -4.1723059709506111e-05  0  0  1  2  0  0  0  0  1  0  1  0  0  0  0  0
  1.1258530624866365e-10  0  0  0  0  0  0  0  0  1  1  0  0  0  1  0  0
  2.7751814805503609e-04  1  0  1  0  0  0  3  0  0  0  0  0  0  0  0  0
  2.0816850204666762e-04  2  0  0  1  0  0  0  0  1  0  0  1  0  0  0  0
  3.8830256061054408e-04  1  0  3  0  0  0  1  0  0  0  0  0  0  0  0  0
  5.1827749731078992e-04  1  1  0  0  0  0  0  0  1  0  1  1  0  0  0  0
 -5.5125499937809798e-07  1  2  1  0  0  0  0  0  0  0  0  0  0  0  1  0
 -1.3708106228239465e-06  2  0  1  1  0  0  0  0  0  1  0  0  0  0  0  0
  6.4473381100824812e-05  3  0  2  0  0  0  0  0  0  0  0  0  0  0  0  0
 -4.6528908146187577e-03  1  0  1  0  0  2  1  0  0  0  0  0  0  0  0  0
  7.0785690716084675e-12  0  1  0  0  0  1  0  0  1  0  0  0  0  0  0  0
 -2.8805448581900740e-02  0  0  0  1  1  0  2  1  0  0  0  0  0  0  0  0
  1.6366719530224370e-06  0  3  0  0  0  0  0  0  0  0  0  0  0  0  1  1
 -7.6364134493444712e-03  1  0  0  2  0  0  2  0  0  0  0  0  0  0  0  0
  1.6390314504569496e-04  0  4  0  0  1  0  0  0  0  0  0  0  0  0  0  0
 -6.1708653411456727e-11  0  0  0  0  0  0  0  0  1  0  0  0  0  2  0  0
  1.1856844603469279e-10  0  0  0  0  0  0  0  0  2  0  0  0  1  0  0  0
  5.1421545518408049e-05  0  0  2  1  0  0  0  0  0  1  1  0  0  0  0  0
 -3.0404384023556559e-10  0  0  0  0  1  0  0  0  0  0  0  2  0  0  0  0
 -1.1693932520855347e-04  0  0  0  0  0  0  0  0  0  0  0  0  3  0  0  2
 -2.2959368019067282e-05  0  0  1  0  0  0  0  0  0  0  0  0  0  3  0  1
  2.7416138204786737e-07  1  0  0  0  0  0  0  0  0  0  0  0  0  0  0  2
  2.3041745526744353e-03  0  3  1  0  0  0  0  1  0  0  0  0  0  0  0  0
 -2.0908427081791764e-07  1  0  0  1  0  0  0  0  0  0  0  0  0  0  0  1
 -1.3441164537110811e-02  0  1  0  0  3  1  0  0  0  0  0  0  0  0  0  0
 -3.5376601530184768e-05  0  0  0  2  1  0  0  0  0  0  0  0  0  0  0  0
 -1.0937009903534283e-10  0  0  0  1  0  0  0  1  0  0  0  0  1  0  0  0
 -3.7585046936761595e-10  0  0  0  0  0  0  0  0  0  1  0  1  0  0  1  0
  4.8421210923115023e-11  0  0  0  0  2  0  0  0  0  0  0  0  1  0  0  0
 -7.7552461092836198e-03  0  0  2  0  1  2  0  0  0  0  0  0  0  0  0  0
 -4.4701797166263501e-06  0  0  1  3  0  0  0  0  0  1  0  0  0  0  0  0
  2.7337627365723243e-02  0  0  0  0  0  3  1  1  0  0  0  0  0  0  0  0
  4.6240582317007471e-02  0  0  0  2  1  0  0  2  0  0  0  0  0  0  0  0
 -1.6188352722763283e-10  0  0  0  0  0  2  0  0  1  0  0  0  0  0  0  0
 -7.2897312624683992e-10  0  0  0  1  1  0  0  0  0  0  0  1  0  0  0  0
  4.7054064862079704e-05  1  0  0  0  0  0  0  0  0  0  4  0  0  0  0  0
  1.7914604545190237e-02  1  0  1  0  0  0  1  2  0  0  0  0  0  0  0  0
  1.9849383699824539e-03  1  0  0  0  0  0  0  0  2  0  0  2  0  0  0  0
 -1.9539433118288502e-02  0  0  0  3  1  0  0  1  0  0  0  0  0  0  0  0
 -1.4993923859325638e-10  0  0  0  0  0  0  0  0  0  1  1  0  0  0  0  1
 -1.2798181805385464e-06  2  2  0  0  0  0  0  0  1  0  0  0  0  0  0  0
  1.6183574112864170e-05  1  0  2  0  0  0  0  0  0  0  2  0  0  0  0  0
 -8.7855991993366062e-07  0  1  0  3  0  0  0  0  0  0  0  0  0  0  1  0
  2.2390990776310380e-02  1  0  1  0  1  1  0  1  0  0  0  0  0  0  0  0
 -1.3441164537110813e-02  0  1  0  0  1  3  0  0  0  0  0  0  0  0  0  0
 -8.4795869559833403e-04  0  0  0  1  0  0  0  0  1  0  0  3  0  0  0  0
 -1.8977949855630814e-04  0  1  1  0  0  0  0  0  1  1  1  0  0  0  0  0
  2.1413701400345611e-02  1  0  0  1  0  0  2  1  0  0  0  0  0  0  0  0
  3.7716271517872601e-05  1  1  0  0  0  0  0  0  0  0  0  0  1  0  1  1
 -3.2784370725243686e-05  0  1  1  1  0  0  0  0  0  0  0  0  0  0  0  0
