758
  4.4137501105723891e-03  0  1  3  0  0  0  0  1  0  0  0  0  0  0  0  0
  2.2082437938838753e-06  0  0  0  0  0  0  1  1  0  1  0  0  0  0  0  0
 -2.7933657370331617e-02  0  0  0  1  0  1  1  2  0  0  0  0  0  0  0  0
 -8.9364498509121417e-06  1  0  0  0  0  0  2  0  0  0  0  0  0  0  0  0
 -2.4240937815699325e-09  0  0  1  0  1  0  0  0  0  0  1  0  0  0  0  0
 -2.5702542915493389e-04  0  0  0  0  1  1  0  0  0  0  0  0  0  1  0  2
  7.9206340982932860e-02  2  0  0  0  1  0  0  2  0  0  0  0  0  0  0  0
  7.9806732295139786e-07  0  0  0  0  0  0  0  1  0  0  0  0  1  0  0  1
 -4.8246431710407623e-03  0  0  0  0  0  2  0  0  1  0  2  0  0  0  0  0
  1.4790441168631487e-04  0  0  0  0  1  0  0  2  0  0  0  0  0  0  0  0
 -3.9362217470523394e-05  0  0  0  0  1  0  1  0  0  0  0  0  0  0  3  0
  6.7890823634321246e-04  0  0  0  0  1  0  0  0  0  0  0  0  0  2  0  2
 -1.7081518740372587e-02  0  0  2  0  1  0  0  2  0  0  0  0  0  0  0  0
 -4.9183148330356056e-10  1  0  0  0  0  0  1  0  0  0  0  0  0  0  1  0
 -7.7552461092836198e-03  1  0  2  0  0  2  0  0  0  0  0  0  0  0  0  0
  1.2239880561163137e-10  0  0  0  0  0  0  1  0  1  0  0  0  0  0  1  0
  4.9735499965485657e-03  0  0  0  0  1  0  0  0  2  0  2  0  0  0  0  0
  1.4682336982310427e-04  0  0  0  0  1  0  0  3  0  0  0  0  0  0  0  1
  1.5315926214657662e-06  0  0  0  0  0  2  0  2  0  0  0  0  1  0  0  0
  1.2790114662453033e-03  0  0  0  0  0  0  0  3  0  1  1  0  0  0  0  0
  3.3348852656941145e-11  0  0  2  0  0  0  0  0  0  0  0  0  1  0  0  0
 -2.5314030285142952e-02  0  0  0  0  0  0  0  1  1  0  0  3  0  0  0  0
 -1.5176251819990230e-02  0  1  0  0  0  0  3  1  0  0  0  0  0  0  0  0
 -8.9474775308841913e-03  0  0  0  1  0  1  3  0  0  0  0  0  0  0  0  0
  1.0874844578792600e-02  0  1  1  0  0  0  0  3  0  0  0  0  0  0  0  0
  1.6507572230207114e-05  0  0  0  0  1  0  2  0  0  0  0  0  2  0  0  0
  2.4378470583211255e-04  0  0  0  0  0  1  1  1  0  0  0  0  0  0  0  2
  2.4428993481587629e-11  0  0  0  0  0  0  1  0  0  0  1  0  1  0  0  0
  1.9621328053877682e-04  0  0  0  0  0  1  0  0  0  0  0  0  0  0  3  1
 -2.9077771054150377e-02  0  0  0  0  0  1  0  0  0  2  1  1  0  0  0  0
  3.0456286186534301e-04  0  0  0  0  0  0  0  0  0  0  0  0  3  2  0  0
  2.6539984537839948e-04  0  0  0  0  0  0  1  0  0  0  0  0  0  1  2  1
  8.5615589183880972e-02  0  0  0  0  3  0  0  2  0  0  0  0  0  0  0  0
 -1.3217169039027347e-03  0  0  0  0  3  0  0  0  2  0  0  0  0  0  0  0
  3.6995249420038027e-03  0  0  0  0  0  0  0  2  1  0  2  0  0  0  0  0
  7.9469526998202989e-04  0  0  0  0  1  2  0  0  0  0  0  2  0  0  0  0
 -1.0040263368141429e-01  2  0  0  1  1  0  0  1  0  0  0  0  0  0  0  0
 -1.5136595961186964e-02  0  0  0  0  0  0  0  1  1  0  2  1  0  0  0  0
 -2.9749492851755742e-10  0  0  0  0  0  0  0  0  1  0  0  0  2  0  0  0
 -1.0151419149416042e-05  0  0  0  0  1  0  0  0  2  0  0  0  0  0  0  0
  9.5379697109662046e-03  1  0  2  0  0  0  0  2  0  0  0  0  0  0  0  0
 -7.2160555419695733e-03  0  0  0  0  0  1  0  0  1  3  0  0  0  0  0  0
 -3.5376601530184768e-05  1  0  0  2  0  0  0  0  0  0  0  0  0  0  0  0
  1.2782368412809307e-04  0  0  0  0  0  0  0  1  0  0  0  0  0  1  3  0
  1.2909235309466976e-02  0  0  0  0  0  1  1  0  0  2  0  1  0  0  0  0
 -3.8527224694392697e-11  0  1  0  0  1  0  0  0  0  0  0  0  0  1  0  0
 -2.6389224647802656e-03  0  0  0  0  0  1  2  1  0  0  1  0  0  0  0  0
 -7.9566296010984442e-04  0  0  0  0  0  1  3  0  0  0  0  1  0  0  0  0
 -1.8407571264328331e-03  0  0  4  0  1  0  0  0  0  0  0  0  0  0  0  0
 -4.6169135726980177e-03  0  0  0  0  0  0  1  0  1  0  3  0  0  0  0  0
  1.6988270627161348e-04  0  0  0  0  0  1  0  2  0  0  0  0  0  0  1  1
  2.5931701275059279e-02  1  1  0  0  0  1  2  0  0  0  0  0  0  0  0  0
  8.7453420051102846e-05  0  0  0  0  0  0  0  2  0  0  0  0  1  0  2  0
  4.1963071153185857e-02  0  0  1  0  2  1  0  1  0  0  0  0  0  0  0  0
 -2.4378470583211257e-04  0  0  0  0  0  1  1  1  0  0  0  0  2  0  0  0
 -9.5979721918757743e-07  0  0  0  0  0  0  2  0  1  0  0  0  0  0  0  0
  4.6240582317007471e-02  1  0  0  2  0  0  0  2  0  0  0  0  0  0  0  0
 -1.0266108795749336e-03  0  0  0  0  3  0  0  0  0  0  0  0  0  0  0  0
  3.1619292551632601e-02  0  0  0  2  3  0  0  0  0  0  0  0  0  0  0  0
  4.3626320048959456e-03  0  0  0  0  1  1  1  1  1  0  0  0  0  0  0  0
  4.5374511124066545e-10  0  0  0  0  1  0  0  0  0  0  1  0  0  0  1  0
  4.2873629342264533e-02  1  0  0  0  4  0  0  0  0  0  0  0  0  0  0  0
  1.5140952866150803e-02  0  0  0  0  2  0  0  1  1  0  0  1  0  0  0  0
  5.3362830409914769e-09  0  0  0  0  0  0  0  0  1  0  0  0  0  0  0  0
 -7.1933056543226018e-03  0  0  0  0  0  0  0  2  3  0  0  0  0  0  0  0
 -3.3041012480954896e-02  1  1  0  1  0  1  0  1  0  0  0  0  0  0  0  0
  6.1004183265582334e-03  0  0  0  0  0  0  1  1  2  1  0  0  0  0  0  0
  1.2718301297774395e-05  0  0  0  0  0  3  1  0  0  0  0  0  0  0  0  1
  2.5985976034759424e-11  0  0  0  2  0  0  0  0  0  0  0  0  1  0  0  0
 -3.4858888034204335e-05  0  0  0  0  1  0  2  0  0  0  0  0  0  0  0  2
 -1.0062882173566869e-01  1  1  0  0  1  0  1  1  0  0  0  0  0  0  0  0
  4.0028316283373222e-02  0  0  0  0  3  0  2  0  0  0  0  0  0  0  0  0
 -1.7582739469683081e-02  0  1  1  1  0  0  2  0  0  0  0  0  0  0  0  0
  2.0860179830396841e-02  0  0  0  0  1  0  0  0  0  2  0  2  0  0  0  0
  6.1686817442826884e-02  1  1  0  1  1  0  1  0  0  0  0  0  0  0  0  0
  2.0369991719568759e-04  0  0  0  0  1  0  0  0  0  0  4  0  0  0  0  0
 -3.1329125737131423e-07  0  0  0  0  0  0  0  1  0  0  0  0  0  1  1  0
 -3.5344040866970509e-02  0  0  0  0  0  0  0  0  3  0  0  2  0  0  0  0
  6.2821952733627118e-02  0  0  0  0  1  2  2  0  0  0  0  0  0  0  0  0
 -8.8717539078080857e-04  0  0  0  0  2  0  0  1  0  1  1  0  0  0  0  0
  1.1105117201891999e-04  1  0  0  1  0  0  0  1  0  0  0  0  0  0  0  0
 -2.4759966662925794e-07  0  0  0  0  1  0  0  0  0  0  0  0  0  0  0  0
  7.3628766221817325e-12  0  0  1  1  0  0  0  0  0  0  0  0  0  1  0  0
  3.3049575002486193e-11  0  1  0  0  0  0  0  0  0  0  0  0  1  1  0  0
 -7.3602646169270368e-04  0  0  0  0  1  0  0  1  0  0  0  0  0  2  0  1
  7.9469526998203011e-04  0  0  0  0  1  2  0  0  0  0  2  0  0  0  0  0
 -6.2695298491611522e-03  0  0  0  0  0  0  0  2  1  2  0  0  0  0  0  0
 -1.5565937617905706e-02  0  0  0  0  2  0  0  0  1  0  0  2  0  0  0  0
 -6.9977299092312457e-04  3  0  0  0  0  0  2  0  0  0  0  0  0  0  0  0
 -3.2056380972980939e-03  0  0  0  0  0  0  1  2  1  0  1  0  0  0  0  0
 -3.1080720983297633e-02  0  0  0  0  0  0  0  0  1  2  0  2  0  0  0  0
  6.0652091411133313e-03  0  0  0  0  1  1  0  0  2  1  0  0  0  0  0  0
 -1.9819640159448240e-04  0  0  0  0  0  0  0  2  0  0  0  0  0  1  1  1
  4.7142273076072683e-03  2  0  2  0  1  0  0  0  0  0  0  0  0  0  0  0
 -8.1012224607630457e-03  0  0  0  0  1  0  0  0  0  0  0  4  0  0  0  0
  2.6996051472454734e-10  0  0  0  1  1  0  0  0  0  0  0  0  0  0  0  1
  1.7413534769171171e-03  0  2  0  2  1  0  0  0  0  0  0  0  0  0  0  0
  7.3816329693814433e-04  0  0  0  0  0  0  2  2  1  0  0  0  0  0  0  0
  2.9747908526959004e-09  1  0  0  0  0  0  0  0  0  0  2  0  0  0  0  0
  2.3951407238532174e-03  0  0  0  0  0  0  0  0  1  0  4  0  0  0  0  0
 -7.5519707811884992e-03  2  0  1  1  0  1  0  0  0  0  0  0  0  0  0  0
  8.8747300025650411e-05  0  0  0  0  0  2  1  1  0  0  0  0  0  1  0  0
 -5.6939580062070652e-06  0  0  0  0  1  0  3  0  0  0  0  0  0  0  1  0
  2.8302202441660863e-02  0  1  0  1  0  0  1  2  0  0  0  0  0  0  0  0
  1.4794347896654009e-02  0  0  0  0  0  0  1  0  0  1  2  1  0  0  0  0
 -1.4939745132700298e-04  0  0  0  0  0  2  1  0  0  0  0  0  0  1  0  1
 -1.3946994656632962e-02  0  0  0  0  0  0  0  1  2  1  1  0  0  0  0  0
 -3.1041437519430603e-04  0  0  0  0  1  1  1  0  0  0  0  0  1  0  0  1
 -9.7803085519387580e-10  0  0  0  0  0  0  0  0  0  0  1  1  0  1  0  0
 -4.0421836359096436e-02  1  0  0  0  0  2  0  2  0  0  0  0  0  0  0  0
  2.5931701275059272e-02  1  1  0  0  0  1  0  2  0  0  0  0  0  0  0  0
  1.7216578582555542e-02  0  0  1  1  0  1  2  0  0  0  0  0  0  0  0  0
 -2.5816138650872594e-06  0  0  0  0  1  0  0  0  0  0  0  0  2  0  2  0
  2.6507102029574803e-10  0  0  0  0  0  0  0  0  0  0  1  0  1  0  1  0
 -2.4815080597088392e-02  0  1  0  1  0  2  1  0  0  0  0  0  0  0  0  0
  2.3818790115204786e-11  0  0  0  0  0  0  0  0  0  1  0  0  1  1  0  0
  8.4925000410796455e-05  0  0  0  0  0  0  1  2  0  0  0  0  0  1  0  1
  3.4303260684686221e-10  1  0  0  0  0  0  0  0  0  0  0  0  0  0  2  0
 -1.8345066333913533e-03  0  0  0  0  3  0  0  1  0  0  0  1  0  0  0  0
  1.6390314504569496e-04  1  4  0  0  0  0  0  0  0  0  0  0  0  0  0  0
 -4.0323493611332431e-02  1  1  0  0  2  1  0  0  0  0  0  0  0  0  0  0
 -1.2429232334416621e-02  0  0  0  0  1  0  4  0  0  0  0  0  0  0  0  0
 -3.2277903922621918e-03  2  2  0  0  1  0  0  0  0  0  0  0  0  0  0  0
 -4.7801726865236621e-02  0  0  1  0  3  0  1  0  0  0  0  0  0  0  0  0
 -3.2277560686589738e-10  0  2  0  0  0  0  0  0  1  0  0  0  0  0  0  0
  2.9624543526902261e-02  0  0  0  0  0  0  0  0  2  1  1  1  0  0  0  0
  2.2939779832891749e-02  0  0  0  2  1  2  0  0  0  0  0  0  0  0  0  0
 -2.4240314353390447e-07  0  0  0  0  0  0  1  0  0  0  0  0  0  1  0  1
 -1.1042112229576757e-02  0  0  1  2  0  1  0  1  0  0  0  0  0  0  0  0
  6.3434211190790051e-07  0  0  0  0  0  1  0  1  0  0  0  0  0  0  1  0
  6.6216314310318147e-05  0  0  0  0  0  0  2  0  0  0  0  0  1  0  2  0
  4.0902158068745182e-05  0  0  0  0  0  0  0  3  0  0  0  0  0  1  1  0
 -6.4091713642059326e-05  0  0  0  0  0  0  2  0  0  0  0  0  1  2  0  0
 -1.1403764401931922e-02  0  0  0  0  0  1  0  1  0  0  1  2  0  0  0  0
  2.3453697127757367e-05  0  0  0  0  0  0  2  2  0  0  0  0  1  0  0  0
  3.5419587174962634e-03  1  2  0  1  0  0  0  1  0  0  0  0  0  0  0  0
  3.6995249420038027e-03  0  0  0  0  0  0  2  0  1  0  0  2  0  0  0  0
  3.1538786578110823e-06  0  0  0  0  0  0  4  0  0  0  0  0  1  0  0  0
  1.6988270627161340e-04  0  0  0  0  0  1  2  0  0  0  0  0  0  0  1  1
  1.6040576731602165e-03  0  0  0  0  3  0  0  0  0  0  0  2  0  0  0  0
 -6.1455315773438077e-06  0  0  0  0  1  0  0  0  0  2  0  0  0  0  0  0
 -5.1991119009330606e-05  0  1  1  0  0  0  0  1  0  0  0  0  0  0  0  0
  8.5747258684529069e-03  1  0  0  0  0  4  0  0  0  0  0  0  0  0  0  0
  8.2335310535309438e-10  1  0  0  0  0  1  0  0  0  1  0  0  0  0  0  0
  5.0447046679433902e-10  0  0  0  0  1  0  0  0  0  0  0  1  0  0  0  1
 -7.9566296010984442e-04  0  0  0  0  0  1  0  3  0  0  1  0  0  0  0  0
  1.4740049617964037e-02  0  0  0  0  0  1  1  3  0  0  0  0  0  0  0  0
  1.1485796116230492e-07  0  0  0  0  1  0  1  0  0  0  0  0  0  0  1  0
 -4.5597892869177368e-03  0  0  0  0  0  2  1  0  0  1  0  1  0  0  0  0
 -3.0290977344992361e-05  0  0  0  0  0  1  0  3  0  0  0  0  0  0  1  0
 -1.1232510151515831e-03  0  0  0  0  1  0  1  0  0  2  1  0  0  0  0  0
  5.9027688157909297e-03  0  0  0  0  0  0  0  1  0  1  3  0  0  0  0  0
 -1.2908455679907989e-05  0  0  0  0  3  0  0  0  0  0  0  0  2  0  0  0
  1.7216578582555542e-02  0  0  1  1  0  1  0  2  0  0  0  0  0  0  0  0
  3.6195515590735377e-04  0  0  0  0  1  0  2  0  0  2  0  0  0  0  0  0
  1.6194177962984533e-03  0  0  0  0  1  0  2  1  0  0  0  1  0  0  0  0
  2.4345189455801636e-02  2  1  0  0  0  0  1  1  0  0  0  0  0  0  0  0
 -1.2871893006432804e-10  0  0  0  1  0  0  0  0  0  0  0  0  1  0  0  1
 -2.3742238469217901e-05  0  0  0  0  1  2  0  1  0  0  0  0  0  0  0  1
  1.1391113052508571e-05  1  0  1  0  0  0  1  0  0  0  0  0  0  0  0  0
 -6.8380909350761576e-02  0  0  0  0  2  1  1  1  0  0  0  0  0  0  0  0
 -1.0266108795749340e-03  0  0  0  0  1  2  0  0  0  0  0  0  0  0  0  0
 -2.2241631627005427e-04  0  0  0  0  0  0  0  0  0  0  0  0  1  2  2  0
  1.0920081047834135e-03  0  0  0  0  2  0  0  0  0  1  1  1  0  0  0  0
  1.0179054343982409e-05  0  0  0  0  0  0  0  0  0  1  1  1  0  0  0  0
  2.0031632607811640e-10  1  0  0  0  0  0  0  1  0  0  0  0  0  0  0  1
  1.5724673714842204e-07  0  0  0  0  0  0  1  1  0  0  0  0  0  1  0  0
  1.6101488601009629e-03  0  3  0  0  0  0  1  1  0  0  0  0  0  0  0  0
 -2.6657740307197450e-03  4  0  0  0  1  0  0  0  0  0  0  0  0  0  0  0
 -1.0272459575083276e-11  0  0  0  0  0  1  0  0  0  1  0  0  1  0  0  0
  2.3586812318196243e-05  0  0  0  0  0  4  0  0  1  0  0  0  0  0  0  0
  1.0991273803516906e-04  0  0  0  0  1  1  0  0  0  0  0  0  2  1  0  0
  1.4740049617964032e-02  0  0  0  0  0  1  3  1  0  0  0  0  0  0  0  0
 -1.2222635048431897e-04  0  0  0  0  0  1  2  1  0  0  0  0  0  0  1  0
 -1.3677442148874425e-02  3  0  0  0  0  0  0  2  0  0  0  0  0  0  0  0
 -1.0474962419311290e-05  0  0  0  0  1  0  0  1  0  0  0  1  0  0  0  0
  1.2495147627789422e-03  0  0  0  0  0  2  0  0  3  0  0  0  0  0  0  0
  3.7485442883368253e-03  0  0  0  0  2  0  0  0  1  2  0  0  0  0  0  0
  4.2383562343362459e-10  0  1  0  0  0  0  0  0  1  1  0  0  0  0  0  0
  2.4303895960508483e-05  0  0  0  0  0  0  3  0  0  0  0  0  0  1  0  1
  9.4347249272784986e-05  0  0  0  0  3  1  0  0  0  1  0  0  0  0  0  0
 -3.9058649502229051e-02  1  1  1  1  1  0  0  0  0  0  0  0  0  0  0  0
  5.5316340961145492e-03  0  0  0  0  2  0  0  0  3  0  0  0  0  0  0  0
 -7.5952313203541004e-05  0  0  0  0  0  0  1  0  0  0  0  0  1  0  3  0
  3.5131134629279283e-02  0  2  0  0  1  0  2  0  0  0  0  0  0  0  0  0
  2.1813160024479728e-03  0  0  0  0  0  2  1  1  0  1  0  0  0  0  0  0
 -3.6296989485899781e-06  1  0  2  0  0  0  0  0  0  0  0  0  0  0  0  0
 -2.5362677776836595e-11  0  0  0  0  0  1  0  0  0  0  1  0  0  0  0  1
  1.6943641263308919e-06  0  0  0  0  3  0  1  0  0  0  0  0  0  0  1  0
  2.2905592399592069e-04  0  0  0  0  0  0  0  0  0  0  0  0  1  0  2  2
 -5.7440961461678532e-04  0  0  0  0  2  0  1  0  0  1  0  1  0  0  0  0
  1.2948301734008516e-02  0  0  0  0  0  0  1  0  1  2  1  0  0  0  0  0
 -2.3494886987943942e-05  0  0  0  0  2  1  0  0  0  0  0  0  1  1  0  0
  1.5722265287207132e-02  0  0  0  0  0  0  0  0  1  0  2  2  0  0  0  0
 -1.0931983839500692e-02  0  0  0  0  0  0  0  0  0  1  1  3  0  0  0  0
 -1.0818762585311755e-03  0  3  0  1  0  0  1  0  0  0  0  0  0  0  0  0
  1.7592290658464418e-01  1  0  0  1  2  0  0  1  0  0  0  0  0  0  0  0
  8.9653020015540725e-03  0  1  0  1  0  0  3  0  0  0  0  0  0  0  0  0
  2.9602288400392075e-03  0  2  0  0  1  0  0  2  0  0  0  0  0  0  0  0
  1.8602411812677445e-02  1  0  0  0  0  0  0  4  0  0  0  0  0  0  0  0
  8.0475033265727772e-04  0  1  0  0  1  1  0  0  0  0  0  0  0  0  0  0
  2.2028571805364654e-02  1  0  0  0  0  0  2  2  0  0  0  0  0  0  0  0
 -1.5998448329341858e-04  0  0  0  0  0  1  1  0  0  0  0  0  0  0  0  3
  4.4373537318717339e-04  0  0  0  0  2  0  1  1  0  1  0  0  0  0  0  0
  1.9583970529729808e-04  0  0  0  0  0  1  0  0  0  0  0  0  1  1  2  0
 -1.5035460511238901e-02  1  0  2  0  2  0  0  0  0  0  0  0  0  0  0  0
 -1.7145939812135201e-05  0  0  0  0  0  0  1  3  0  0  0  0  0  1  0  0
 -4.2013266820263981e-03  0  0  0  4  1  0  0  0  0  0  0  0  0  0  0  0
 -2.0189603800627783e-09  0  0  1  0  0  1  0  0  0  0  0  1  0  0  0  0
 -3.3853586258379151e-10  0  0  0  1  0  0  0  1  1  0  0  0  0  0  0  0
 -1.4154372824550876e-01  1  0  0  0  2  0  0  2  0  0  0  0  0  0  0  0
 -4.0078833437570472e-06  0  0  0  0  0  3  0  0  0  0  0  0  0  0  1  1
  2.7936429557134625e-02  0  0  0  0  0  0  0  1  1  2  0  1  0  0  0  0
 -8.9474775308841896e-03  0  0  1  0  0  1  0  3  0  0  0  0  0  0  0  0
 -9.9779384674611761e-03  0  0  0  0  0  0  0  1  0  3  1  0  0  0  0  0
 -3.0252358122790028e-10  0  0  1  0  0  1  0  0  0  0  0  0  0  0  0  1
  1.8143505078594267e-02  0  0  2  0  0  1  1  1  0  0  0  0  0  0  0  0
  2.8582554052418493e-03  0  0  0  0  0  1  2  0  1  1  0  0  0  0  0  0
  1.3987690384395278e-02  0  0  0  1  0  3  1  0  0  0  0  0  0  0  0  0
  1.5361036855761814e-04  0  0  0  0  1  0  0  1  0  0  0  0  1  1  1  0
  3.0009731576562267e-04  0  0  0  0  1  0  0  2  0  0  0  0  2  0  0  0
 -5.4850420204438288e-03  0  0  0  0  0  0  0  3  1  0  0  1  0  0  0  0
 -5.9397533235755317e-03  0  0  0  0  0  1  1  1  0  2  0  0  0  0  0  0
  4.5516650334368716e-04  0  0  0  0  0  1  0  1  0  0  0  0  2  0  1  0
 -3.1461193474508776e-11  0  2  0  0  0  0  0  0  0  0  0  0  1  0  0  0
 -2.0234990963453479e-04  0  0  0  0  0  0  1  0  0  0  0  0  0  3  0  1
 -1.5176251819990232e-02  0  1  0  0  0  0  1  3  0  0  0  0  0  0  0  0
  8.6241415133119534e-05  0  0  0  0  1  0  1  2  0  0  0  0  0  0  1  0
 -4.1667541562176832e-04  0  0  0  0  1  1  2  0  0  1  0  0  0  0  0  0
  5.9309110334169881e-11  0  0  1  1  0  0  0  0  0  1  0  0  0  0  0  0
 -3.9737669991700625e-04  0  0  0  0  2  0  0  0  1  0  2  0  0  0  0  0
 -1.9781294129799292e-06  0  0  0  0  1  3  0  0  0  0  0  0  0  1  0  0
 -1.1175193068869542e-05  0  0  0  0  0  1  0  0  0  0  1  1  0  0  0  0
  7.5952313203541004e-05  0  0  0  0  0  0  1  0  0  0  0  0  0  1  0  3
  9.1599638847247346e-03  0  0  0  0  1  0  0  2  2  0  0  0  0  0  0  0
  1.9621328053877682e-04  0  0  0  0  0  1  0  0  0  0  0  0  0  0  1  3
  2.1206773173044390e-06  0  0  0  0  1  1  0  0  0  1  0  0  0  0  0  0
 -2.9077771054150370e-02  0  0  0  0  0  1  0  0  2  0  1  1  0  0  0  0
 -5.1163470759274319e-06  0  0  0  0  0  0  0  1  0  1  1  0  0  0  0  0
 -2.0166631329258224e-03  0  0  0  0  0  0  2  0  3  0  0  0  0  0  0  0
  7.9532674466313447e-03  0  0  0  0  1  0  1  0  1  1  0  1  0  0  0  0
 -1.5998448329341864e-04  0  0  0  0  0  1  0  1  0  0  0  0  0  0  3  0
 -2.0014158141686608e-02  0  0  0  0  1  4  0  0  0  0  0  0  0  0  0  0
  1.3821812353201209e-03  0  0  0  0  2  1  0  1  0  0  1  0  0  0  0  0
 -3.9267557913719971e-03  0  0  3  0  0  1  0  1  0  0  0  0  0  0  0  0
 -1.6675642418010319e-11  0  0  0  0  0  0  1  0  0  0  0  1  0  1  0  0
 -4.9734872597134603e-03  0  0  0  0  1  0  1  0  2  0  1  0  0  0  0  0
  3.6529682554253619e-07  0  0  0  0  0  0  0  0  0  0  0  0  1  2  0  0
 -9.6492863420815245e-03  0  0  0  0  1  1  0  0  0  1  0  2  0  0  0  0
 -1.4794347896654004e-02  0  0  0  0  0  0  1  0  1  0  1  2  0  0  0  0
 -4.7668939957080837e-05  0  1  0  1  0  0  1  0  0  0  0  0  0  0  0  0
 -2.4399164632926091e-05  0  0  0  0  2  0  1  0  0  0  0  0  1  0  1  0
 -1.2023650031271136e-05  0  0  0  0  2  1  0  0  0  0  0  0  0  0  1  1
 -2.0014158141686611e-02  0  0  0  0  5  0  0  0  0  0  0  0  0  0  0  0
  1.2217408331168945e-02  0  2  1  0  0  1  0  1  0  0  0  0  0  0  0  0
  2.0299818469946284e-05  0  0  0  0  0  0  0  4  0  0  0  0  1  0  0  0
 -1.8143505078594274e-02  2  0  0  0  0  1  1  1  0  0  0  0  0  0  0  0
  6.2821952733627118e-02  0  0  0  0  1  2  0  2  0  0  0  0  0  0  0  0
  4.5516650334368716e-04  0  0  0  0  0  1  1  0  0  0  0  0  0  2  0  1
 -1.8991822487056940e-04  0  0  0  0  0  0  0  0  0  0  0  0  3  0  2  0
  6.9023094063671946e-04  0  0  0  0  0  0  0  1  0  0  0  0  3  0  0  1
 -2.0015793107707795e-02  0  1  2  0  0  0  1  1  0  0  0  0  0  0  0  0
 -7.8316289959813139e-06  0  0  0  0  0  3  0  0  0  0  0  0  1  1  0  0
 -1.3100067045093114e-04  0  0  0  0  0  1  0  0  0  0  0  0  1  3  0  0
 -1.5466071328309700e-02  1  0  0  2  0  2  0  0  0  0  0  0  0  0  0  0
  4.0237516632863875e-04  1  0  0  0  0  2  0  0  0  0  0  0  0  0  0  0
 -1.7977758046174269e-04  0  0  0  1  1  0  0  1  0  0  0  0  0  0  0  0
  1.0689433401696331e-06  0  0  0  0  3  0  0  0  0  0  0  0  0  0  2  0
  4.8607643034368930e-02  1  0  1  0  2  0  1  0  0  0  0  0  0  0  0  0
  2.3605695555935645e-03  0  0  1  3  0  1  0  0  0  0  0  0  0  0  0  0
 -3.1569703779428785e-10  2  0  0  0  0  0  0  0  1  0  0  0  0  0  0  0
  5.4522071751898406e-05  0  0  0  0  1  0  1  0  0  0  0  0  0  2  1  0
  3.2602862718592806e-03  0  0  0  0  0  0  2  0  1  0  2  0  0  0  0  0
  8.9792455448367229e-03  0  0  0  0  0  0  1  0  3  0  1  0  0  0  0  0
 -2.4280872095345579e-03  0  0  0  0  2  1  0  0  0  0  1  1  0  0  0  0
  3.0631852429315323e-06  0  0  0  0  1  1  2  0  0  0  0  0  0  1  0  0
 -2.2063716714211632e-04  0  0  0  0  1  0  1  1  0  0  0  0  0  0  1  1
  4.2528667162353281e-03  0  0  0  0  0  0  1  1  0  3  0  0  0  0  0  0
  2.0234990963453482e-04  0  0  0  0  0  0  1  0  0  0  0  0  3  0  1  0
  1.3652596219566954e-02  0  0  0  0  0  0  1  1  1  0  1  1  0  0  0  0
  5.2181218432694404e-03  0  0  0  0  0  1  2  0  0  0  1  1  0  0  0  0
 -7.0466692295216644e-07  0  0  0  0  0  0  0  0  0  0  0  0  1  0  0  2
  1.2217408331168947e-02  2  0  0  1  0  1  1  0  0  0  0  0  0  0  0  0
  4.3089333023903905e-03  0  0  0  0  1  0  0  2  0  2  0  0  0  0  0  0
 -3.9855503541849921e-03  0  0  0  0  1  0  1  1  1  1  0  0  0  0  0  0
  1.5941103035638032e-02  0  1  1  1  0  2  0  0  0  0  0  0  0  0  0  0
  5.9397533235755317e-03  0  0  0  0  0  1  1  1  0  0  0  2  0  0  0  0
  2.4237292204617894e-07  0  0  0  0  0  0  1  0  0  0  0  0  1  0  1  0
 -7.2740633164746064e-10  0  0  0  0  0  0  0  0  0  0  0  1  1  0  0  1
 -3.9267557913719971e-03  0  0  0  3  0  1  1  0  0  0  0  0  0  0  0  0
  5.7440961461678510e-04  0  0  0  0  2  0  1  0  1  0  1  0  0  0  0  0
 -4.8607643034368930e-02  0  1  0  1  2  0  1  0  0  0  0  0  0  0  0  0
 -1.3100067045093111e-04  0  0  0  0  0  1  0  0  0  0  0  0  3  1  0  0
  3.0211745018899401e-02  0  1  1  0  0  0  2  1  0  0  0  0  0  0  0  0
 -5.9326908664305723e-03  3  0  0  2  0  0  0  0  0  0  0  0  0  0  0  0
  4.1682323352560692e-04  0  0  0  0  2  0  0  1  0  0  0  0  1  0  0  1
  3.8154903893323187e-05  0  0  0  0  2  1  1  0  0  0  0  0  0  0  0  1
  1.1195495388155187e-02  0  2  0  1  0  1  1  0  0  0  0  0  0  0  0  0
 -2.3099218510240875e-03  1  2  0  0  0  0  0  2  0  0  0  0  0  0  0  0
  3.9523254472122451e-08  0  0  0  0  0  2  0  0  0  0  0  0  1  0  0  0
  1.5019661213304911e-09  0  1  1  0  0  0  0  0  0  0  0  1  0  0  0  0
  8.1803604681837516e-03  1  2  0  0  0  2  0  0  0  0  0  0  0  0  0  0
 -2.4378470583211255e-04  0  0  0  0  0  1  1  1  0  0  0  0  0  2  0  0
 -1.0942873681349585e-03  0  0  0  0  1  0  0  1  0  0  0  0  2  0  0  1
  1.3386391322741919e-02  0  0  0  0  0  1  0  1  0  2  1  0  0  0  0  0
 -3.9699537351828657e-02  0  0  0  0  1  0  0  1  2  0  0  1  0  0  0  0
 -8.7150629817425796e-05  1  0  0  0  0  0  0  2  0  0  0  0  0  0  0  0
 -2.3742238469217898e-05  0  0  0  0  1  2  1  0  0  0  0  0  0  0  1  0
 -4.3650292827677878e-06  0  0  0  0  0  0  1  0  0  1  0  1  0  0  0  0
 -3.9598514286797282e-02  0  0  0  0  1  0  2  2  0  0  0  0  0  0  0  0
 -1.4667133196156042e-05  0  0  0  0  3  0  0  0  0  0  2  0  0  0  0  0
  2.9689586802514413e-05  0  0  0  0  0  2  0  0  0  0  0  0  3  0  0  0
  4.3727098862457990e-04  0  0  0  0  1  0  0  1  0  0  0  0  0  0  0  3
  4.0856440144536169e-02  0  1  0  0  0  2  1  1  0  0  0  0  0  0  0  0
 -1.5013105444005014e-04  0  0  0  0  0  0  0  3  0  0  0  0  1  0  0  1
  2.8582554052418493e-03  0  0  0  0  0  1  0  2  1  1  0  0  0  0  0  0
  4.5597892869177368e-03  0  0  0  0  0  2  1  0  1  0  1  0  0  0  0  0
  1.8811128765852579e-10  0  0  0  1  0  0  0  0  0  0  0  0  0  1  1  0
 -7.5519707811885000e-03  0  2  1  1  0  1  0  0  0  0  0  0  0  0  0  0
 -3.6380944370002555e-02  2  0  0  0  3  0  0  0  0  0  0  0  0  0  0  0
 -3.9687230765559356e-02  0  1  0  0  1  1  0  2  0  0  0  0  0  0  0  0
 -8.6775705487841820e-05  0  0  0  0  1  1  0  2  0  0  0  0  0  1  0  0
  6.4307345659446501e-03  0  3  0  0  1  1  0  0  0  0  0  0  0  0  0  0
  1.1978447324277252e-04  0  0  0  0  1  0  1  0  0  0  0  0  1  1  0  1
 -1.1691206337917853e-02  1  0  2  1  0  0  0  1  0  0  0  0  0  0  0  0
  1.3327124563353906e-02  0  0  0  0  0  0  0  0  1  0  0  4  0  0  0  0
 -1.4246137107413959e-02  0  0  0  0  0  0  0  0  1  2  2  0  0  0  0  0
 -4.4471988429300949e-03  0  0  0  0  0  1  0  1  0  0  3  0  0  0  0  0
  2.8091876078764817e-05  0  0  0  0  1  0  3  0  0  0  1  0  0  0  0  0
 -3.8838485288687249e-09  0  1  0  0  0  0  1  0  0  0  0  1  0  0  0  0
 -1.3951166386756450e-04  0  0  0  0  0  0  2  0  0  0  0  0  0  1  1  1
 -3.0932142656619400e-02  0  1  2  0  1  1  0  0  0  0  0  0  0  0  0  0
 -1.6154592244333858e-02  0  0  0  2  1  0  2  0  0  0  0  0  0  0  0  0
  1.8025944016217186e-02  3  0  0  1  0  0  0  1  0  0  0  0  0  0  0  0
 -7.5777107634027188e-02  0  0  0  1  1  2  0  1  0  0  0  0  0  0  0  0
 -5.2702163392070480e-04  0  0  0  0  0  3  0  0  1  1  0  0  0  0  0  0
 -8.0843672718192927e-02  0  1  0  0  1  1  2  0  0  0  0  0  0  0  0  0
  3.6287387832310207e-03  1  0  2  2  0  0  0  0  0  0  0  0  0  0  0  0
  1.5634625318359290e-02  0  0  0  0  1  0  0  1  0  0  0  3  0  0  0  0
  3.5073299023647260e-10  0  1  0  0  0  0  0  0  0  0  0  0  0  0  1  1
 -3.1664872280168476e-04  0  0  0  0  0  1  0  1  0  0  0  0  0  0  1  2
  5.0768266839266792e-06  0  0  0  0  1  2  0  0  0  0  0  0  0  0  0  2
  5.1448355210717445e-02  1  0  0  0  2  2  0  0  0  0  0  0  0  0  0  0
 -1.5862191499154833e-02  2  1  1  0  0  0  0  1  0  0  0  0  0  0  0  0
 -1.1538262626534959e-06  0  0  0  0  1  0  0  1  0  0  0  0  0  0  0  1
  3.4705659451630463e-05  0  0  0  0  1  0  2  0  0  0  0  0  0  0  0  0
 -2.6038538156222556e-02  0  0  1  1  2  1  0  0  0  0  0  0  0  0  0  0
  3.1362753473690198e-02  0  1  1  1  2  0  0  0  0  0  0  0  0  0  0  0
  6.2370344665205624e-05  1  2  0  0  0  0  0  0  0  0  0  0  0  0  0  0
  3.2780629009138997e-04  3  2  0  0  0  0  0  0  0  0  0  0  0  0  0  0
 -3.5850738126837501e-11  0  0  0  0  0  0  0  0  0  2  0  0  1  0  0  0
 -5.3692685633899170e-05  0  0  0  0  0  0  2  0  0  0  0  0  3  0  0  0
  1.1486954894043383e-02  0  1  2  1  0  0  1  0  0  0  0  0  0  0  0  0
 -1.4280999576249525e-02  2  0  1  0  1  0  1  0  0  0  0  0  0  0  0  0
  1.1245230512608727e-04  0  0  0  0  0  0  4  0  1  0  0  0  0  0  0  0
 -1.0272459575083083e-11  0  0  0  0  0  1  0  0  1  0  0  0  0  1  0  0
 -4.4344131297982726e-06  0  0  0  0  0  0  0  0  1  0  2  0  0  0  0  0
 -5.2471747010604246e-02  1  0  0  1  1  1  1  0  0  0  0  0  0  0  0  0
  5.0028435942582675e-02  1  0  0  1  0  2  0  1  0  0  0  0  0  0  0  0
 -4.7759305552987649e-04  2  0  0  0  1  0  0  0  0  0  0  0  0  0  0  0
  1.8143505078594271e-02  0  0  0  2  0  1  1  1  0  0  0  0  0  0  0  0
 -5.5347269204211660e-12  0  0  1  0  0  0  0  1  0  0  0  0  0  1  0  0
 -5.2042918187970670e-05  0  0  0  0  2  0  0  0  0  0  0  0  0  1  1  1
 -2.4876436667404161e-04  0  0  0  0  0  0  0  1  0  0  0  0  0  3  1  0
  4.4385591222112215e-10  1  0  1  0  0  0  0  0  0  0  1  0  0  0  0  0
 -1.8765141145900910e-10  1  0  0  0  0  0  0  0  0  0  0  0  0  2  0  0
 -3.7178856725552089e-05  0  0  0  0  1  1  1  0  0  0  0  0  0  1  1  0
 -4.3387852743920883e-05  0  0  0  0  0  2  2  0  0  0  0  0  1  0  0  0
 -5.9397533235755317e-03  0  0  0  0  0  1  1  1  2  0  0  0  0  0  0  0
 -3.3816331123906262e-04  0  0  0  0  1  0  0  0  0  0  0  0  2  2  0  0
  2.3605695555935649e-03  0  0  3  1  0  1  0  0  0  0  0  0  0  0  0  0
  5.5264624821968708e-10  0  0  0  0  0  0  0  0  1  0  0  0  0  0  2  0
 -9.9292320313361317e-04  0  0  0  0  1  1  0  0  0  1  2  0  0  0  0  0
 -1.8143505078594271e-02  0  2  0  0  0  1  1  1  0  0  0  0  0  0  0  0
  7.0346360304494011e-05  0  0  1  0  0  1  0  1  0  0  0  0  0  0  0  0
  6.8091648931168170e-03  0  0  0  0  0  0  0  0  5  0  0  0  0  0  0  0
 -3.1169171104016377e-04  1  1  0  0  0  1  0  0  0  0  0  0  0  0  0  0
  1.4939745132700301e-04  0  0  0  0  0  2  1  0  0  0  0  0  1  0  1  0
  6.7402276324990988e-03  0  0  0  0  1  0  1  0  0  0  1  2  0  0  0  0
  1.0818762585311755e-03  3  0  1  0  0  0  1  0  0  0  0  0  0  0  0  0
 -3.9252626980119644e-02  1  0  0  0  2  0  2  0  0  0  0  0  0  0  0  0
 -2.1037576691772994e-03  1  3  0  0  0  1  0  0  0  0  0  0  0  0  0  0
  1.3718707446843141e-02  0  2  2  0  1  0  0  0  0  0  0  0  0  0  0  0
 -3.2376705445526897e-10  0  1  0  0  1  0  0  0  0  1  0  0  0  0  0  0
 -2.2939779832891746e-02  0  2  0  0  1  2  0  0  0  0  0  0  0  0  0  0
 -7.9610075406606054e-05  0  0  0  0  1  0  1  1  0  0  0  0  1  1  0  0
 -1.2236825191510210e-09  0  0  0  1  0  0  1  0  0  1  0  0  0  0  0  0
  5.2181218432694413e-03  0  0  0  0  0  1  0  2  0  0  1  1  0  0  0  0
 -2.1492333991017703e-10  0  0  0  0  0  0  0  1  1  0  0  0  0  0  0  1
  2.9879490265400608e-04  0  0  0  0  1  1  0  1  0  0  0  0  0  1  0  1
 -1.9781294129799287e-06  0  0  0  0  3  1  0  0  0  0  0  0  0  1  0  0
  6.2571099181205731e-04  0  0  0  0  0  0  0  4  1  0  0  0  0  0  0  0
  8.9075794731812308e-03  0  0  0  0  1  0  0  1  1  1  1  0  0  0  0  0
  1.9295075400498313e-02  0  0  1  2  1  0  1  0  0  0  0  0  0  0  0  0
  1.3618329786233629e-02  0  0  0  0  0  0  0  0  3  2  0  0  0  0  0  0
  1.5565861557252099e-02  1  2  1  0  0  0  1  0  0  0  0  0  0  0  0  0
  5.9379173605028806e-05  0  0  0  0  1  1  0  0  0  0  0  0  0  3  0  0
 -1.0915907051229444e-06  0  0  0  0  2  0  1  1  0  0  0  0  0  1  0  0
  8.6420497396166064e-03  1  0  2  0  0  0  2  0  0  0  0  0  0  0  0  0
 -9.9828172237410983e-03  0  0  0  0  0  0  0  0  3  0  2  0  0  0  0  0
 -1.1486954894043385e-02  1  0  1  2  0  0  1  0  0  0  0  0  0  0  0  0
  6.2370344665205570e-05  3  0  0  0  0  0  0  0  0  0  0  0  0  0  0  0
 -1.0086273516412287e-10  0  0  1  0  0  0  0  1  0  1  0  0  0  0  0  0
  1.0524844611878649e-02  1  1  0  2  0  1  0  0  0  0  0  0  0  0  0  0
 -1.3189795064157707e-03  1  2  0  2  0  0  0  0  0  0  0  0  0  0  0  0
 -1.0876088759470342e-04  0  0  0  0  1  0  0  2  0  0  0  0  0  0  2  0
  7.8082166884525596e-10  0  0  0  0  0  0  0  0  1  0  0  1  0  0  0  1
 -1.1403764401931926e-02  0  0  0  0  0  1  1  0  0  0  2  1  0  0  0  0
 -1.9819640159448237e-04  0  0  0  0  0  0  1  1  0  0  0  0  0  1  2  0
 -2.1433036579794356e-07  0  0  0  0  0  0  0  0  0  0  0  0  1  0  2  0
 -5.0189351197663379e-03  1  2  2  0  0  0  0  0  0  0  0  0  0  0  0  0
  8.9068760407543202e-05  0  0  0  0  2  0  0  0  0  0  0  0  1  2  0  0
  6.3730643328854406e-02  1  1  1  0  1  0  0  1  0  0  0  0  0  0  0  0
  3.6529682554253619e-07  0  0  0  0  0  0  0  0  0  0  0  0  3  0  0  0
 -1.8730113744448842e-10  0  0  0  0  0  0  0  0  0  0  2  0  1  0  0  0
 -1.9539433118288502e-02  1  0  0  3  0  0  0  1  0  0  0  0  0  0  0  0
  5.2064072831526236e-06  0  0  0  0  0  1  1  0  0  0  0  1  0  0  0  0
 -1.1625388529425191e-09  0  0  0  1  0  0  0  0  1  0  0  1  0  0  0  0
 -1.6745245174156498e-04  0  0  0  0  0  0  0  0  0  0  0  0  0  1  3  1
 -1.6061302368194429e-09  0  0  0  0  0  0  0  0  1  0  1  0  0  0  1  0
  5.2226884072392092e-04  0  0  0  0  1  1  0  0  0  0  0  0  1  0  1  1
  4.8745723694885907e-11  0  0  1  0  0  0  0  0  0  0  0  0  1  0  1  0
  1.6390314504569496e-04  5  0  0  0  0  0  0  0  0  0  0  0  0  0  0  0
 -7.2160555419695750e-03  0  0  0  0  0  1  0  0  3  1  0  0  0  0  0  0
  6.9644844176110958e-04  0  0  0  0  1  0  0  0  0  2  2  0  0  0  0  0
 -1.2222635048431894e-04  0  0  0  0  0  1  1  2  0  0  0  0  0  0  0  1
 -1.5565861557252101e-02  2  1  0  1  0  0  1  0  0  0  0  0  0  0  0  0
  2.4990295255578835e-03  0  0  0  0  1  1  0  0  0  3  0  0  0  0  0  0
 -4.6917584271003365e-04  0  0  0  0  0  0  0  1  0  0  0  0  1  0  0  3
  9.7391384973158559e-07  0  0  0  0  1  0  0  0  0  0  0  0  0  0  0  2
 -1.0003924569004304e-03  0  0  0  0  0  0  3  0  1  0  1  0  0  0  0  0
  2.4399164632926091e-05  0  0  0  0  2  0  1  0  0  0  0  0  0  1  0  1
  6.6091152310397710e-11  1  0  1  0  0  0  0  0  0  0  0  0  0  0  1  0
  1.0748425036504217e-02  2  0  0  0  1  0  2  0  0  0  0  0  0  0  0  0
 -1.8127775024547919e-04  0  0  0  0  2  0  2  0  1  0  0  0  0  0  0  0
 -7.5777107634027188e-02  0  0  1  0  1  2  1  0  0  0  0  0  0  0  0  0
 -1.0646633899312008e-11  0  0  1  0  0  0  0  0  0  0  0  0  0  1  0  1
 -1.3226748501404851e-10  0  0  1  0  0  0  1  0  0  0  0  0  1  0  0  0
 -4.0028316283373222e-02  0  0  0  0  3  2  0  0  0  0  0  0  0  0  0  0
 -4.6528908146187577e-03  0  2  0  1  1  0  0  1  0  0  0  0  0  0  0  0
  6.9699558224759574e-06  0  0  0  0  2  0  0  1  0  0  0  0  0  1  1  0
  3.4261599926872104e-03  1  0  0  0  0  0  4  0  0  0  0  0  0  0  0  0
  1.5228143093267148e-04  0  0  0  0  0  0  0  0  0  0  0  0  5  0  0  0
 -2.9404389380872746e-03  0  0  0  0  0  0  2  0  1  2  0  0  0  0  0  0
  4.6072707844004035e-04  0  0  0  0  0  3  0  1  0  0  1  0  0  0  0  0
  1.4260267114150904e-02  0  0  2  0  3  0  0  0  0  0  0  0  0  0  0  0
 -4.8142349022007529e-02  1  0  0  1  0  0  0  3  0  0  0  0  0  0  0  0
  1.3191141220302101e-02  0  0  0  0  0  1  0  0  1  1  2  0  0  0  0  0
 -1.1319875223468457e-04  0  0  0  0  0  1  1  1  0  0  0  0  0  0  0  0
 -8.0936240317818614e-04  0  0  0  0  0  3  0  0  0  0  1  1  0  0  0  0
  2.0033230545037545e-02  0  0  2  1  1  0  0  1  0  0  0  0  0  0  0  0
 -5.0768266839266783e-06  0  0  0  0  1  2  0  0  0  0  0  0  0  2  0  0
 -1.1201672971546000e-06  0  0  0  0  0  1  0  0  0  0  0  0  0  0  1  1
  4.4587848322310209e-10  0  0  0  0  0  0  0  1  0  1  0  0  0  0  1  0
  1.9583970529729811e-04  0  0  0  0  0  1  0  0  0  0  0  0  1  1  0  2
 -1.2851271457746692e-04  0  0  0  0  0  2  0  0  0  0  0  0  1  0  2  0
 -9.1305247651127274e-04  0  0  0  0  1  2  0  1  0  0  0  1  0  0  0  0
  1.5818619259194978e-10  0  0  0  0  0  0  0  0  0  0  1  0  0  1  0  1
 -2.9671941194698925e-06  0  0  0  0  2  2  0  0  0  0  0  0  1  0  0  0
 -9.1195785738354736e-03  0  0  0  0  1  1  0  1  1  0  1  0  0  0  0  0
  8.4016803688079147e-06  0  0  0  0  3  0  1  0  0  0  1  0  0  0  0  0
  2.8060674911631382e-04  0  0  0  0  1  0  0  1  0  0  0  0  0  0  2  1
 -1.3290719501706892e-10  0  1  0  0  0  0  0  1  0  0  0  0  0  0  1  0
 -5.2870021759010150e-02  0  1  1  0  2  0  0  1  0  0  0  0  0  0  0  0
  1.2261976890943037e-02  0  1  1  2  0  0  0  1  0  0  0  0  0  0  0  0
 -1.5510492218567233e-02  0  1  0  2  1  1  0  0  0  0  0  0  0  0  0  0
  4.8906539025495347e-04  0  0  0  0  0  0  0  0  0  0  0  0  2  1  1  1
 -1.1796723342516161e-10  0  0  0  1  0  0  1  0  0  0  0  0  0  1  0  0
 -8.6795127187408502e-03  0  0  1  1  0  3  0  0  0  0  0  0  0  0  0  0
 -1.6590134448971202e-04  0  2  0  0  1  0  0  0  0  0  0  0  0  0  0  0
 -3.0252358122790048e-10  0  0  0  1  0  1  0  0  0  0  0  0  0  0  1  0
 -7.9469526998202989e-04  0  0  0  0  1  2  0  0  2  0  0  0  0  0  0  0
 -2.5362677776836624e-11  0  0  0  0  0  1  0  0  0  0  0  1  0  0  1  0
  4.9630161194176785e-02  0  1  0  1  1  1  0  1  0  0  0  0  0  0  0  0
 -9.1305247651127274e-04  0  0  0  0  1  2  1  0  0  0  1  0  0  0  0  0
  1.9762574926645573e-04  0  0  0  0  1  0  0  2  0  0  0  0  0  2  0  0
 -1.5460183645652549e-10  1  0  0  0  0  0  0  0  0  0  0  0  2  0  0  0
 -2.9724967421449641e-02  0  0  2  0  1  0  2  0  0  0  0  0  0  0  0  0
  9.0847100276837255e-06  0  0  0  0  3  0  0  0  0  0  0  0  0  0  0  2
  3.1882206071276072e-02  1  0  1  1  1  1  0  0  0  0  0  0  0  0  0  0
 -2.7933657370331613e-02  0  0  1  0  0  1  2  1  0  0  0  0  0  0  0  0
 -1.3441164537110813e-02  1  1  0  0  0  3  0  0  0  0  0  0  0  0  0  0
 -5.5924061436460791e-10  0  1  0  0  0  0  1  0  0  0  0  0  0  0  0  1
  3.0801736127177855e-05  0  0  0  0  0  0  0  0  0  0  0  0  1  0  4  0
  3.3952285401349652e-10  0  0  2  0  0  0  0  0  1  0  0  0  0  0  0  0
  8.1712880289072323e-02  1  0  0  0  1  1  1  1  0  0  0  0  0  0  0  0
 -1.2280659704468167e-02  0  0  0  0  0  1  1  0  1  1  1  0  0  0  0  0
 -2.3305312858339440e-07  0  0  0  0  1  0  0  0  0  0  2  0  0  0  0  0
  1.3609635614358097e-05  0  0  0  0  0  0  0  1  1  0  0  1  0  0  0  0
  7.5397277682400643e-06  0  0  0  0  0  0  0  0  1  2  0  0  0  0  0  0
 -8.9509949989762135e-05  0  0  0  0  0  0  2  1  0  0  0  0  1  0  0  1
 -1.1042112229576755e-02  0  0  2  1  0  1  1  0  0  0  0  0  0  0  0  0
  7.9046508944244902e-08  0  0  0  0  1  1  0  0  0  0  0  0  0  1  0  0
  4.1282592556628796e-06  0  0  0  0  0  0  1  0  1  0  1  0  0  0  0  0
  6.5346418594311125e-04  0  0  0  0  0  0  0  1  0  0  0  0  1  2  0  1
 -1.6745245174156498e-04  0  0  0  0  0  0  0  0  0  0  0  0  0  1  1  3
 -6.8479531075287195e-08  0  0  0  0  0  0  2  0  0  0  0  0  1  0  0  0
  1.1793406159098122e-04  0  0  0  0  4  0  0  0  1  0  0  0  0  0  0  0
  9.6461018489169756e-03  1  2  0  0  2  0  0  0  0  0  0  0  0  0  0  0
 -6.0420838084592320e-03  0  0  2  2  1  0  0  0  0  0  0  0  0  0  0  0
 -2.0189603800627783e-09  0  0  0  1  0  1  0  0  0  0  1  0  0  0  0  0
  3.4626773009688761e-03  0  0  0  0  1  0  0  3  0  0  0  1  0  0  0  0
  2.1097903759556540e-02  0  0  0  0  0  0  0  0  0  3  1  1  0  0  0  0
 -2.1542560448825679e-03  0  0  0  0  1  1  0  2  0  1  0  0  0  0  0  0
  6.3434211190790061e-07  0  0  0  0  0  1  1  0  0  0  0  0  0  0  0  1
 -1.4613467473780682e-05  0  0  0  0  0  0  0  0  1  0  0  2  0  0  0  0
  3.0643517792587134e-03  1  0  0  4  0  0  0  0  0  0  0  0  0  0  0  0
 -2.4303895960508483e-05  0  0  0  0  0  0  3  0  0  0  0  0  1  0  1  0
 -1.2067293288773462e-02  1  2  0  0  0  0  2  0  0  0  0  0  0  0  0  0
  1.3821812353201211e-03  0  0  0  0  2  1  1  0  0  0  0  1  0  0  0  0
 -4.6640445456390773e-03  0  0  0  0  0  2  0  1  0  1  1  0  0  0  0  0
 -1.7145939812135205e-05  0  0  0  0  0  0  3  1  0  0  0  0  0  1  0  0
  5.9397533235755308e-03  0  0  0  0  0  1  1  1  0  0  2  0  0  0  0  0
 -6.6669854337667355e-03  0  0  0  0  0  0  1  1  0  1  0  2  0  0  0  0
 -2.2156348554205980e-04  0  0  0  0  0  1  0  1  0  0  0  0  1  1  0  1
  1.2071254989859167e-03  1  0  0  0  2  0  0  0  0  0  0  0  0  0  0  0
 -2.2939779832891753e-02  2  0  0  0  1  2  0  0  0  0  0  0  0  0  0  0
 -3.4661704475670864e-09  1  0  0  0  0  0  1  0  0  0  1  0  0  0  0  0
  3.0326045705566648e-03  0  0  0  0  0  2  0  0  1  2  0  0  0  0  0  0
 -4.3948717481135255e-02  0  2  1  0  1  0  1  0  0  0  0  0  0  0  0  0
 -2.6539984537839948e-04  0  0  0  0  0  0  1  0  0  0  0  0  1  0  1  2
 -2.1037576691772994e-03  3  1  0  0  0  1  0  0  0  0  0  0  0  0  0  0
 -1.7317959194001922e-04  0  0  0  0  0  0  0  2  0  0  0  0  1  2  0  0
  1.8713513807491870e-03  0  0  0  0  1  0  1  2  0  0  1  0  0  0  0  0
  5.6438700397230704e-04  1  0  4  0  0  0  0  0  0  0  0  0  0  0  0  0
  1.5228143093267148e-04  0  0  0  0  0  0  0  0  0  0  0  0  1  4  0  0
 -1.0096253904399351e-09  0  1  0  0  0  0  0  1  0  0  1  0  0  0  0  0
  1.2718301297774396e-05  0  0  0  0  0  3  0  1  0  0  0  0  0  0  1  0
 -3.9084859852754692e-05  0  0  1  0  1  0  1  0  0  0  0  0  0  0  0  0
  2.7548023120546347e-06  0  0  0  0  3  0  0  0  0  0  0  0  0  2  0  0
  4.2406920745598377e-04  0  0  0  0  0  0  0  0  0  0  0  0  0  3  1  1
 -1.4390418790727653e-07  0  0  0  0  0  1  0  0  0  0  0  0  1  1  0  0
 -2.6594015691612153e-10  0  0  0  0  1  0  0  0  1  0  0  0  1  0  0  0
 -2.0833770781088421e-04  0  0  0  0  0  2  0  2  1  0  0  0  0  0  0  0
 -1.4625344742301459e-07  0  0  0  0  1  0  0  0  0  0  0  0  0  0  2  0
 -3.4024900347103050e-07  0  0  0  0  1  0  0  0  0  0  0  0  0  2  0  0
  6.7866487333812626e-04  0  0  0  0  0  2  0  1  1  0  0  1  0  0  0  0
  7.8214179966513677e-05  0  1  0  0  0  0  1  1  0  0  0  0  0  0  0  0
  7.0346360304493943e-05  0  0  0  1  0  1  1  0  0  0  0  0  0  0  0  0
  1.3386391322741919e-02  0  0  0  0  0  1  1  0  2  0  0  1  0  0  0  0
  9.1195785738354736e-03  0  0  0  0  1  1  0  1  0  1  0  1  0  0  0  0
  6.2666528795863894e-05  0  0  0  0  0  1  0  2  0  0  0  0  1  1  0  0
  5.2064072831526227e-06  0  0  0  0  0  1  0  1  0  0  1  0  0  0  0  0
 -3.2467580432427599e-10  0  0  0  0  0  0  0  1  0  0  0  1  1  0  0  0
 -6.6669854337667337e-03  0  0  0  0  0  0  2  0  0  1  1  1  0  0  0  0
  3.1905485746306417e-02  0  0  0  0  0  0  0  1  3  0  0  1  0  0  0  0
 -6.1398743232655322e-04  0  0  0  0  0  0  0  0  0  0  0  0  1  2  0  2
  1.4152087390917749e-04  0  0  0  0  2  2  0  0  1  0  0  0  0  0  0  0
  9.4347249272784973e-05  0  0  0  0  1  3  0  0  0  1  0  0  0  0  0  0
 -2.4726617662249110e-06  0  0  0  0  4  0  0  0  0  0  0  0  1  0  0  0
 -2.3911666432814308e-04  0  0  0  0  0  0  1  0  0  0  0  0  2  1  0  1
 -1.7828079331029291e-02  0  0  0  0  1  0  0  0  1  1  1  1  0  0  0  0
  6.7684823270311681e-11  1  0  0  0  0  1  0  0  0  0  0  0  0  1  0  0
  7.0785690716083124e-12  1  1  0  0  0  0  0  0  0  1  0  0  0  0  0  0
  1.0141178466693841e-02  2  1  1  1  0  0  0  0  0  0  0  0  0  0  0  0
  1.1433554262261337e-04  0  0  0  0  2  0  0  0  0  0  0  0  3  0  0  0
 -1.7592299577164650e-04  0  0  0  0  1  0  0  0  0  0  0  0  0  0  0  4
 -2.6235873505302126e-02  0  1  1  0  0  2  0  1  0  0  0  0  0  0  0  0
 -1.3951166386756450e-04  0  0  0  0  0  0  1  1  0  0  0  0  0  1  0  2
  2.8075954697498680e-05  0  0  0  0  0  2  0  0  0  0  0  0  1  0  0  2
 -3.3349522554443003e-04  0  0  0  0  2  0  0  0  0  0  0  0  1  0  0  2
  1.7791359831715276e-02  0  0  0  0  0  0  0  2  1  0  0  2  0  0  0  0
 -2.9879490265400597e-04  0  0  0  0  1  1  0  1  0  0  0  0  1  0  1  0
 -2.4999647752864057e-03  0  1  3  1  0  0  0  0  0  0  0  0  0  0  0  0
  8.3049223779587331e-03  0  0  0  0  0  1  0  0  0  0  1  3  0  0  0  0
  6.8394100618245019e-10  0  0  0  0  0  0  0  0  0  1  0  0  0  0  1  1
 -3.2797963800461649e-03  0  0  0  0  0  0  2  1  1  0  0  1  0  0  0  0
 -2.3458199084499693e-04  0  0  0  0  1  0  0  0  0  0  0  0  4  0  0  0
  2.4288160925748565e-09  0  0  0  1  0  0  0  0  0  1  1  0  0  0  0  0
 -8.4925000410796455e-05  0  0  0  0  0  0  1  2  0  0  0  0  1  0  1  0
 -1.0771280224412840e-03  0  0  0  0  0  2  2  0  1  0  0  0  0  0  0  0
 -1.2280659704468165e-02  0  0  0  0  0  1  0  1  1  1  0  1  0  0  0  0
 -2.7169281952380667e-02  0  0  0  0  1  0  0  4  0  0  0  0  0  0  0  0
  4.7207945100111008e-04  0  0  0  0  0  1  0  1  0  0  0  0  0  2  1  0
 -9.3280890912781547e-03  0  0  0  0  1  1  1  0  1  0  0  1  0  0  0  0
  1.0524844611878649e-02  1  1  2  0  0  1  0  0  0  0  0  0  0  0  0  0
  2.8021374367932741e-10  0  0  0  2  0  0  0  0  1  0  0  0  0  0  0  0
 -3.3041012480954902e-02  1  1  1  0  0  1  1  0  0  0  0  0  0  0  0  0
  8.2012882097169726e-02  0  1  0  0  2  0  1  1  0  0  0  0  0  0  0  0
 -4.0058875720722310e-06  0  0  0  0  0  1  0  0  1  1  0  0  0  0  0  0
  1.0817270542689398e-12  1  1  0  0  0  0  0  0  0  0  0  0  0  1  0  0
  9.7483712437313238e-03  0  0  0  0  0  2  0  0  0  1  1  1  0  0  0  0
 -8.7732955550559784e-04  0  0  0  0  0  1  0  0  0  0  0  0  0  2  1  1
  2.4378470583211252e-04  0  0  0  0  0  1  1  1  0  0  0  0  0  0  2  0
  3.2788346929314676e-09  0  1  0  0  0  0  0  0  0  0  1  1  0  0  0  0
 -2.3386267531981292e-03  0  0  0  0  1  0  0  2  0  0  2  0  0  0  0  0
 -3.0343992889965999e-05  0  0  0  0  1  0  1  0  0  0  0  0  2  0  1  0
 -7.2897312624683992e-10  1  0  0  1  0  0  0  0  0  0  0  1  0  0  0  0
 -6.1573907519342656e-02  0  0  1  1  1  0  1  1  0  0  0  0  0  0  0  0
  1.2274353840567066e-03  0  0  0  0  1  0  2  0  2  0  0  0  0  0  0  0
  3.1727121630295167e-04  0  0  0  0  0  0  0  1  0  0  0  0  0  1  1  2
 -3.0290977344992361e-05  0  0  0  0  0  1  3  0  0  0  0  0  0  0  0  1
  3.6387281136727326e-03  0  1  0  3  0  0  1  0  0  0  0  0  0  0  0  0
 -2.2572626822370920e-07  0  0  0  0  0  0  0  2  0  0  0  0  1  0  0  0
  3.8154903893323180e-05  0  0  0  0  2  1  0  1  0  0  0  0  0  0  1  0
 -1.6169952728920375e-03  0  0  0  0  1  0  2  0  0  0  0  2  0  0  0  0
 -1.7273327683792626e-09  1  0  0  0  0  0  0  0  0  2  0  0  0  0  0  0
  3.6578044022387323e-10  0  0  0  0  0  0  0  1  0  0  1  0  0  1  0  0
 -1.5520718759715304e-04  0  0  0  0  0  2  0  1  0  0  0  0  0  1  1  0
 -3.8896217743737498e-04  0  0  0  0  1  0  0  2  0  0  0  0  0  0  0  2
 -7.9469526998203000e-04  0  0  0  0  1  2  0  0  0  2  0  0  0  0  0  0
  1.4028496232244042e-04  0  0  0  0  0  0  1  1  0  0  0  0  2  1  0  0
  1.1730202203774279e-04  0  0  0  0  1  0  1  0  0  0  0  0  0  0  1  2
 -5.0768266839266775e-06  0  0  0  0  1  2  0  0  0  0  0  0  2  0  0  0
  1.3191141220302101e-02  0  0  0  0  0  1  0  0  1  1  0  2  0  0  0  0
 -7.8640881260892605e-03  0  0  0  0  0  0  0  2  0  1  1  1  0  0  0  0
 -4.1724696965263755e-11  0  1  0  1  0  0  0  0  0  0  0  0  0  0  1  0
 -2.6389224647802661e-03  0  0  0  0  0  1  1  2  0  0  0  1  0  0  0  0
  6.0565098058025406e-10  0  0  0  0  0  0  0  0  0  0  0  0  1  0  0  0
 -1.0931983839500689e-02  0  0  0  0  0  0  0  0  0  1  3  1  0  0  0  0
  1.2829632525614964e-09  0  0  1  0  0  0  0  0  1  0  1  0  0  0  0  0
  7.5397277682400889e-06  0  0  0  0  0  0  0  0  3  0  0  0  0  0  0  0
 -3.3508664773125363e-10  0  0  1  0  1  0  0  0  0  0  0  0  0  0  1  0
 -1.0855633770129366e-10  0  0  0  0  0  0  1  0  0  1  0  0  0  0  0  1
 -6.3539188623537551e-06  0  0  0  0  1  0  2  0  0  0  0  0  0  2  0  0
 -3.1664872280168476e-04  0  0  0  0  0  1  1  0  0  0  0  0  0  0  2  1
 -4.9453235324498219e-07  0  0  0  0  0  4  0  0  0  0  0  0  1  0  0  0
 -3.0404384023556559e-10  1  0  0  0  0  0  0  0  0  0  0  2  0  0  0  0
  1.1195495388155190e-02  2  0  1  0  0  1  0  1  0  0  0  0  0  0  0  0
  1.6686012929158768e-11  0  0  1  0  0  0  0  0  0  1  0  1  0  0  0  0
  1.0839828891795017e-05  0  0  2  0  1  0  0  0  0  0  0  0  0  0  0  0
  3.2184945904525343e-05  0  0  0  0  2  0  0  0  0  0  0  0  1  0  2  0
 -4.9646160156680658e-04  0  0  0  0  0  2  0  0  1  0  0  2  0  0  0  0
 -4.8415319137830692e-07  0  0  0  0  1  0  0  0  0  0  0  0  2  0  0  0
  1.3229391562509180e-09  1  0  0  0  1  0  0  0  1  0  0  0  0  0  0  0
 -4.4817297543403735e-05  0  0  1  1  0  1  0  0  0  0  0  0  0  0  0  0
 -5.4628491801541071e-02  1  0  0  2  2  0  0  0  0  0  0  0  0  0  0  0
  4.2965360716213576e-02  0  0  0  0  1  0  0  0  2  0  0  2  0  0  0  0
  8.3429115935125912e-10  0  0  0  0  0  0  0  0  0  0  0  1  0  1  1  0
 -3.2913708286253397e-10  0  1  0  1  0  0  0  0  0  0  1  0  0  0  0  0
 -8.1163002678914662e-05  0  0  0  0  1  0  0  0  0  0  0  0  0  2  2  0
  1.6360720936367500e-02  2  1  0  0  1  1  0  0  0  0  0  0  0  0  0  0
 -2.4999647752864066e-03  0  1  1  3  0  0  0  0  0  0  0  0  0  0  0  0
  3.2153672829723255e-03  3  0  0  0  0  2  0  0  0  0  0  0  0  0  0  0
  2.9523385398047742e-04  0  0  0  0  0  0  1  1  0  0  0  0  1  0  1  1
  2.7604732927977382e-05  0  0  0  0  1  0  2  0  0  0  2  0  0  0  0  0
 -5.1325868668596986e-04  0  0  0  0  0  0  3  1  0  1  0  0  0  0  0  0
  1.0005687188516535e-01  0  1  1  0  1  1  1  0  0  0  0  0  0  0  0  0
 -1.0375248840281777e-01  0  0  0  1  3  0  0  1  0  0  0  0  0  0  0  0
  1.4611095034128397e-02  3  0  0  0  2  0  0  0  0  0  0  0  0  0  0  0
  6.7684823270311074e-11  0  1  0  0  0  1  0  0  0  0  0  0  1  0  0  0
  3.4842571066429672e-03  0  0  0  0  0  0  2  1  0  1  1  0  0  0  0  0
  1.2179718962293546e-02  0  0  3  0  1  0  1  0  0  0  0  0  0  0  0  0
  1.0663650979327765e-07  1  0  0  0  0  0  0  0  0  0  0  0  0  0  0  0
  4.7207945100111002e-04  0  0  0  0  0  1  1  0  0  0  0  0  2  0  0  1
  1.1948690630612011e-04  0  0  0  0  0  0  1  1  0  0  0  0  0  3  0  0
  5.4887996683777656e-05  0  0  0  0  1  0  2  1  0  0  0  0  0  0  0  1
  3.2056380972980939e-03  0  0  0  0  0  0  1  2  0  1  0  1  0  0  0  0
 -1.0358132039406574e-04  0  0  0  0  1  0  0  0  0  0  0  0  0  4  0  0
 -1.3034971449456638e-09  1  0  0  0  0  0  0  0  2  0  0  0  0  0  0  0
  8.6780597593574572e-03  0  0  0  0  1  0  0  1  0  0  2  1  0  0  0  0
  5.4956369017584522e-05  0  0  0  0  0  2  0  0  0  0  0  0  1  2  0  0
 -3.1680410130714515e-06  0  0  0  0  0  0  0  2  1  0  0  0  0  0  0  0
  8.3049223779587348e-03  0  0  0  0  0  1  0  0  0  0  3  1  0  0  0  0
 -1.2948301734008513e-02  0  0  0  0  0  0  1  0  2  1  0  1  0  0  0  0
  1.7749460005130074e-04  0  0  0  0  1  1  1  1  0  0  0  0  1  0  0  0
  9.1375574666423427e-04  0  3  1  1  0  0  0  0  0  0  0  0  0  0  0  0
  2.0290284767130301e-05  0  0  0  0  1  0  0  0  0  0  0  0  0  0  4  0
 -1.5810649017621141e-03  0  0  0  0  2  1  0  0  1  1  0  0  0  0  0  0
  1.9825418786874284e-04  0  0  0  0  0  0  0  0  0  0  0  0  1  0  0  4
  2.2988277838496239e-10  0  1  1  0  0  0  0  0  0  0  0  0  0  0  0  1
 -1.1130270433917001e-02  0  0  0  0  1  0  0  2  0  0  0  2  0  0  0  0
  8.7453420051102846e-05  0  0  0  0  0  0  2  0  0  0  0  0  1  0  0  2
 -2.0015793107707795e-02  0  1  1  1  0  0  0  2  0  0  0  0  0  0  0  0
 -2.2156348554205977e-04  0  0  0  0  0  1  1  0  0  0  0  0  1  1  1  0
  2.3911666432814308e-04  0  0  0  0  0  0  1  0  0  0  0  0  1  2  1  0
 -1.2907196752663978e-04  0  0  0  0  2  0  0  2  0  0  0  0  1  0  0  0
  4.9033655715422272e-07  0  0  0  0  0  0  0  0  0  0  0  0  0  1  1  1
 -1.2916864913472702e-02  0  0  0  0  1  0  0  0  2  2  0  0  0  0  0  0
 -1.3129475796276350e-10  0  0  0  0  0  0  0  0  1  0  0  0  0  0  0  2
 -6.2147853006048720e-08  0  0  0  0  1  0  1  0  0  0  1  0  0  0  0  0
  7.9072971774938756e-10  0  0  0  0  0  0  0  0  0  0  0  2  1  0  0  0
 -3.6751194405110258e-03  0  0  0  0  2  0  0  2  1  0  0  0  0  0  0  0
 -1.9843615382779678e-02  1  0  0  0  0  2  2  0  0  0  0  0  0  0  0  0
  5.0668712612252982e-02  0  0  1  0  1  0  1  2  0  0  0  0  0  0  0  0
  1.3987690384395285e-02  0  0  1  0  0  3  0  1  0  0  0  0  0  0  0  0
 -2.8504046857515644e-03  0  0  0  0  1  0  0  0  0  4  0  0  0  0  0  0
 -9.4986152957809399e-03  0  2  0  0  3  0  0  0  0  0  0  0  0  0  0  0
  2.6113442036196057e-04  0  0  0  0  0  2  0  0  0  0  0  0  0  1  1  1
  4.1963071153185857e-02  0  0  0  1  2  1  1  0  0  0  0  0  0  0  0  0
  3.5031871592743538e-06  0  0  0  0  2  0  2  0  0  0  0  0  1  0  0  0
  5.0768266839266792e-06  0  0  0  0  1  2  0  0  0  0  0  0  0  0  2  0
 -1.0066460227721135e-02  0  0  0  0  1  0  0  0  4  0  0  0  0  0  0  0
  9.6842421846230046e-11  1  0  0  0  1  0  0  0  0  0  0  0  1  0  0  0
  3.5806692634691661e-02  1  0  1  1  0  0  1  1  0  0  0  0  0  0  0  0
 -1.5563271100451617e-04  0  0  0  0  1  0  0  0  0  0  0  0  0  0  2  2
  3.1810159759566591e-06  0  0  0  0  2  0  0  0  1  0  0  0  0  0  0  0
  4.6072707844004035e-04  0  0  0  0  0  3  1  0  0  0  0  1  0  0  0  0
  3.1795522839910294e-02  2  0  0  2  1  0  0  0  0  0  0  0  0  0  0  0
 -1.6630811168989295e-09  0  0  1  0  0  0  1  0  1  0  0  0  0  0  0  0
  6.8563667674021375e-02  0  0  0  1  1  0  0  3  0  0  0  0  0  0  0  0
 -1.7582739469683081e-02  0  1  0  2  0  0  1  1  0  0  0  0  0  0  0  0
  4.6169135726980169e-03  0  0  0  0  0  0  1  0  0  1  0  3  0  0  0  0
 -4.9178841064766683e-05  0  0  0  0  3  0  0  1  0  0  0  0  0  0  0  1
 -3.0379466420239822e-11  2  0  0  0  0  0  0  0  0  0  0  0  1  0  0  0
 -2.7972831053517513e-04  0  0  0  0  0  0  0  1  0  0  0  0  1  0  2  1
  6.8091648931168170e-03  0  0  0  0  0  0  0  0  1  4  0  0  0  0  0  0
  3.1682532772805569e-02  0  0  1  0  1  0  3  0  0  0  0  0  0  0  0  0
  1.9496742487462655e-02  0  0  0  0  1  1  0  0  1  0  1  1  0  0  0  0
 -8.9792455448367229e-03  0  0  0  0  0  0  1  0  0  3  0  1  0  0  0  0
  1.4273034717415520e-09  1  0  0  0  0  0  0  1  0  0  0  1  0  0  0  0
  1.0003924569004306e-03  0  0  0  0  0  0  3  0  0  1  0  1  0  0  0  0
  9.9200625812398131e-04  0  0  0  0  1  0  0  0  0  0  0  0  2  0  0  2
 -4.4471988429300941e-03  0  0  0  0  0  1  1  0  0  0  0  3  0  0  0  0
  5.2790238996644232e-10  0  0  0  0  0  0  0  0  1  1  0  0  0  1  0  0
 -8.9653020015540708e-03  1  0  1  0  0  0  3  0  0  0  0  0  0  0  0  0
  2.4705234666350979e-05  0  0  0  0  1  0  2  0  0  0  0  0  0  0  2  0
 -7.8975225435673601e-03  0  0  0  0  1  0  0  0  0  0  2  2  0  0  0  0
 -1.8988454187454193e-02  0  0  0  0  1  0  0  1  0  2  0  1  0  0  0  0
 -3.6387281136727326e-03  1  0  3  0  0  0  1  0  0  0  0  0  0  0  0  0
 -1.8589428362776048e-05  0  0  0  0  0  2  0  1  0  0  0  0  1  0  0  1
 -4.0522375975153639e-04  3  0  2  0  0  0  0  0  0  0  0  0  0  0  0  0
  2.4815080597088382e-02  1  0  1  0  0  2  1  0  0  0  0  0  0  0  0  0
  1.6080203139746924e-02  0  0  0  0  0  0  0  1  0  1  1  2  0  0  0  0
  8.2335310535308963e-10  0  1  0  0  0  1  0  0  1  0  0  0  0  0  0  0
  4.9577487834573941e-02  0  0  0  1  1  0  2  1  0  0  0  0  0  0  0  0
  9.5379697109662064e-03  1  0  0  2  0  0  2  0  0  0  0  0  0  0  0  0
 -3.2131371863276601e-10  0  0  0  0  0  0  0  0  1  0  0  0  0  2  0  0
 -5.6201636154244673e-04  0  4  0  0  1  0  0  0  0  0  0  0  0  0  0  0
  4.9205165183960427e-10  0  0  0  0  0  0  0  0  2  0  0  0  1  0  0  0
 -1.8357861994817938e-04  0  0  0  0  0  0  0  2  0  0  0  0  3  0  0  0
 -2.6767363606132526e-04  0  0  0  0  3  0  0  0  0  2  0  0  0  0  0  0
  1.0942139940286142e-05  0  0  0  0  1  0  0  0  0  0  0  2  0  0  0  0
 -6.4648552372603815e-04  0  0  0  0  0  0  0  0  0  0  0  0  3  0  0  2
 -2.3451663296694144e-04  0  0  0  0  1  0  0  0  0  0  0  0  1  1  1  1
 -1.3782062004339113e-03  0  3  1  0  0  0  0  1  0  0  0  0  0  0  0  0
 -7.7003833896101380e-12  1  0  0  0  0  0  0  0  0  0  0  0  0  0  0  2
 -7.1470436748988508e-03  0  0  0  0  1  0  1  1  0  0  1  1  0  0  0  0
 -1.2206692910930099e-10  1  0  0  1  0  0  0  0  0  0  0  0  0  0  0  1
  3.4298903473811627e-02  0  1  0  0  3  1  0  0  0  0  0  0  0  0  0  0
 -5.1325868668596997e-04  0  0  0  0  0  0  1  3  0  1  0  0  0  0  0  0
  5.5657126435198675e-05  0  0  0  2  1  0  0  0  0  0  0  0  0  0  0  0
  5.6151909394997360e-05  0  0  0  0  1  1  0  0  0  0  0  0  0  1  2  0
 -8.7655246684658821e-12  0  0  0  1  0  0  0  1  0  0  0  0  1  0  0  0
 -1.7890162736512456e-09  0  0  0  0  0  0  0  0  0  1  0  1  0  0  1  0
  1.1856976341636739e-07  0  0  0  0  2  0  0  0  0  0  0  0  1  0  0  0
  1.2909235309466983e-02  0  0  0  0  0  1  0  1  2  0  1  0  0  0  0  0
  2.2939779832891746e-02  0  0  2  0  1  2  0  0  0  0  0  0  0  0  0  0
  1.0603386586522193e-06  0  0  0  0  0  2  0  0  1  0  0  0  0  0  0  0
 -6.5085051082599446e-02  0  0  0  2  1  0  0  2  0  0  0  0  0  0  0  0
 -2.2793636450253871e-02  0  0  0  0  0  3  1  1  0  0  0  0  0  0  0  0
  1.6138269785556221e-09  0  0  0  1  1  0  0  0  0  0  0  1  0  0  0  0
 -8.7732955550559794e-04  0  0  0  0  0  1  0  0  0  0  0  0  2  0  1  1
 -2.8302202441660856e-02  1  0  1  0  0  0  1  2  0  0  0  0  0  0  0  0
  4.0392437977236509e-04  0  0  0  0  0  0  0  2  0  0  0  0  1  0  0  2
  2.7148586983242299e-02  0  0  0  3  1  0  0  1  0  0  0  0  0  0  0  0
 -5.9793563201345613e-10  0  0  0  0  0  0  0  0  0  1  1  0  0  0  0  1
 -7.8640881260892605e-03  0  0  0  0  0  0  1  1  0  1  2  0  0  0  0  0
 -2.1633792650273162e-04  0  0  0  0  1  0  1  0  0  0  3  0  0  0  0  0
 -4.9630161194176771e-02  1  0  1  0  1  1  0  1  0  0  0  0  0  0  0  0
  6.2666528795863908e-05  0  0  0  0  0  1  2  0  0  0  0  0  1  1  0  0
  3.4298903473811634e-02  0  1  0  0  1  3  0  0  0  0  0  0  0  0  0  0
 -2.4539523776595452e-10  0  0  0  0  1  0  0  0  0  1  0  0  0  1  0  0
 -2.8553112136764982e-04  0  0  0  0  0  0  0  1  0  0  0  0  2  1  1  0
  1.3573297466762529e-03  0  0  0  0  1  1  1  0  0  1  1  0  0  0  0  0
  1.0152326251903316e-04  0  0  0  0  0  0  2  1  0  0  0  0  0  1  1  0
 -2.8805448581900740e-02  1  0  0  1  0  0  2  1  0  0  0  0  0  0  0  0
  3.1746902581594795e-05  0  1  1  1  0  0  0  0  0  0  0  0  0  0  0  0
