758
  1.1258530624866365e-10  1  0  0  0  0  0  0  0  0  1  0  0  0  1  0  0
  1.2945717465030715e-01  0  0  0  0  0  0  0  0  1  0  0  0  2  0  0  2
 -1.9088858995514293e-06  0  0  0  0  0  0  1  1  0  1  0  0  0  0  0  0
 -1.8509647649824595e-10  1  0  0  0  0  0  2  0  0  0  0  0  0  0  0  0
  1.2829632525614964e-09  0  0  1  0  1  0  0  0  0  0  1  0  0  0  0  0
  4.7940607564372421e-05  1  2  0  0  0  0  0  0  0  2  0  0  0  0  0  0
 -8.8695686053765621e-11  0  0  0  0  0  0  0  1  0  0  0  0  1  0  0  1
 -3.7585046936761621e-10  0  1  0  0  0  0  0  0  0  0  1  0  0  0  0  1
 -1.1922017280759385e-01  0  0  0  0  0  0  0  0  3  0  0  1  0  0  0  1
  2.0860179830396841e-02  0  0  0  0  0  2  0  0  1  0  2  0  0  0  0  0
  8.4798309929823026e-02  0  0  0  0  0  0  0  0  2  1  1  0  0  0  0  1
 -2.9557812460241462e-02  0  0  0  0  0  0  0  0  0  0  3  1  0  1  0  0
 -2.9071756934310184e-10  0  0  1  0  0  0  0  0  0  1  0  0  0  0  0  1
 -3.1680410130714515e-06  0  0  0  0  1  0  0  2  0  0  0  0  0  0  0  0
 -1.3153823082692435e-09  0  0  0  0  0  0  1  0  1  0  0  0  0  0  1  0
 -3.3093788216110676e-10  1  0  0  0  0  0  0  0  0  0  1  0  0  0  1  0
 -2.9948451671223293e-02  0  0  0  0  1  0  0  0  2  0  2  0  0  0  0  0
 -1.4160414411959988e-03  0  0  0  0  0  0  0  3  0  1  1  0  0  0  0  0
  3.1997616279747610e-04  1  1  0  0  0  0  0  0  0  1  2  0  0  0  0  0
  2.1273906524266241e-05  0  1  3  0  0  0  0  0  0  0  0  1  0  0  0  0
  2.4749572073385820e-11  0  0  2  0  0  0  0  0  0  0  0  0  1  0  0  0
  4.9486119855363525e-02  0  0  0  0  0  0  0  1  1  0  0  3  0  0  0  0
  7.6013512853150958e-02  0  0  0  0  0  0  0  0  0  0  0  1  1  2  0  1
  1.9485182579976533e-10  1  0  0  0  0  0  0  0  0  0  0  1  0  0  0  1
 -1.7534223560163439e-05  0  2  1  1  0  0  0  0  0  1  0  0  0  0  0  0
 -3.6829734820849863e-02  0  0  0  0  0  0  0  0  2  0  0  1  0  1  1  0
  3.0461941960129760e-02  0  0  0  0  0  0  0  0  0  0  1  1  0  3  0  0
 -7.7874535809318592e-05  2  1  0  1  0  0  0  0  0  0  1  0  0  0  0  0
 -7.4572386949136650e-05  1  0  0  3  0  0  0  0  0  0  0  1  0  0  0  0
 -1.2064502774172784e-09  0  0  0  0  0  0  1  0  0  0  1  0  1  0  0  0
  1.3910172423972956e-05  3  0  0  0  0  0  0  0  0  0  2  0  0  0  0  0
 -9.0627619197721096e-02  0  0  0  0  0  0  0  0  0  2  0  1  0  1  1  0
  3.4809871524862541e-03  1  0  0  0  0  0  0  0  1  1  1  1  0  0  0  0
 -3.3517151007404607e-02  0  0  0  0  0  0  0  0  2  0  1  0  0  1  0  1
  2.9624543526902261e-02  0  0  0  0  0  1  0  0  0  2  1  1  0  0  0  0
  1.2728720647310421e-02  0  0  0  0  0  0  0  0  0  0  0  0  3  2  0  0
 -4.4424747954994828e-05  1  0  2  1  0  0  0  0  0  0  0  1  0  0  0  0
 -8.3520150100412690e-04  0  2  1  0  0  0  0  0  1  0  1  0  0  0  0  0
 -1.4402963675775673e-05  1  2  0  1  0  0  0  0  0  0  0  1  0  0  0  0
 -1.2250398135036753e-03  0  0  0  0  3  0  0  2  0  0  0  0  0  0  0  0
  5.5316340961145492e-03  0  0  0  0  3  0  0  0  2  0  0  0  0  0  0  0
 -4.9646160156680658e-04  0  0  0  0  1  2  0  0  0  0  0  2  0  0  0  0
 -8.8449785169443726e-03  0  0  0  0  0  0  0  2  1  0  2  0  0  0  0  0
  1.0507822772297423e-04  3  0  0  0  0  0  0  0  2  0  0  0  0  0  0  0
  8.3252544375176998e-05  0  2  0  1  0  0  0  0  1  0  0  1  0  0  0  0
  3.6719557482671049e-02  0  0  0  0  0  0  0  1  1  0  2  1  0  0  0  0
 -3.2771062607743244e-05  0  0  0  0  0  0  0  0  1  0  0  0  2  0  0  0
  2.2619183304720267e-05  0  0  0  0  1  0  0  0  2  0  0  0  0  0  0  0
  2.4219795556271337e-02  0  0  0  0  0  0  0  0  1  2  0  0  0  0  2  0
 -1.7084803058009046e-07  1  0  0  2  0  0  0  0  0  0  0  0  0  0  0  0
  2.7236659572467268e-02  0  0  0  0  0  1  0  0  1  3  0  0  0  0  0  0
 -1.3946994656632964e-02  0  0  0  0  0  1  1  0  0  2  0  1  0  0  0  0
 -2.9557812460241462e-02  0  0  0  0  0  0  0  0  0  0  1  3  0  1  0  0
  1.2790114662453033e-03  0  0  0  0  0  1  3  0  0  0  0  1  0  0  0  0
  3.2056380972980934e-03  0  0  0  0  0  1  2  1  0  0  1  0  0  0  0  0
  2.4864365038154094e-02  0  0  0  0  0  0  1  0  1  0  3  0  0  0  0  0
  4.8586888142667387e-02  0  0  0  0  0  0  0  0  2  0  0  0  3  0  0  0
  4.3029451403121915e-06  0  0  0  0  0  0  2  0  1  0  0  0  0  0  0  0
  1.0568513172563705e-01  0  0  0  0  0  0  0  0  0  1  1  1  0  0  2  0
  8.4109863515431147e-05  1  0  0  2  0  0  0  0  0  0  2  0  0  0  0  0
  7.3535342281758079e-02  0  0  0  0  0  0  0  0  0  2  0  0  0  1  1  1
  1.0603386586522197e-06  0  0  0  0  3  0  0  0  0  0  0  0  0  0  0  0
  2.8044839990114100e-02  0  0  0  0  0  0  0  0  0  2  0  0  1  2  0  0
  4.3509275984067224e-02  0  0  0  0  0  0  0  0  0  0  2  2  1  0  0  0
 -3.6553823307754765e-02  0  0  0  0  0  0  0  0  0  2  0  0  1  0  2  0
  1.0055708286624372e-01  0  0  0  0  0  0  0  0  0  1  0  2  0  0  1  1
 -1.7904684918647867e-01  0  0  0  0  0  0  0  0  1  1  0  1  1  0  1  0
 -1.1879506647151063e-02  0  0  0  0  1  1  1  1  1  0  0  0  0  0  0  0
 -1.6061302368194429e-09  0  0  0  0  1  0  0  0  0  0  1  0  0  0  1  0
 -3.9699537351828657e-02  0  0  0  0  2  0  0  1  1  0  0  1  0  0  0  0
 -3.9847413021574302e-08  0  0  0  0  0  0  0  0  1  0  0  0  0  0  0  0
  1.7343345158917469e-02  0  0  0  0  0  0  0  2  3  0  0  0  0  0  0  0
 -1.3279440736334311e-02  0  0  0  0  0  0  1  1  2  1  0  0  0  0  0  0
 -1.2609472621107173e-01  0  0  0  0  0  0  0  0  0  1  2  1  0  0  1  0
  2.6971429257322482e-11  0  0  0  2  0  0  0  0  0  0  0  0  1  0  0  0
 -2.6755421960049802e-02  0  0  0  0  0  0  0  0  1  1  0  0  0  1  2  0
  8.6927040049398900e-04  0  1  0  1  0  0  0  0  1  1  0  1  0  0  0  0
 -8.3274914818503354e-02  0  0  0  0  0  0  0  0  0  1  0  1  0  0  1  2
  2.6057419312638431e-02  0  0  0  0  0  0  0  0  0  0  0  3  0  1  1  0
 -6.0425916748493062e-05  0  0  0  0  3  0  2  0  0  0  0  0  0  0  0  0
  1.8647632954814245e-04  0  0  0  2  0  0  0  0  0  1  1  1  0  0  0  0
  9.7514957481731369e-03  0  0  0  0  0  0  0  0  1  0  0  0  0  2  2  0
 -3.1080720983297633e-02  0  0  0  0  1  0  0  0  0  2  0  2  0  0  0  0
 -3.2843392171149363e-04  0  0  1  1  0  0  0  0  2  1  0  0  0  0  0  0
 -1.1575420715364297e-05  1  0  3  0  0  0  0  0  0  0  1  0  0  0  0  0
  3.9092624219964163e-04  0  0  1  0  0  0  0  0  0  3  0  1  0  0  0  0
  2.3951407238532174e-03  0  0  0  0  1  0  0  0  0  0  4  0  0  0  0  0
  1.1727787265989249e-03  0  0  1  0  0  0  0  0  2  1  0  1  0  0  0  0
  5.3253252452029346e-10  0  0  0  0  0  0  0  1  0  0  0  0  0  1  1  0
 -2.0743355502811428e-03  1  0  0  0  0  0  0  0  2  0  2  0  0  0  0  0
  1.7840460535138003e-01  0  0  0  0  0  0  0  0  3  0  0  2  0  0  0  0
 -1.0771280224412840e-03  0  0  0  0  1  2  2  0  0  0  0  0  0  0  0  0
  4.4537897365906154e-03  0  0  0  0  2  0  0  1  0  1  1  0  0  0  0  0
 -1.0133647623896410e-09  1  0  0  1  0  0  0  1  0  0  0  0  0  0  0  0
  5.3362830409914769e-09  0  0  0  0  1  0  0  0  0  0  0  0  0  0  0  0
 -2.2218571839366582e-12  0  0  1  1  0  0  0  0  0  0  0  0  0  1  0  0
 -7.7168308560901363e-12  0  1  0  0  0  0  0  0  0  0  0  0  1  1  0  0
 -4.8246431710407623e-03  0  0  0  0  1  2  0  0  0  0  2  0  0  0  0  0
  1.0493777881849394e-03  1  1  1  0  0  0  0  0  1  0  0  1  0  0  0  0
  1.2916864913472697e-02  0  0  0  0  0  0  0  2  1  2  0  0  0  0  0  0
  4.2965360716213576e-02  0  0  0  0  2  0  0  0  1  0  0  2  0  0  0  0
  7.5445807277540093e-03  0  0  0  0  0  0  1  2  1  0  1  0  0  0  0  0
  1.1903605170445550e-01  0  0  0  0  0  0  0  0  1  2  0  2  0  0  0  0
 -2.1648166625908724e-02  0  0  0  0  1  1  0  0  2  1  0  0  0  0  0  0
 -1.1278528010081104e-01  0  0  0  0  0  0  0  0  0  1  1  0  1  1  1  0
  2.2065827604876059e-01  0  0  0  0  0  0  0  0  1  1  1  1  1  0  0  0
  1.3327124563353906e-02  0  0  0  0  1  0  0  0  0  0  0  4  0  0  0  0
 -2.2316906755810922e-02  0  0  0  0  0  0  0  0  0  2  0  2  1  0  0  0
 -4.3463520024699455e-04  0  1  0  1  0  0  0  0  0  2  1  0  0  0  0  0
 -1.7112345415140502e-03  0  0  0  0  0  0  2  2  1  0  0  0  0  0  0  0
 -1.0568513172563702e-01  0  0  0  0  0  0  0  0  0  1  1  1  2  0  0  0
 -5.8578821725233027e-07  1  0  0  0  0  0  0  0  0  0  2  0  0  0  0  0
 -1.8403932031407472e-02  0  0  0  0  0  0  0  0  1  0  4  0  0  0  0  0
  9.5881215128744828e-05  2  1  0  0  0  0  0  0  1  1  0  0  0  0  0  0
 -1.8694158594950969e-02  0  0  0  0  0  0  1  0  0  1  2  1  0  0  0  0
  2.9439312611235911e-02  0  0  0  0  0  0  0  1  2  1  1  0  0  0  0  0
  4.3463520024699450e-04  1  0  1  0  0  0  0  0  0  2  1  0  0  0  0  0
  9.1232970390983575e-02  0  0  0  0  0  0  0  0  1  0  2  1  0  0  0  1
  1.3042325492626650e-05  0  0  0  0  0  0  0  0  0  0  1  1  0  1  0  0
  5.1421545518408055e-05  0  1  1  2  0  0  0  0  0  0  0  1  0  0  0  0
  1.1943319088676320e-05  0  0  0  0  0  0  0  0  0  0  1  0  1  0  1  0
 -7.1947160139677890e-02  0  0  0  0  0  0  0  0  0  0  1  2  1  0  1  0
 -4.7227169654909824e-03  0  0  1  0  0  0  0  0  3  0  1  0  0  0  0  0
  7.8999450437942344e-06  2  0  1  0  0  0  0  0  1  0  1  0  0  0  0  0
 -2.2546996712799606e-05  0  0  0  0  0  0  0  0  0  1  0  0  1  1  0  0
 -1.1278528010081104e-01  0  0  0  0  0  0  0  0  0  1  0  1  1  1  0  1
  1.1763150150318942e-10  1  0  0  0  0  0  0  0  0  0  0  0  0  0  2  0
  5.0469842887169341e-03  0  0  0  0  3  0  0  1  0  0  0  1  0  0  0  0
 -2.1330303008975774e-07  1  4  0  0  0  0  0  0  0  0  0  0  0  0  0  0
  4.5344049757556001e-02  0  0  0  0  0  0  0  0  2  0  1  1  0  1  0  0
 -4.1723059709506111e-05  1  0  1  2  0  0  0  0  0  0  1  0  0  0  0  0
 -1.5236878293992217e-05  0  0  0  4  0  0  0  0  1  0  0  0  0  0  0  0
  1.1245230512608727e-04  0  0  0  0  1  0  4  0  0  0  0  0  0  0  0  0
  7.1947160139677890e-02  0  0  0  0  0  0  0  0  0  0  1  2  0  1  0  1
 -8.4897586233353035e-03  0  0  0  0  0  0  0  0  3  0  0  0  0  2  0  0
 -5.8326310605655278e-07  0  2  0  0  0  0  0  0  1  0  0  0  0  0  0  0
  2.3516544471700223e-04  0  0  0  3  0  0  0  0  1  0  0  1  0  0  0  0
 -2.2320053928967751e-04  0  2  0  0  0  0  0  0  1  0  0  2  0  0  0  0
 -1.7810566094077382e-01  0  0  0  0  0  0  0  0  2  1  1  1  0  0  0  0
  8.4243628676839010e-11  0  0  0  0  0  0  1  0  0  0  0  0  0  1  0  1
  1.0271024076276643e-02  0  0  0  0  0  0  0  0  0  2  0  0  3  0  0  0
 -1.4554899968382239e-03  0  1  1  0  0  0  0  0  2  0  0  1  0  0  0  0
 -1.0855633770129396e-10  0  0  0  0  0  1  0  1  0  0  0  0  0  0  1  0
  1.4794347896654009e-02  0  0  0  0  0  1  0  1  0  0  1  2  0  0  0  0
 -8.4795869559833403e-04  1  0  0  1  0  0  0  0  0  0  0  3  0  0  0  0
 -1.9430495934836563e-04  0  1  2  0  0  0  0  0  0  0  1  1  0  0  0  0
 -9.4106219673929653e-03  0  0  0  0  0  0  2  0  1  0  0  2  0  0  0  0
  6.9389500682222538e-05  3  0  0  1  0  0  0  0  0  0  0  1  0  0  0  0
 -5.1886458726352353e-03  0  0  0  0  3  0  0  0  0  0  0  2  0  0  0  0
  1.0323156876655483e-09  0  1  1  0  0  0  0  1  0  0  0  0  0  0  0  0
  7.5397277682400643e-06  0  0  0  0  1  0  0  0  0  2  0  0  0  0  0  0
  4.2383562343362185e-10  1  0  0  0  0  1  0  0  0  1  0  0  0  0  0  0
 -4.7190110798808090e-02  0  0  0  0  0  0  0  0  2  1  0  0  1  1  0  0
  3.7326614614563489e-05  1  2  0  0  0  0  0  0  0  0  0  2  0  0  0  0
  7.8082166884525596e-10  0  0  0  0  1  0  0  0  0  0  0  1  0  0  0  1
  1.0003924569004304e-03  0  0  0  0  0  1  0  3  0  0  1  0  0  0  0  0
  1.2239880561163137e-10  0  0  0  0  1  0  1  0  0  0  0  0  0  0  1  0
 -5.1325868668597007e-04  0  0  0  0  0  1  1  3  0  0  0  0  0  0  0  0
 -3.6764357730411291e-02  0  0  0  0  0  0  0  0  1  0  2  0  0  0  0  2
 -4.4543893045288316e-02  0  0  0  0  0  0  0  0  0  0  0  1  2  1  1  0
  4.4537897365906146e-03  0  0  0  0  0  2  1  0  0  1  0  1  0  0  0  0
  1.2948301734008516e-02  0  0  0  0  1  0  1  0  0  2  1  0  0  0  0  0
 -1.7264710901168916e-04  1  0  0  2  0  0  0  0  0  2  0  0  0  0  0  0
 -1.2130607167847506e-01  0  0  0  0  0  0  0  0  0  0  0  3  1  0  0  1
 -5.9275962222584749e-03  0  0  0  0  0  0  0  1  0  1  3  0  0  0  0  0
  7.4703087226157552e-02  0  0  0  0  0  0  0  0  0  0  2  1  0  1  1  0
 -1.5550541103155936e-03  0  1  0  0  0  0  0  0  1  1  0  2  0  0  0  0
 -1.0416509514534625e-03  0  0  0  0  0  0  0  0  1  0  0  0  0  0  4  0
 -2.9404389380872746e-03  0  0  0  0  1  0  2  0  0  2  0  0  0  0  0  0
 -3.2797963800461649e-03  0  0  0  0  1  0  2  1  0  0  0  1  0  0  0  0
 -6.2864219342895497e-03  0  0  0  1  0  0  0  0  3  0  0  1  0  0  0  0
  3.4639584702034279e-03  1  0  0  0  0  0  0  0  2  2  0  0  0  0  0  0
 -1.1582209277305000e-01  0  0  0  0  0  0  0  0  1  0  0  1  0  2  0  1
  1.4145947506674030e-11  0  0  0  1  0  0  0  0  0  0  0  0  1  0  0  1
  2.4190447382221736e-04  0  1  1  0  0  0  0  0  0  0  0  3  0  0  0  0
  3.3003728013487661e-11  1  0  1  0  0  0  1  0  0  0  0  0  0  0  0  0
  1.0603386586522193e-06  0  0  0  0  1  2  0  0  0  0  0  0  0  0  0  0
  2.1813160024479728e-03  0  0  0  0  2  1  1  1  0  0  0  0  0  0  0  0
 -8.9140396655146455e-03  0  0  0  0  2  0  0  0  0  1  1  1  0  0  0  0
 -1.7993792410077997e-02  0  0  0  0  0  0  0  0  0  0  0  0  1  2  2  0
 -3.8260791558523226e-05  0  0  0  0  0  0  0  0  0  1  1  1  0  0  0  0
  9.9258469665189196e-12  0  0  0  0  0  0  1  1  0  0  0  0  0  1  0  0
  2.7183117626298318e-02  0  0  0  0  0  0  0  0  2  0  0  0  0  1  1  1
 -1.3383681803066260e-04  0  0  0  0  0  4  0  0  1  0  0  0  0  0  0  0
  5.2790238996644180e-10  0  0  0  0  0  1  0  0  0  1  0  0  1  0  0  0
  1.7685405958192607e-01  0  0  0  0  0  0  0  0  1  0  0  3  0  0  0  1
 -5.1325868668597007e-04  0  0  0  0  0  1  3  1  0  0  0  0  0  0  0  0
  1.3609635614358097e-05  0  0  0  0  1  0  0  1  0  0  0  1  0  0  0  0
  2.5599321411013468e-03  0  0  0  1  0  0  0  0  1  0  2  1  0  0  0  0
 -1.2916864913472702e-02  0  0  0  0  2  0  0  0  1  2  0  0  0  0  0  0
 -5.7008093715031280e-03  0  0  0  0  0  2  0  0  3  0  0  0  0  0  0  0
  2.0552420498019054e-06  0  1  0  0  0  0  0  0  1  1  0  0  0  0  0  0
 -5.2702163392070469e-04  0  0  0  0  3  1  0  0  0  1  0  0  0  0  0  0
  3.3891715960797242e-01  0  0  0  0  0  0  0  0  2  0  0  1  1  0  0  1
 -2.0132920455442269e-02  0  0  0  0  2  0  0  0  3  0  0  0  0  0  0  0
 -4.1892406589804601e-02  0  0  0  0  0  0  0  0  1  0  0  2  0  0  2  0
 -1.9927751770924961e-03  0  0  0  0  0  2  1  1  0  1  0  0  0  0  0  0
 -5.1510343918230662e-08  1  0  2  0  0  0  0  0  0  0  0  0  0  0  0  0
 -1.7890162736512458e-09  0  0  0  0  0  1  0  0  0  0  1  0  0  0  0  1
 -1.3377710980024896e-02  0  0  0  0  0  0  0  0  0  2  0  0  1  0  0  2
 -1.9390052746228940e-05  0  0  3  0  0  0  0  0  0  1  0  1  0  0  0  0
 -2.1695484467892122e-02  0  0  0  0  0  0  0  0  0  1  0  0  1  3  0  0
 -7.2660403764956000e-02  0  0  0  0  0  0  0  0  0  0  2  1  1  0  0  1
  1.9950298568297803e-02  0  0  0  0  0  0  0  0  0  0  0  0  1  0  2  2
  3.9766337233156724e-03  0  0  0  0  2  0  1  0  0  1  0  1  0  0  0  0
  1.8424667206481157e-02  0  0  0  0  0  0  0  0  2  2  0  0  1  0  0  0
 -5.9187261367608400e-02  0  0  0  0  0  0  1  0  1  2  1  0  0  0  0  0
 -4.5319839589902808e-02  0  0  0  0  0  0  0  0  0  0  0  2  1  2  0  0
 -1.0063310559697462e-01  0  0  0  0  0  0  0  0  1  0  2  2  0  0  0  0
  6.5461871402817663e-05  0  2  1  0  0  0  0  0  0  1  0  1  0  0  0  0
  6.3825241534159666e-02  0  0  0  0  0  0  0  0  0  1  1  3  0  0  0  0
 -3.9949832489207360e-02  0  0  0  0  0  0  0  0  3  0  0  0  2  0  0  0
  3.1997616279747616e-04  1  1  0  0  0  0  0  0  0  1  0  2  0  0  0  0
  6.8529969892120873e-02  0  0  0  0  0  0  0  0  0  1  2  0  1  1  0  0
 -4.0473637020129224e-02  0  0  0  0  0  0  0  0  0  1  3  0  0  0  0  1
  8.2335310535308963e-10  0  1  0  0  1  1  0  0  0  0  0  0  0  0  0  0
 -6.1618446779345715e-06  0  2  0  2  0  0  0  0  1  0  0  0  0  0  0  0
 -1.9927751770924961e-03  0  0  0  0  2  0  1  1  0  1  0  0  0  0  0  0
  5.6089679980228187e-02  0  0  0  0  0  0  0  0  1  1  0  0  2  1  0  0
  2.4288160925748565e-09  0  0  1  0  0  1  0  0  0  0  0  1  0  0  0  0
  5.3479100803918461e-09  0  0  0  1  0  0  0  1  1  0  0  0  0  0  0  0
  6.9439258579824569e-04  0  0  0  2  0  0  0  0  1  2  0  0  0  0  0  0
 -5.9187261367608407e-02  0  0  0  0  0  0  0  1  1  2  0  1  0  0  0  0
  9.8131042037453032e-03  0  0  0  0  0  0  0  1  0  3  1  0  0  0  0  0
 -6.2899811031510877e-02  0  0  0  0  0  0  0  0  0  0  1  1  0  1  2  0
  8.4109863515431134e-05  1  0  2  0  0  0  0  0  0  0  0  2  0  0  0  0
  8.3284537174788467e-02  0  0  0  0  0  0  0  0  1  0  1  0  1  1  0  1
 -5.7798729354380869e-04  0  1  0  0  0  0  0  0  0  0  3  1  0  0  0  0
 -1.2539059698322303e-02  0  0  0  0  0  1  2  0  1  1  0  0  0  0  0  0
 -2.8050399504058918e-04  1  1  1  1  0  0  0  0  1  0  0  0  0  0  0  0
  1.0376663610146010e-02  0  0  0  0  0  0  0  3  1  0  0  1  0  0  0  0
  6.1004183265582334e-03  0  0  0  0  0  1  1  1  0  2  0  0  0  0  0  0
 -1.9846617026136006e-11  0  2  0  0  0  0  0  0  0  0  0  0  1  0  0  0
  7.1034792378331732e-11  0  0  0  1  0  0  0  0  1  0  0  0  0  0  0  1
 -8.2142196252994085e-02  0  0  0  0  0  0  0  0  0  0  0  1  1  0  0  3
  2.8582554052418493e-03  0  0  0  0  1  1  2  0  0  1  0  0  0  0  0  0
 -8.4377664638780687e-08  0  0  1  1  0  0  0  0  0  1  0  0  0  0  0  0
  1.6717231999432790e-04  0  0  3  0  0  0  0  0  1  0  1  0  0  0  0  0
  4.9735499965485657e-03  0  0  0  0  2  0  0  0  1  0  2  0  0  0  0  0
  1.0179054343982407e-05  0  0  0  0  0  1  0  0  0  0  1  1  0  0  0  0
  1.7904684918647870e-01  0  0  0  0  0  0  0  0  1  1  0  1  0  1  0  1
  2.1313064743635427e-02  0  0  0  0  0  0  0  0  1  0  0  0  2  0  2  0
 -2.1579916962967807e-02  0  0  0  0  1  0  0  2  2  0  0  0  0  0  0  0
 -4.0058875720722310e-06  0  0  0  0  1  1  0  0  0  1  0  0  0  0  0  0
  1.1258530624866413e-10  0  1  0  0  0  0  0  0  0  1  0  0  1  0  0  0
  6.3293711278669632e-02  0  0  0  0  0  1  0  0  2  0  1  1  0  0  0  0
  8.4903846680279300e-03  0  0  0  0  0  0  2  0  3  0  0  0  0  0  0  0
  1.0055708286624372e-01  0  0  0  0  0  0  0  0  0  1  2  0  0  0  1  1
  4.1011298350791869e-06  0  0  0  0  0  0  0  1  0  1  1  0  0  0  0  0
 -2.5896603468017025e-02  0  0  0  0  1  0  1  0  1  1  0  1  0  0  0  0
  2.3586812318196243e-05  0  0  0  0  1  4  0  0  0  0  0  0  0  0  0  0
 -8.9523424593239351e-02  0  0  0  0  0  0  0  0  0  2  1  0  0  1  0  1
 -4.5597892869177368e-03  0  0  0  0  2  1  0  1  0  0  1  0  0  0  0  0
 -6.1557595678297695e-03  0  0  0  0  0  0  0  0  3  0  1  0  0  0  1  0
  1.2387134733107046e-05  0  0  0  0  0  0  0  0  0  0  0  0  1  2  0  0
  2.6937736634510170e-02  0  0  0  0  1  0  1  0  2  0  1  0  0  0  0  0
 -1.2369878597906569e-10  0  0  0  0  0  0  1  0  0  0  0  1  0  1  0  0
 -1.8647632954814242e-04  2  0  0  0  0  0  0  0  0  1  1  1  0  0  0  0
  1.3191141220302101e-02  0  0  0  0  1  1  0  0  0  1  0  2  0  0  0  0
  3.7630927410846594e-02  0  0  0  0  0  0  1  0  1  0  1  2  0  0  0  0
  1.4052802737577009e-11  0  1  0  1  0  0  1  0  0  0  0  0  0  0  0  0
  2.3586812318196243e-05  0  0  0  0  5  0  0  0  0  0  0  0  0  0  0  0
 -2.8228219145179975e-02  0  0  0  0  0  0  0  0  1  0  0  0  4  0  0  0
 -1.5883037467837323e-04  1  0  2  0  0  0  0  0  2  0  0  0  0  0  0  0
  1.5353889338734297e-02  0  0  0  0  0  0  0  0  4  0  0  0  1  0  0  0
 -2.9516563734545403e-02  0  0  0  0  0  0  0  0  0  1  1  0  0  0  0  3
 -2.0833770781088421e-04  0  0  0  0  1  2  0  2  0  0  0  0  0  0  0  0
  1.4707068456351613e-01  0  0  0  0  0  0  0  0  1  1  0  0  1  0  1  1
 -1.0440406754803165e-02  0  0  0  0  0  0  0  0  0  0  0  0  3  0  2  0
  4.8965027822107719e-05  2  0  1  0  0  0  0  0  0  1  0  1  0  0  0  0
  8.9523424593239337e-02  0  0  0  0  0  0  0  0  0  2  1  0  1  0  1  0
 -1.6188352722763283e-10  1  0  0  0  0  2  0  0  0  0  0  0  0  0  0  0
 -1.8977949855630814e-04  1  1  1  0  0  0  0  0  0  1  1  0  0  0  0  0
 -3.3853586258379151e-10  0  0  0  1  1  0  0  1  0  0  0  0  0  0  0  0
 -7.6429045106216482e-07  2  0  0  0  0  0  0  0  1  0  0  0  0  0  0  0
 -1.3684458754956261e-01  0  0  0  0  0  0  0  0  2  0  0  0  1  0  0  2
 -3.9561052960117797e-02  0  0  0  0  0  0  1  0  3  0  1  0  0  0  0  0
 -1.6988751310001025e-02  0  0  0  0  0  0  2  0  1  0  2  0  0  0  0  0
  9.7483712437313273e-03  0  0  0  0  2  1  0  0  0  0  1  1  0  0  0  0
 -4.4264802454447704e-03  0  0  0  0  0  0  1  1  0  3  0  0  0  0  0  0
 -7.8640881260892605e-03  0  0  0  0  0  1  2  0  0  0  1  1  0  0  0  0
 -3.2984338016245410e-02  0  0  0  0  0  0  1  1  1  0  1  1  0  0  0  0
 -1.3741865558842763e-05  0  0  0  0  0  0  0  0  0  0  0  0  1  0  0  2
 -1.4993923859325423e-10  0  1  0  0  0  0  0  0  0  0  0  1  0  0  1  0
 -6.2695298491611522e-03  0  0  0  0  1  0  0  2  0  2  0  0  0  0  0  0
  1.2200836653116467e-02  0  0  0  0  1  0  1  1  1  1  0  0  0  0  0  0
  1.4784858776368348e-03  0  2  0  0  0  0  0  0  1  0  2  0  0  0  0  0
  6.9513353192172805e-02  0  0  0  0  0  0  0  0  1  0  0  2  0  2  0  0
 -7.8640881260892605e-03  0  0  0  0  0  1  1  1  0  0  0  2  0  0  0  0
  8.6993824974521627e-02  0  0  0  0  0  0  0  0  0  1  1  0  0  2  0  1
  5.2808046714336756e-10  0  0  0  0  0  0  1  0  0  0  0  0  1  0  1  0
  3.3401929950708224e-05  0  0  0  0  0  0  0  0  0  0  0  1  1  0  0  1
  2.8139797787905605e-05  1  1  2  0  0  0  0  0  0  1  0  0  0  0  0  0
 -4.9734872597134603e-03  0  0  0  0  2  0  1  0  1  0  1  0  0  0  0  0
 -1.0337851738854576e-05  0  0  4  0  0  0  0  0  1  0  0  0  0  0  0  0
 -1.1435829189516123e-05  3  0  0  2  0  0  0  0  0  0  0  0  0  0  0  0
 -4.7075502854753554e-04  0  0  2  0  0  0  0  0  1  0  0  2  0  0  0  0
  1.1507388056676583e-03  1  0  1  0  0  0  0  0  2  0  1  0  0  0  0  0
 -4.4601642793479093e-10  0  0  1  0  0  0  0  0  0  0  1  0  1  0  0  0
 -2.9071756934310143e-10  0  0  0  1  0  0  0  0  0  1  0  0  0  0  1  0
 -1.2269761888297755e-10  0  0  0  0  0  2  0  0  0  0  0  0  1  0  0  0
 -4.5959757218519596e-07  0  1  1  0  0  0  0  0  0  0  0  1  0  0  0  0
 -1.2948301734008514e-02  0  0  0  0  0  1  0  1  0  2  1  0  0  0  0  0
  2.3713689206938557e-10  1  0  0  0  0  0  0  0  1  0  0  0  1  0  0  0
 -5.2562945743615239e-02  0  0  0  0  0  0  0  0  1  0  1  0  2  0  1  0
 -3.1394868722985209e-01  0  0  0  0  0  0  0  0  1  0  0  1  2  0  0  1
  9.5716457238919250e-02  0  0  0  0  1  0  0  1  2  0  0  1  0  0  0  0
  1.5150037016897139e-09  1  0  0  0  0  0  0  2  0  0  0  0  0  0  0  0
  3.9101344032468673e-03  1  0  0  1  0  0  0  0  2  0  0  1  0  0  0  0
 -7.3300728529899425e-02  0  0  0  0  0  0  0  0  0  1  0  0  0  2  1  1
  4.1011298350791869e-06  0  0  0  0  0  0  1  0  0  1  0  1  0  0  0  0
  1.1790216295765647e-01  0  0  0  0  0  0  0  0  0  0  1  1  1  0  1  1
  7.3816329693814433e-04  0  0  0  0  1  0  2  2  0  0  0  0  0  0  0  0
 -8.9700706040343918e-05  2  0  0  0  0  0  0  0  1  0  2  0  0  0  0  0
 -1.3245889997233541e-04  0  0  0  0  3  0  0  0  0  0  2  0  0  0  0  0
 -5.5045694498902648e-03  0  0  0  1  0  0  0  0  1  2  0  1  0  0  0  0
  5.9179285486796282e-06  0  3  0  1  0  0  0  0  0  0  1  0  0  0  0  0
  2.8139797787905602e-05  1  1  0  2  0  0  0  0  0  1  0  0  0  0  0  0
  8.6993824974521655e-02  0  0  0  0  0  0  0  0  0  1  0  1  2  0  1  0
  1.9838050267007925e-06  0  4  0  0  0  0  0  0  1  0  0  0  0  0  0  0
 -5.8808778761745509e-03  0  0  0  0  0  1  0  2  1  1  0  0  0  0  0  0
 -2.4028373211464768e-02  0  0  0  0  0  0  0  0  1  0  0  0  0  0  0  4
  1.4788001943589986e-10  0  0  0  1  0  0  0  0  0  0  0  0  0  1  1  0
 -1.0395098080842927e-04  3  0  0  0  0  0  0  0  0  0  0  2  0  0  0  0
 -1.8988454187454193e-02  0  0  0  0  0  2  1  0  1  0  1  0  0  0  0  0
  7.7874535809318579e-05  1  2  1  0  0  0  0  0  0  0  1  0  0  0  0  0
  1.9849383699824539e-03  2  0  0  0  0  0  0  0  1  0  0  2  0  0  0  0
  8.9050602155724204e-02  0  0  0  0  0  0  0  0  0  1  1  0  2  0  0  1
 -8.2229173565567137e-02  0  0  0  0  0  0  0  0  1  0  0  4  0  0  0  0
 -1.0003924569004304e-03  0  0  0  0  1  0  3  0  0  0  1  0  0  0  0  0
  1.1903605170445548e-01  0  0  0  0  0  0  0  0  1  2  2  0  0  0  0  0
  4.6169135726980169e-03  0  0  0  0  0  1  0  1  0  0  3  0  0  0  0  0
  3.6049021599349964e-09  0  1  0  0  0  0  1  0  0  0  0  1  0  0  0  0
 -7.4710241108680259e-11  0  0  1  0  0  0  0  0  0  0  0  1  0  1  0  0
  5.8491461189441444e-04  0  0  2  0  0  0  0  0  3  0  0  0  0  0  0  0
 -5.6474539409370285e-02  0  0  0  0  0  0  0  0  0  0  0  2  3  0  0  0
  4.8208842901300251e-02  0  0  0  0  0  0  0  0  1  0  0  0  0  2  0  2
  5.7592841727095948e-03  0  0  0  0  0  0  0  0  1  0  1  0  0  0  3  0
 -4.8718894827485267e-02  0  0  0  0  0  0  0  0  0  0  1  0  1  0  1  2
  2.4990295255578844e-03  0  0  0  0  0  3  0  0  1  1  0  0  0  0  0  0
  5.2771341599064672e-02  0  0  0  0  0  0  0  0  0  0  1  1  2  1  0  0
 -2.5314030285142952e-02  0  0  0  0  1  0  0  1  0  0  0  3  0  0  0  0
  5.7732641170057128e-04  1  0  0  0  0  0  0  0  0  4  0  0  0  0  0  0
  1.6007183399359554e-10  0  1  0  0  0  0  0  0  0  0  0  0  0  0  1  1
 -2.6012597449240504e-02  0  0  0  0  0  0  0  0  0  0  2  0  1  2  0  0
  6.0136301720355230e-06  1  0  2  2  0  0  0  0  0  0  0  0  0  0  0  0
 -2.5118979998795199e-02  0  0  0  0  0  0  0  0  1  0  1  0  0  2  1  0
  1.3162350103527003e-04  0  1  0  1  0  0  0  0  0  0  3  0  0  0  0  0
 -1.8647632954814242e-04  0  2  0  0  0  0  0  0  0  1  1  1  0  0  0  0
  6.9242691223772732e-02  0  0  0  0  0  0  0  0  1  1  1  0  0  1  1  0
 -9.5979721918757743e-07  0  0  0  0  1  0  2  0  0  0  0  0  0  0  0  0
 -2.1492333991017703e-10  0  0  0  0  1  0  0  1  0  0  0  0  0  0  0  1
  2.8814599575338293e-08  1  2  0  0  0  0  0  0  0  0  0  0  0  0  0  0
 -4.2660606017951549e-07  3  2  0  0  0  0  0  0  0  0  0  0  0  0  0  0
  9.8800003816328563e-06  0  0  0  0  0  0  0  0  0  2  0  0  1  0  0  0
  2.8901929450267195e-02  0  0  0  0  0  0  0  0  0  0  2  0  1  0  2  0
  1.5778565087013547e-02  0  0  0  0  0  0  0  0  0  0  1  0  0  1  0  3
 -5.4902215306941785e-04  0  0  0  0  0  0  4  0  1  0  0  0  0  0  0  0
 -7.1701476253675415e-11  0  0  0  0  0  1  0  0  1  0  0  0  0  1  0  0
  3.7434243699432448e-05  0  0  0  0  0  0  0  0  1  0  2  0  0  0  0  0
 -1.2889675039670236e-04  0  1  1  1  0  0  0  0  0  0  2  0  0  0  0  0
 -3.1569703779428785e-10  2  0  0  0  1  0  0  0  0  0  0  0  0  0  0  0
 -1.0947797390383123e-04  0  0  1  1  0  0  0  0  0  3  0  0  0  0  0  0
  1.0163841010235191e-03  1  1  0  1  0  0  0  0  1  0  1  0  0  0  0  0
 -5.0515147589275740e-04  1  0  0  1  0  0  0  0  0  0  2  1  0  0  0  0
  3.4721236632811706e-07  1  0  1  0  0  0  0  0  0  0  1  0  0  0  0  0
 -6.1708653411456727e-11  1  0  0  0  0  0  0  0  0  0  0  0  0  2  0  0
  1.2758600148705982e-02  0  0  0  0  0  1  1  1  2  0  0  0  0  0  0  0
 -5.8364160295412158e-02  0  0  0  0  0  0  0  0  0  0  2  0  0  1  1  1
 -1.5093591703592757e-01  0  0  0  0  0  0  0  0  1  0  1  1  0  0  1  1
  1.1575420715364299e-05  0  1  0  3  0  0  0  0  0  0  1  0  0  0  0  0
  5.7137620158601832e-05  0  3  0  0  0  0  0  0  1  1  0  0  0  0  0  0
  3.2940039497787777e-06  0  0  0  0  0  0  0  0  1  0  0  0  0  0  2  0
  1.3191141220302101e-02  0  0  0  0  1  1  0  0  0  1  2  0  0  0  0  0
 -1.2236825191510225e-09  0  0  1  0  0  1  0  1  0  0  0  0  0  0  0  0
 -6.5933660855439502e-02  0  0  0  0  0  0  0  0  2  1  0  0  0  0  1  1
 -2.9833749028765476e-02  0  0  0  0  0  0  0  0  5  0  0  0  0  0  0  0
  7.0785690716084675e-12  1  1  0  0  0  1  0  0  0  0  0  0  0  0  0  0
 -1.4794347896654004e-02  0  0  0  0  1  0  1  0  0  0  1  2  0  0  0  0
  4.2383562343362459e-10  0  1  0  0  1  0  0  0  0  1  0  0  0  0  0  0
  4.3272089116797668e-02  0  0  0  0  0  0  0  0  0  0  1  0  1  2  1  0
  6.9757317619128789e-03  0  0  0  0  0  0  0  0  0  0  4  0  1  0  0  0
  1.3484431903116082e-04  0  1  1  1  0  0  0  0  0  2  0  0  0  0  0  0
  2.6252042423669806e-03  0  0  1  0  0  0  0  0  1  0  1  2  0  0  0  0
  1.6004039857255233e-10  0  0  0  1  0  0  1  0  0  1  0  0  0  0  0  0
  1.5016590077719014e-01  0  0  0  0  0  0  0  0  0  0  0  2  1  0  0  2
 -1.1675233382131372e-02  0  0  0  0  0  0  0  0  1  0  2  0  0  0  2  0
  5.1786170389449602e-10  0  0  0  0  0  0  0  1  1  0  0  0  0  0  0  1
 -6.6669854337667337e-03  0  0  0  0  0  1  0  2  0  0  1  1  0  0  0  0
 -1.3162350103527003e-04  1  0  1  0  0  0  0  0  0  0  3  0  0  0  0  0
 -1.1622123884446323e-03  0  0  0  0  0  0  0  4  1  0  0  0  0  0  0  0
 -2.7893989313265925e-02  0  0  0  0  1  0  0  1  1  1  1  0  0  0  0  0
 -5.9667498057530931e-02  0  0  0  0  0  0  0  0  3  2  0  0  0  0  0  0
 -3.4529421802337838e-04  0  1  2  0  0  0  0  0  1  1  0  0  0  0  0  0
  6.7777016671587142e-04  1  0  0  0  0  0  0  0  0  0  0  4  0  0  0  0
  1.8647632954814242e-04  0  0  2  0  0  0  0  0  0  1  1  1  0  0  0  0
  2.8866320585028563e-03  1  0  0  0  0  0  0  0  4  0  0  0  0  0  0  0
  5.9667498057530965e-02  0  0  0  0  0  0  0  0  3  0  2  0  0  0  0  0
 -5.9617771308011105e-04  0  0  1  0  0  0  0  0  0  1  2  1  0  0  0  0
  1.2523225360578469e-03  1  0  0  1  0  0  0  0  0  2  0  1  0  0  0  0
 -5.5045694498902656e-03  0  0  1  0  0  0  0  0  1  2  1  0  0  0  0  0
  2.8814599575338293e-08  3  0  0  0  0  0  0  0  0  0  0  0  0  0  0  0
  2.3301492226158769e-02  0  0  0  0  0  0  0  0  0  0  3  0  0  1  0  1
 -2.2432753384648923e-04  1  1  0  0  0  0  0  0  0  3  0  0  0  0  0  0
  3.9092624219964163e-04  0  0  0  1  0  0  0  0  0  3  1  0  0  0  0  0
  4.7049894983448876e-03  0  1  0  0  0  0  0  0  2  0  1  1  0  0  0  0
  1.6004039857255264e-10  0  0  1  0  0  0  0  1  0  1  0  0  0  0  0  0
 -3.1085524893380950e-06  1  3  0  0  0  0  0  0  0  1  0  0  0  0  0  0
 -1.5778565087013550e-02  0  0  0  0  0  0  0  0  0  0  1  0  1  0  3  0
  9.8860559464872296e-07  1  2  0  2  0  0  0  0  0  0  0  0  0  0  0  0
  1.6066751816750814e-04  0  0  1  1  0  0  0  0  0  1  0  2  0  0  0  0
 -4.9201866512522376e-02  0  0  0  0  0  0  0  0  0  0  0  1  1  0  2  1
 -8.3274914818503340e-02  0  0  0  0  0  0  0  0  0  1  1  0  0  0  2  1
  6.5461871402817663e-05  2  0  0  1  0  0  0  0  0  1  1  0  0  0  0  0
  1.1655592928219659e-04  0  2  2  0  0  0  0  0  1  0  0  0  0  0  0  0
  1.6080203139746924e-02  0  0  0  0  0  1  1  0  0  0  2  1  0  0  0  0
 -5.5571548605471009e-05  0  0  0  0  0  0  0  0  1  0  0  1  0  0  0  1
  8.0387055970207650e-04  0  0  0  2  0  0  0  0  3  0  0  0  0  0  0  0
 -4.9153593542699868e-06  0  0  0  0  0  0  0  0  0  0  0  0  1  0  2  0
 -1.1892766063790776e-05  1  2  2  0  0  0  0  0  0  0  0  0  0  0  0  0
  2.8568810079300926e-05  3  0  0  0  0  0  0  0  0  2  0  0  0  0  0  0
  5.9517635256667541e-02  0  0  0  0  0  0  0  0  1  0  1  0  0  0  1  2
 -7.2540678372729282e-06  0  0  0  0  0  0  0  0  0  0  2  0  1  0  0  0
  3.0813072228829924e-02  0  0  0  0  0  0  0  0  2  0  0  0  1  2  0  0
  1.2387134733107036e-05  0  0  0  0  0  0  0  0  0  0  0  0  3  0  0  0
 -5.1163470759274319e-06  0  0  0  0  0  1  1  0  0  0  0  1  0  0  0  0
 -5.3981531962871241e-06  0  0  0  1  0  0  0  0  1  0  0  1  0  0  0  0
  4.7443072074084664e-04  0  1  0  1  0  0  0  0  0  0  1  2  0  0  0  0
 -1.2889675039670233e-04  0  1  0  2  0  0  0  0  0  0  1  1  0  0  0  0
 -1.3553137124679100e-02  0  0  0  0  0  0  0  0  0  0  0  0  0  1  3  1
 -8.6852292653668847e-06  0  0  0  0  0  0  0  0  1  0  1  0  0  0  1  0
  2.2966962191888922e-10  0  0  1  0  0  0  0  0  0  0  0  0  1  0  1  0
  4.8990265551376402e-06  0  0  3  1  0  0  0  0  0  1  0  0  0  0  0  0
 -2.1330303008975774e-07  5  0  0  0  0  0  0  0  0  0  0  0  0  0  0  0
  2.7236659572467268e-02  0  0  0  0  0  1  0  0  3  1  0  0  0  0  0  0
 -1.4246137107413959e-02  0  0  0  0  1  0  0  0  0  2  2  0  0  0  0  0
 -7.2160555419695733e-03  0  0  0  0  1  1  0  0  0  3  0  0  0  0  0  0
  7.7755303988793405e-04  1  0  0  0  0  0  0  0  0  0  2  2  0  0  0  0
 -1.3129475796276350e-10  0  0  0  0  1  0  0  0  0  0  0  0  0  0  0  2
  5.0416237817105481e-03  0  0  0  0  0  0  3  0  1  0  1  0  0  0  0  0
  1.3356568605087141e-11  1  0  1  0  0  0  0  0  0  0  0  0  0  0  1  0
 -5.3621893063718329e-04  0  1  1  0  0  0  0  0  0  2  0  1  0  0  0  0
  1.2274353840567066e-03  0  0  0  0  2  0  2  0  1  0  0  0  0  0  0  0
  1.2283111470987438e-02  0  0  0  0  0  0  0  0  1  3  0  0  0  1  0  0
  4.8965027822107719e-05  0  2  0  1  0  0  0  0  0  1  1  0  0  0  0  0
  6.7643654976314648e-11  0  0  1  0  0  0  0  0  0  0  0  0  0  1  0  1
  4.7173624636392493e-05  0  0  0  0  3  2  0  0  0  0  0  0  0  0  0  0
 -1.0450635657470048e-01  0  0  0  0  0  0  0  0  1  0  1  1  1  1  0  0
  3.0707778677468594e-03  0  0  0  0  0  0  0  0  0  4  0  0  1  0  0  0
 -5.9617771308011094e-04  0  0  0  1  0  0  0  0  0  1  1  2  0  0  0  0
  8.9050602155724204e-02  0  0  0  0  0  0  0  0  0  1  0  1  0  2  1  0
  6.3643603236552097e-03  0  0  0  0  0  0  0  0  0  0  0  0  5  0  0  0
 -2.4219795556271337e-02  0  0  0  0  0  0  0  0  1  2  0  0  2  0  0  0
  1.2916864913472704e-02  0  0  0  0  0  0  2  0  1  2  0  0  0  0  0  0
  2.4219795556271333e-02  0  0  0  0  0  0  0  0  1  2  0  0  0  0  0  2
 -1.9146987153892842e-04  0  0  0  0  0  3  0  1  0  0  1  0  0  0  0  0
 -6.2161441966595288e-02  0  0  0  0  0  1  0  0  1  1  2  0  0  0  0  0
  2.2082437938838757e-06  0  0  0  0  0  1  1  1  0  0  0  0  0  0  0  0
  3.6400270159447109e-04  0  0  0  0  0  3  0  0  0  0  1  1  0  0  0  0
 -6.2687966187711774e-02  0  0  0  0  0  0  0  0  1  2  0  1  0  0  0  1
 -4.7006505195175624e-04  0  2  0  0  0  0  0  0  3  0  0  0  0  0  0  0
  6.8394100618245122e-10  0  0  0  0  0  1  0  0  0  0  0  0  0  0  1  1
 -9.1662200608187068e-10  0  0  0  0  0  0  0  1  0  1  0  0  0  0  1  0
 -1.2609472621107173e-01  0  0  0  0  0  0  0  0  0  1  1  2  0  0  0  1
  6.7866487333812626e-04  0  0  0  0  1  2  0  1  0  0  0  1  0  0  0  0
 -2.3301492226158769e-02  0  0  0  0  0  0  0  0  0  0  3  0  1  0  1  0
 -1.0155535237264854e-05  0  0  0  0  0  0  0  0  0  0  1  0  0  1  0  1
  2.2986722260011305e-02  0  0  0  0  0  0  0  0  0  1  0  0  0  0  1  3
  2.5818470618933966e-02  0  0  0  0  1  1  0  1  1  0  1  0  0  0  0  0
  1.9146987153892837e-04  0  0  0  0  3  0  1  0  0  0  1  0  0  0  0  0
 -2.2597750162086771e-03  1  0  0  0  0  0  0  0  0  2  0  2  0  0  0  0
 -2.3416442190590534e-05  0  3  0  0  0  0  0  0  0  0  1  1  0  0  0  0
 -4.7443072074084659e-04  1  0  1  0  0  0  0  0  0  0  1  2  0  0  0  0
 -8.6927040049398910e-04  1  0  1  0  0  0  0  0  1  1  0  1  0  0  0  0
  1.1966279572062577e-11  0  1  0  0  0  0  0  0  1  0  0  0  0  1  0  0
 -1.8977949855630816e-04  1  1  0  1  0  0  0  0  0  1  0  1  0  0  0  0
  3.6528887852996503e-02  0  0  0  0  0  0  0  0  0  0  0  0  2  1  1  1
 -3.2277560686589738e-10  0  2  0  0  1  0  0  0  0  0  0  0  0  0  0  0
 -1.9909039116716034e-10  0  0  0  1  0  0  0  0  0  0  0  1  1  0  0  0
 -5.4065232940346173e-04  1  0  0  2  0  0  0  0  2  0  0  0  0  0  0  0
 -1.0568513172563702e-01  0  0  0  0  0  0  0  0  0  1  1  1  0  2  0  0
  3.7485442883368266e-03  0  0  0  0  1  2  0  0  2  0  0  0  0  0  0  0
 -5.9793563201345809e-10  0  0  0  0  0  1  0  0  0  0  0  1  0  0  1  0
  4.5597892869177368e-03  0  0  0  0  1  2  1  0  0  0  1  0  0  0  0  0
  1.1032913802438031e-01  0  0  0  0  0  0  0  0  0  2  1  1  0  1  0  0
 -6.9425484267544865e-11  1  0  0  0  0  0  0  0  0  0  0  0  2  0  0  0
 -3.4760953822467841e-02  0  0  0  0  0  0  0  0  1  0  0  0  2  2  0  0
 -1.7696853727149203e-04  0  0  1  0  0  0  0  0  0  1  0  3  0  0  0  0
  3.1985807218093514e-03  0  0  0  0  0  0  0  0  0  0  0  0  1  0  4  0
  6.3221759498878512e-07  0  0  2  0  0  0  0  0  1  0  0  0  0  0  0  0
 -5.9179285486796291e-06  3  0  1  0  0  0  0  0  0  0  1  0  0  0  0  0
  5.5872859114269244e-02  0  0  0  0  0  1  1  0  1  1  1  0  0  0  0  0
 -4.4344131297982726e-06  0  0  0  0  1  0  0  0  0  0  2  0  0  0  0  0
 -3.8445347343329272e-05  0  0  0  0  0  0  0  0  1  2  0  0  0  0  0  0
 -2.8006455323441388e-05  0  0  0  0  0  0  0  1  1  0  0  1  0  0  0  0
  2.2419086044581666e-03  0  0  0  0  0  0  0  0  3  0  0  0  0  0  2  0
  3.6533544222154345e-02  0  0  0  0  0  0  0  0  0  0  0  4  1  0  0  0
 -6.9439258579824569e-04  2  0  0  0  0  0  0  0  1  2  0  0  0  0  0  0
 -1.0272459575083083e-11  0  0  0  0  1  1  0  0  0  0  0  0  0  1  0  0
 -1.9804195653283013e-05  0  0  0  0  0  0  1  0  1  0  1  0  0  0  0  0
 -1.3553137124679100e-02  0  0  0  0  0  0  0  0  0  0  0  0  0  1  1  3
  1.3143349039567088e-10  0  0  0  0  0  0  2  0  0  0  0  0  1  0  0  0
 -6.6085845195136734e-04  0  0  0  0  4  0  0  0  1  0  0  0  0  0  0  0
 -8.1225357779581808e-05  2  1  1  0  0  0  0  0  0  0  0  1  0  0  0  0
  1.6686012929158561e-11  0  0  0  1  0  1  0  0  0  0  1  0  0  0  0  0
 -5.4850420204438288e-03  0  0  0  0  1  0  0  3  0  0  0  1  0  0  0  0
  6.9439258579824569e-04  0  0  2  0  0  0  0  0  1  2  0  0  0  0  0  0
 -5.9368553646924581e-02  0  0  0  0  0  0  0  0  0  3  1  1  0  0  0  0
  2.8582554052418493e-03  0  0  0  0  1  1  0  2  0  1  0  0  0  0  0  0
  4.4587848322310209e-10  0  0  0  0  0  1  1  0  0  0  0  0  0  0  0  1
  5.2419049443309365e-06  1  0  0  4  0  0  0  0  0  0  0  0  0  0  0  0
  7.5695035257955653e-05  0  0  0  0  0  0  0  0  1  0  0  2  0  0  0  0
  8.4798309929823054e-02  0  0  0  0  0  0  0  0  2  1  0  1  0  0  1  0
 -4.6640445456390773e-03  0  0  0  0  2  1  1  0  0  0  0  1  0  0  0  0
  3.9766337233156724e-03  0  0  0  0  0  2  0  1  0  1  1  0  0  0  0  0
 -2.1791744797401225e-01  0  0  0  0  0  0  0  0  1  0  0  2  0  0  0  2
 -6.6669854337667363e-03  0  0  0  0  0  1  1  1  0  0  2  0  0  0  0  0
  8.3483962150660528e-03  0  0  0  0  0  0  1  1  0  1  0  2  0  0  0  0
  6.6146957812545899e-10  1  0  0  0  2  0  0  0  0  0  0  0  0  0  0  0
  6.8398639108955329e-10  1  0  0  0  0  0  1  0  0  0  1  0  0  0  0  0
  4.6404950372234598e-02  0  0  0  0  0  0  0  0  0  1  0  0  1  1  0  2
 -1.2916864913472697e-02  0  0  0  0  0  2  0  0  1  2  0  0  0  0  0  0
 -2.6185706903377442e-02  0  0  0  0  0  0  0  0  0  0  0  1  0  3  1  0
  5.0585066078967011e-02  0  0  0  0  0  0  0  0  0  0  0  1  0  1  1  2
 -6.7298260153946779e-04  1  1  0  0  0  0  0  0  2  1  0  0  0  0  0  0
  7.7172522770458730e-07  1  0  4  0  0  0  0  0  0  0  0  0  0  0  0  0
 -3.2056380972980939e-03  0  0  0  0  1  0  1  2  0  0  1  0  0  0  0  0
 -1.0961890177844615e-01  0  0  0  0  0  0  0  0  1  1  0  2  0  1  0  0
  5.8471169352779392e-04  0  1  1  0  0  0  0  0  0  0  2  1  0  0  0  0
  6.3643603236552123e-03  0  0  0  0  0  0  0  0  0  0  0  0  1  4  0  0
  1.7123463402287512e-10  0  1  0  0  0  0  0  1  0  0  1  0  0  0  0  0
  9.4371698995061842e-02  0  0  0  0  0  0  0  0  0  0  0  1  3  0  0  1
  3.3517151007404614e-02  0  0  0  0  0  0  0  0  2  0  1  0  1  0  1  0
 -1.6630811168989295e-09  0  0  1  0  1  0  1  0  0  0  0  0  0  0  0  0
  2.3818790115204760e-11  0  0  0  0  0  1  0  0  0  0  0  0  1  1  0  0
  2.1422116542446849e-02  0  0  0  0  0  0  0  0  0  0  0  0  0  3  1  1
  3.6195515590735388e-04  0  0  0  0  0  2  0  2  1  0  0  0  0  0  0  0
  9.8410330367920854e-10  0  0  0  0  1  0  0  0  1  0  0  0  1  0  0  0
  6.8529969892120859e-02  0  0  0  0  0  0  0  0  0  1  0  2  1  1  0  0
  5.5264624821968708e-10  0  0  0  0  1  0  0  0  0  0  0  0  0  0  2  0
 -3.2131371863276601e-10  0  0  0  0  1  0  0  0  0  0  0  0  0  2  0  0
  4.1723059709506091e-05  0  1  2  1  0  0  0  0  0  0  1  0  0  0  0  0
  1.7644736338495299e-02  0  0  0  0  0  0  0  0  0  0  0  1  0  1  3  0
 -1.1232510151515831e-03  0  0  0  0  0  2  0  1  1  0  0  1  0  0  0  0
 -1.0086273516412324e-10  0  0  0  1  0  1  1  0  0  0  0  0  0  0  0  0
 -1.7001001781879595e-09  0  1  0  0  0  0  1  1  0  0  0  0  0  0  0  0
 -2.9933815402383525e-02  0  0  0  0  0  1  1  0  2  0  0  1  0  0  0  0
 -1.2280659704468165e-02  0  0  0  0  1  1  0  1  0  1  0  1  0  0  0  0
  2.2986722260011302e-02  0  0  0  0  0  0  0  0  0  1  0  0  0  0  3  1
 -4.3650292827677852e-06  0  0  0  0  0  1  0  1  0  0  1  0  0  0  0  0
 -4.1427905223659272e-10  0  0  0  0  0  0  0  1  0  0  0  1  1  0  0  0
  8.9140396655146437e-03  0  0  0  0  0  0  2  0  0  1  1  1  0  0  0  0
 -7.8813469775099024e-02  0  0  0  0  0  0  0  1  3  0  0  1  0  0  0  0
 -3.1862523297250020e-02  0  0  0  0  0  0  0  0  0  0  0  0  1  2  0  2
 -7.9469526998202989e-04  0  0  0  0  2  2  0  0  1  0  0  0  0  0  0  0
 -9.4383895442958963e-04  0  0  2  0  0  0  0  0  1  0  2  0  0  0  0  0
 -1.9390052746228940e-05  0  0  0  3  0  0  0  0  0  1  1  0  0  0  0  0
  9.5906785541667663e-02  0  0  0  0  0  0  0  0  1  0  1  2  0  0  1  0
 -2.4913902974886760e-02  0  0  0  0  0  0  0  0  0  0  1  0  0  3  0  1
 -5.2702163392070480e-04  0  0  0  0  1  3  0  0  0  1  0  0  0  0  0  0
 -4.4633813511621850e-02  0  0  0  0  0  0  0  0  1  1  2  0  0  1  0  0
  5.9249087053804522e-02  0  0  0  0  1  0  0  0  1  1  1  1  0  0  0  0
  2.4391932694055047e-05  2  1  1  1  0  0  0  0  0  0  0  0  0  0  0  0
 -1.8102734500561221e-07  1  1  0  0  0  0  0  0  0  1  0  0  0  0  0  0
  1.9029650137164394e-01  0  0  0  0  0  0  0  0  1  0  0  2  2  0  0  0
 -3.4251187190581726e-02  0  0  0  0  0  0  0  2  1  0  0  2  0  0  0  0
 -1.0931983839500689e-02  0  0  0  0  0  1  0  0  0  0  1  3  0  0  0  0
 -4.4701797166263501e-06  0  1  3  1  0  0  0  0  0  0  0  0  0  0  0  0
 -1.9288101608630725e-05  0  0  0  0  0  0  0  0  0  1  0  0  0  0  1  1
  7.8737066641025484e-03  0  0  0  0  0  0  2  1  1  0  0  1  0  0  0  0
  4.6197682508084495e-02  0  0  0  0  0  0  0  0  3  0  0  0  0  0  0  2
 -6.9686762753544629e-02  0  0  0  0  0  0  0  0  1  0  0  0  1  1  1  1
  1.1727787265989251e-03  0  0  0  1  0  0  0  0  2  1  1  0  0  0  0  0
 -9.1872011964473491e-04  2  0  0  0  0  0  0  0  3  0  0  0  0  0  0  0
  2.8480236094903011e-07  0  0  0  1  0  0  0  0  0  1  1  0  0  0  0  0
 -5.7798729354380891e-04  0  1  0  0  0  0  0  0  0  0  1  3  0  0  0  0
  4.3089333023903914e-03  0  0  0  0  0  2  2  0  1  0  0  0  0  0  0  0
  6.2571099181205731e-04  0  0  0  0  1  0  0  4  0  0  0  0  0  0  0  0
  2.5896603468017029e-02  0  0  0  0  0  1  0  1  1  1  0  1  0  0  0  0
  2.0595242548678580e-04  0  0  2  1  0  0  0  0  1  0  0  1  0  0  0  0
  2.6772782645483838e-02  0  0  0  0  1  1  1  0  1  0  0  1  0  0  0  0
  7.1659525962756566e-07  0  0  0  2  0  0  0  0  1  0  0  0  0  0  0  0
 -1.2736742299901982e-04  1  2  0  0  0  0  0  0  0  0  2  0  0  0  0  0
  1.5079455536480159e-05  0  0  0  0  0  1  0  0  1  1  0  0  0  0  0  0
  2.5671065784164178e-06  0  3  1  0  0  0  0  0  0  0  0  1  0  0  0  0
 -1.2043449983742010e-11  1  1  0  0  0  0  0  0  0  0  0  0  0  1  0  0
 -8.9140396655146437e-03  0  0  0  0  0  2  0  0  0  1  1  1  0  0  0  0
  1.3563457517062407e-06  0  1  0  0  0  0  0  0  0  0  1  1  0  0  0  0
  1.6066751816750817e-04  0  0  1  1  0  0  0  0  0  1  2  0  0  0  0  0
  3.6995249420038027e-03  0  0  0  0  1  0  0  2  0  0  2  0  0  0  0  0
  1.1541135069924498e-06  1  0  0  1  0  0  0  0  0  0  0  1  0  0  0  0
 -7.7752705515779681e-04  1  0  0  0  0  0  0  0  0  2  2  0  0  0  0  0
 -6.0499893987774672e-03  0  0  0  0  1  0  2  0  2  0  0  0  0  0  0  0
  1.1855076272575833e-01  0  0  0  0  0  0  0  0  1  0  0  1  0  0  0  3
  1.2150764342915184e-10  0  0  0  0  0  0  0  2  0  0  0  0  1  0  0  0
  3.0582833634900452e-02  0  0  0  0  0  0  0  0  0  0  2  0  1  0  0  2
 -4.8603071976445449e-05  0  0  1  2  0  0  0  0  0  1  0  1  0  0  0  0
  3.6995249420038027e-03  0  0  0  0  1  0  2  0  0  0  0  2  0  0  0  0
 -4.4494621716690132e-04  0  0  0  2  0  0  0  0  1  0  2  0  0  0  0  0
  3.5911095235669432e-04  0  1  1  1  0  0  0  0  2  0  0  0  0  0  0  0
  1.0276210249009527e-06  1  0  0  0  0  0  0  0  0  2  0  0  0  0  0  0
 -6.6847243920162076e-10  0  0  0  0  0  0  0  1  0  0  1  0  0  1  0  0
  3.0326045705566648e-03  0  0  0  0  1  2  0  0  0  2  0  0  0  0  0  0
 -2.1977886951813169e-02  0  0  0  0  0  0  0  0  0  3  0  0  0  0  1  1
  2.5913874865539496e-04  2  1  0  0  0  0  0  0  0  0  1  1  0  0  0  0
 -2.8492274214827910e-02  0  0  0  0  0  1  0  0  1  1  0  2  0  0  0  0
  8.9140396655146437e-03  0  0  0  0  0  0  0  2  0  1  1  1  0  0  0  0
  2.4913902974886770e-02  0  0  0  0  0  0  0  0  0  0  1  0  3  0  1  0
 -3.1085524893380950e-06  3  1  0  0  0  0  0  0  0  1  0  0  0  0  0  0
  1.0285696350725128e-02  0  0  0  0  0  0  0  0  1  0  3  0  0  0  1  0
 -1.3221704234717328e-11  0  1  0  1  0  0  0  0  0  0  0  0  0  0  1  0
  3.4842571066429672e-03  0  0  0  0  0  1  1  2  0  0  0  1  0  0  0  0
  6.3825241534159652e-02  0  0  0  0  0  0  0  0  0  1  3  1  0  0  0  0
 -1.3191205108603928e-03  0  0  1  1  0  0  0  0  1  0  1  1  0  0  0  0
 -2.4219795556271337e-02  0  0  0  0  0  0  0  0  1  2  0  0  0  2  0  0
  4.5709294646214487e-09  0  0  0  0  0  0  0  0  0  0  0  0  1  0  0  0
 -1.2950015313776372e-02  0  0  0  0  0  0  0  0  2  0  0  0  1  0  2  0
 -4.8285484743890633e-06  0  0  1  0  0  0  0  0  1  0  1  0  0  0  0  0
 -3.8445347343329414e-05  0  0  0  0  0  0  0  0  3  0  0  0  0  0  0  0
 -9.1662200608187068e-10  0  0  0  0  0  0  1  0  0  1  0  0  0  0  0  1
 -4.3272089116797668e-02  0  0  0  0  0  0  0  0  0  0  1  0  2  1  0  1
  2.2059950665583618e-03  0  0  1  0  0  0  0  0  1  0  3  0  0  0  0  0
 -1.9421339689585711e-06  1  0  0  0  0  0  0  0  0  0  0  2  0  0  0  0
 -1.7221579565895152e-10  0  0  0  1  0  0  0  0  0  0  1  0  0  1  0  0
  2.8480236094903011e-07  0  0  1  0  0  0  0  0  0  1  0  1  0  0  0  0
 -6.5327346772878596e-03  0  0  0  0  0  0  0  0  1  0  0  0  0  4  0  0
 -7.3107646615509544e-02  0  0  0  0  0  0  0  0  1  1  0  0  0  1  0  2
  3.3952285401349652e-10  0  0  2  0  1  0  0  0  0  0  0  0  0  0  0  0
 -4.0473637020129218e-02  0  0  0  0  0  0  0  0  0  1  0  3  0  0  1  0
  2.0542048152553283e-02  0  0  0  0  0  0  0  0  1  1  0  0  0  3  0  0
  6.9644844176110937e-04  0  0  0  0  0  2  0  0  1  0  0  2  0  0  0  0
 -2.9749492851755742e-10  0  0  0  0  1  0  0  0  0  0  0  0  2  0  0  0
  4.6404950372234598e-02  0  0  0  0  0  0  0  0  0  1  0  0  1  1  2  0
 -2.6069942898913277e-09  1  0  0  0  1  0  0  0  1  0  0  0  0  0  0  0
  5.9309110334169817e-11  0  0  1  1  0  1  0  0  0  0  0  0  0  0  0  0
  1.6222995063026559e-04  2  0  0  2  0  0  0  0  1  0  0  0  0  0  0  0
 -1.0603212260091152e-01  0  0  0  0  1  0  0  0  2  0  0  2  0  0  0  0
 -1.1303075624767062e-05  0  0  0  0  0  0  0  0  0  0  0  1  0  1  1  0
 -1.7696853727149198e-04  0  0  0  1  0  0  0  0  0  1  3  0  0  0  0  0
 -3.4730356847913702e-07  0  1  0  1  0  0  0  0  0  0  1  0  0  0  0  0
  2.7601413778407602e-04  1  0  1  1  0  0  0  0  0  0  1  1  0  0  0  0
 -1.8125523839544216e-01  0  0  0  0  0  0  0  0  1  1  1  0  1  0  0  1
 -6.2687966187711788e-02  0  0  0  0  0  0  0  0  1  2  1  0  0  0  1  0
 -5.4809450889223066e-02  0  0  0  0  0  0  0  0  0  2  2  0  1  0  0  0
 -4.4701797166263501e-06  0  1  1  3  0  0  0  0  0  0  0  0  0  0  0  0
 -5.8364160295412131e-02  0  0  0  0  0  0  0  0  0  0  1  1  0  1  0  2
  1.7404935762431275e-03  0  1  0  0  0  0  0  0  0  2  1  1  0  0  0  0
  3.2602862718592806e-03  0  0  0  0  1  0  2  0  0  0  2  0  0  0  0  0
  6.1319023537521466e-04  0  0  0  0  0  0  3  1  0  1  0  0  0  0  0  0
 -2.9516563734545389e-02  0  0  0  0  0  0  0  0  0  1  0  1  0  0  3  0
 -1.1247474626373019e-06  4  0  0  0  0  0  0  0  1  0  0  0  0  0  0  0
 -3.9189983872394592e-03  0  0  0  0  0  0  2  1  0  1  1  0  0  0  0  0
  1.2317875400892010e-09  1  0  0  0  0  0  0  0  0  0  0  0  0  0  0  0
  1.2283111470987443e-02  0  0  0  0  0  0  0  0  3  1  0  0  0  1  0  0
 -3.9189983872394583e-03  0  0  0  0  0  0  1  2  0  1  0  1  0  0  0  0
  2.6968863806232170e-04  1  0  1  1  0  0  0  0  1  1  0  0  0  0  0  0
 -6.0513792348922437e-05  1  0  2  0  0  0  0  0  0  2  0  0  0  0  0  0
  3.0828630747028589e-06  1  0  0  0  0  0  0  0  2  0  0  0  0  0  0  0
 -1.5136595961186964e-02  0  0  0  0  1  0  0  1  0  0  2  1  0  0  0  0
  6.2118310398636179e-06  0  0  0  0  0  0  0  2  1  0  0  0  0  0  0  0
 -1.0931983839500690e-02  0  0  0  0  0  1  0  0  0  0  3  1  0  0  0  0
  2.9439312611235904e-02  0  0  0  0  0  0  1  0  2  1  0  1  0  0  0  0
 -4.5693687427464885e-07  0  3  1  1  0  0  0  0  0  0  0  0  0  0  0  0
 -1.2909828021452402e-03  0  0  0  2  0  0  0  0  1  0  0  2  0  0  0  0
  6.0652091411133313e-03  0  0  0  0  2  1  0  0  1  1  0  0  0  0  0  0
  1.6751717846488452e-02  0  0  0  0  0  0  0  0  0  0  0  0  1  0  0  4
  5.3772848921626455e-11  0  1  1  0  0  0  0  0  0  0  0  0  0  0  0  1
  1.7791359831715276e-02  0  0  0  0  1  0  0  2  0  0  0  2  0  0  0  0
 -2.1695484467892122e-02  0  0  0  0  0  0  0  0  0  1  0  0  3  1  0  0
 -5.1040034630787150e-10  0  0  1  0  0  0  0  0  1  0  0  0  0  0  1  0
  8.8265062045727757e-06  0  0  0  0  0  0  0  0  0  0  0  0  0  1  1  1
  4.0854989358700883e-02  0  0  0  0  1  0  0  0  2  2  0  0  0  0  0  0
  2.2582105558409485e-05  0  0  0  0  0  0  0  0  1  0  0  0  0  0  0  2
 -1.1507388056676581e-03  0  1  0  1  0  0  0  0  2  0  1  0  0  0  0  0
  4.1282592556628796e-06  0  0  0  0  1  0  1  0  0  0  1  0  0  0  0  0
 -2.0296393329899552e-05  0  0  0  0  0  0  0  0  0  0  0  2  1  0  0  0
 -1.4857897629773046e-02  0  0  0  0  0  0  0  0  0  0  2  0  3  0  0  0
  9.1599638847247346e-03  0  0  0  0  2  0  0  2  1  0  0  0  0  0  0  0
 -1.0724378612743664e-03  1  0  0  1  0  0  0  0  1  1  1  0  0  0  0  0
  6.8091648931168170e-03  0  0  0  0  1  0  0  0  0  4  0  0  0  0  0  0
  3.8371778728000312e-04  1  0  0  2  0  0  0  0  0  0  0  2  0  0  0  0
 -1.2102758469784490e-04  0  1  0  2  0  0  0  0  1  1  0  0  0  0  0  0
  2.3093056468022851e-03  0  1  0  0  0  0  0  0  1  3  0  0  0  0  0  0
  3.4045824465584087e-02  0  0  0  0  1  0  0  0  4  0  0  0  0  0  0  0
 -1.0151419149416042e-05  0  0  0  0  2  0  0  0  1  0  0  0  0  0  0  0
  8.5706430237902741e-05  1  2  0  0  0  0  0  0  2  0  0  0  0  0  0  0
 -6.9439258579824536e-04  0  2  0  0  0  0  0  0  1  2  0  0  0  0  0  0
 -2.9572513026026952e-04  0  0  0  0  0  3  1  0  0  0  0  1  0  0  0  0
  5.6679908775369413e-09  0  0  1  0  0  0  1  0  1  0  0  0  0  0  0  0
  1.6081399753886012e-02  0  0  0  0  0  0  0  0  1  0  2  0  0  2  0  0
 -2.5574730032846792e-05  0  0  2  2  0  0  0  0  1  0  0  0  0  0  0  0
  4.4437295498075941e-06  2  0  2  0  0  0  0  0  1  0  0  0  0  0  0  0
 -1.5730036932936033e-02  0  0  0  0  0  0  0  0  0  3  0  0  1  1  0  0
 -5.9275962222584740e-03  0  0  0  0  0  0  1  0  0  1  0  3  0  0  0  0
  4.8718894827485253e-02  0  0  0  0  0  0  0  0  0  0  1  0  0  1  2  1
 -3.1890067009877957e-11  2  0  0  0  0  0  0  0  0  0  0  0  1  0  0  0
 -6.2899811031510863e-02  0  0  0  0  0  0  0  0  0  0  0  2  0  1  1  1
 -1.9430495934836552e-04  0  1  1  1  0  0  0  0  0  0  0  2  0  0  0  0
 -2.9833749028765469e-02  0  0  0  0  0  0  0  0  1  4  0  0  0  0  0  0
  3.4621345611886359e-02  0  0  0  0  0  0  0  0  0  2  0  1  1  0  0  1
  2.3093056468022851e-03  0  1  0  0  0  0  0  0  3  1  0  0  0  0  0  0
 -5.8155542108300741e-02  0  0  0  0  1  1  0  0  1  0  1  1  0  0  0  0
 -4.5195500324173533e-03  0  1  0  0  0  0  0  0  1  1  2  0  0  0  0  0
  9.8131042037453049e-03  0  0  0  0  0  0  1  0  0  3  0  1  0  0  0  0
 -3.0921504028683171e-09  1  0  0  0  0  0  0  1  0  0  0  1  0  0  0  0
 -1.4160414411959988e-03  0  0  0  0  0  0  3  0  0  1  0  1  0  0  0  0
  1.9638533922454435e-04  0  0  1  2  0  0  0  0  1  0  1  0  0  0  0  0
  5.9027688157909314e-03  0  0  0  0  0  1  1  0  0  0  0  3  0  0  0  0
  3.0582833634900448e-02  0  0  0  0  0  0  0  0  0  0  0  2  1  0  2  0
  1.9760000763265770e-05  0  0  0  0  0  0  0  0  1  1  0  0  0  1  0  0
  6.4792411641800399e-02  0  0  0  0  0  0  0  0  1  0  0  1  0  0  2  1
 -1.1394078987853604e-03  2  0  0  1  0  0  0  0  1  0  0  1  0  0  0  0
  2.7936429557134625e-02  0  0  0  0  1  0  0  1  0  2  0  1  0  0  0  0
  1.5722265287207132e-02  0  0  0  0  1  0  0  0  0  0  2  2  0  0  0  0
 -3.7763254929493108e-03  1  1  0  0  0  0  0  0  1  0  1  1  0  0  0  0
 -1.7534223560163439e-05  2  0  1  1  0  0  0  0  0  1  0  0  0  0  0  0
  5.3166872037407353e-07  3  0  2  0  0  0  0  0  0  0  0  0  0  0  0  0
 -2.0977240242522521e-01  0  0  0  0  0  0  0  0  2  0  0  2  1  0  0  0
  2.8266103309941008e-02  0  0  0  0  0  0  0  0  0  3  1  0  0  0  0  1
 -3.4546655367585733e-09  0  1  0  0  0  1  0  0  1  0  0  0  0  0  0  0
 -1.8694158594950973e-02  0  0  0  0  0  0  0  1  0  1  1  2  0  0  0  0
 -1.0224065894943689e-05  0  0  0  0  0  0  0  0  1  0  0  0  0  2  0  0
  2.9640001144898650e-05  0  0  0  0  0  0  0  0  2  0  0  0  1  0  0  0
 -4.8603071976445449e-05  0  0  2  1  0  0  0  0  0  1  1  0  0  0  0  0
  1.2495147627789418e-03  0  0  0  0  3  0  0  0  0  2  0  0  0  0  0  0
 -1.4613467473780682e-05  0  0  0  0  1  0  0  0  0  0  0  2  0  0  0  0
 -3.9415908952524850e-02  0  0  0  0  0  0  0  0  0  0  0  0  3  0  0  2
 -2.5070024162918234e-02  0  0  0  0  0  0  0  0  1  0  0  0  0  0  2  2
  1.3652596219566954e-02  0  0  0  0  1  0  1  1  0  0  1  1  0  0  0  0
 -4.2440332490405938e-11  1  0  0  0  0  0  0  0  0  0  0  0  0  0  0  2
 -2.7194576081821931e-11  1  0  0  1  0  0  0  0  0  0  0  0  0  0  0  1
  1.0568513172563704e-01  0  0  0  0  0  0  0  0  0  1  1  1  0  0  0  2
  6.1319023537521466e-04  0  0  0  0  0  0  1  3  0  1  0  0  0  0  0  0
  3.2358191358656647e-02  0  0  0  0  0  0  0  0  1  0  2  0  2  0  0  0
  2.8021374367932741e-10  0  0  0  2  1  0  0  0  0  0  0  0  0  0  0  0
  2.3443159670052054e-05  0  0  0  0  0  0  0  0  0  1  0  1  0  0  1  0
 -1.3297007845806076e-10  0  0  0  0  2  0  0  0  0  0  0  0  1  0  0  0
 -2.6937736634510170e-02  0  0  0  0  0  1  0  1  2  0  1  0  0  0  0  0
  4.8990265551376402e-06  0  0  1  3  0  0  0  0  0  1  0  0  0  0  0  0
  1.4791179106239118e-04  0  0  0  0  0  3  1  1  0  0  0  0  0  0  0  0
 -6.1455315773438051e-06  0  0  0  0  0  2  0  0  1  0  0  0  0  0  0  0
 -1.1625388529425191e-09  0  0  0  1  1  0  0  0  0  0  0  1  0  0  0  0
  9.9782873172062664e-05  1  0  0  0  0  0  0  0  0  0  4  0  0  0  0  0
  8.7398091537193565e-02  0  0  0  0  0  0  0  0  1  0  0  1  1  1  1  0
 -7.0375706638182781e-03  1  0  0  0  0  0  0  0  2  0  0  2  0  0  0  0
  2.3443159670052064e-05  0  0  0  0  0  0  0  0  0  1  1  0  0  0  0  1
  8.5905756406348932e-07  2  2  0  0  0  0  0  0  1  0  0  0  0  0  0  0
  6.0516077534935193e-05  1  0  2  0  0  0  0  0  0  0  2  0  0  0  0  0
  8.3483962150660545e-03  0  0  0  0  0  0  1  1  0  1  2  0  0  0  0  0
 -4.6169135726980177e-03  0  0  0  0  1  0  1  0  0  0  3  0  0  0  0  0
  5.2790238996644232e-10  0  0  0  0  1  0  0  0  0  1  0  0  0  1  0  0
  2.9791413169099651e-03  0  0  0  1  0  0  0  0  1  0  0  3  0  0  0  0
  2.8266103309941008e-02  0  0  0  0  0  0  0  0  0  3  0  1  0  0  1  0
 -1.2280659704468167e-02  0  0  0  0  1  1  1  0  0  1  1  0  0  0  0  0
  2.5046450721156934e-03  0  1  1  0  0  0  0  0  1  1  1  0  0  0  0  0
 -2.1606670509876757e-02  0  0  0  0  0  0  0  0  2  0  2  0  1  0  0  0
 -7.3300728529899412e-02  0  0  0  0  0  0  0  0  0  1  0  0  2  0  1  1
  1.1933768666185974e-07  0  1  1  1  0  0  0  0  0  0  0  0  0  0  0  0
