758
 -7.7168308560910765e-12  1  0  0  0  0  0  0  0  0  1  0  0  0  1  0  0
 -1.1824772685757455e-01  0  0  0  0  0  0  0  0  1  0  0  0  2  0  0  2
  9.9258469665188550e-12  0  0  0  0  0  0  1  1  0  1  0  0  0  0  0  0
  1.9583970529729811e-04  0  0  0  0  1  1  0  0  0  0  0  0  0  1  0  2
 -9.5363785001813950e-12  1  0  0  0  0  0  2  0  0  0  0  0  0  0  0  0
 -1.7472676441233381e-06  0  0  0  0  0  0  0  1  0  0  0  0  1  0  0  1
  1.7420911869784672e-10  0  1  0  0  0  0  0  0  0  0  1  0  0  0  0  1
  1.1297238653599082e-01  0  0  0  0  0  0  0  0  3  0  0  1  0  0  0  1
  1.6753460246461172e-02  0  0  0  0  0  0  0  0  0  0  3  1  0  1  0  0
 -9.0627619197721082e-02  0  0  0  0  0  0  0  0  2  1  1  0  0  0  0  1
  1.4788001943589991e-10  0  0  1  0  0  0  0  0  0  1  0  0  0  0  0  1
 -2.2572626822370920e-07  0  0  0  0  1  0  0  2  0  0  0  0  0  0  0  0
 -2.2007530960865133e-05  2  0  0  0  0  0  0  0  0  0  0  0  1  0  2  0
 -7.5952313203541004e-05  0  0  0  0  1  0  1  0  0  0  0  0  0  0  3  0
 -6.1398743232655322e-04  0  0  0  0  1  0  0  0  0  0  0  0  0  2  0  2
  3.1436240264805153e-11  1  0  0  0  0  0  1  0  0  0  0  0  0  0  1  0
  5.2808046714336756e-10  0  0  0  0  0  0  1  0  1  0  0  0  0  0  1  0
  7.3761074137333164e-11  1  0  0  0  0  0  0  0  0  0  1  0  0  0  1  0
 -3.6188952631433237e-05  0  0  0  2  0  0  0  0  0  0  0  0  1  0  2  0
 -6.3539188623537568e-06  0  0  0  0  0  2  0  2  0  0  0  0  1  0  0  0
 -1.5013105444005014e-04  0  0  0  0  1  0  0  3  0  0  0  0  0  0  0  1
  3.8315640511142417e-05  0  0  1  0  0  0  0  0  0  0  0  0  2  1  0  1
  1.0398580456896395e-07  0  0  2  0  0  0  0  0  0  0  0  0  1  0  0  0
 -1.4759460762239195e-10  1  0  0  0  0  0  0  0  0  0  0  1  0  0  0  1
 -5.8961750579075919e-02  0  0  0  0  0  0  0  0  0  0  0  1  1  2  0  1
  4.3699045768596782e-02  0  0  0  0  0  0  0  0  2  0  0  1  0  1  1  0
 -1.5480516537495503e-02  0  0  0  0  0  0  0  0  0  0  1  1  0  3  0  0
 -1.6107805690169751e-04  0  0  0  0  1  0  2  0  0  0  0  0  2  0  0  0
 -1.9819640159448237e-04  0  0  0  0  0  1  1  1  0  0  0  0  0  0  0  2
 -8.0403077965962898e-06  0  1  0  2  0  0  0  0  0  0  0  0  1  1  0  0
  1.2167681103853034e-09  0  0  0  0  0  0  1  0  0  0  1  0  1  0  0  0
 -1.6745245174156495e-04  0  0  0  0  0  1  0  0  0  0  0  0  0  0  3  1
  4.1642268587394234e-02  0  0  0  0  0  0  0  0  0  2  0  1  0  1  1  0
  4.1642268587394234e-02  0  0  0  0  0  0  0  0  2  0  1  0  0  1  0  1
 -1.5915571720104771e-02  0  0  0  0  0  0  0  0  0  0  0  0  3  2  0  0
 -1.9782673312697773e-04  0  0  0  0  0  0  1  0  0  0  0  0  0  1  2  1
 -6.7394327805326229e-06  3  0  0  0  0  0  0  0  0  0  0  0  0  0  0  2
 -4.3023989175546592e-05  0  0  0  0  3  0  0  2  0  0  0  0  0  0  0  0
  4.9205165183960427e-10  0  0  0  0  1  0  0  0  2  0  0  0  0  0  0  0
  3.7161404199321107e-05  0  0  0  0  0  0  0  0  1  0  0  0  2  0  0  0
 -3.6553823307754765e-02  0  0  0  0  0  0  0  0  1  2  0  0  0  0  2  0
  6.9295700819058703e-06  0  0  0  2  0  0  0  0  0  0  0  0  0  1  1  1
 -2.2411242638879668e-08  1  0  0  2  0  0  0  0  0  0  0  0  0  0  0  0
  3.3049575002486193e-11  0  1  0  0  1  0  0  0  0  0  0  0  0  1  0  0
 -5.9634081706408070e-05  0  0  0  0  0  0  0  1  0  0  0  0  0  1  3  0
  1.6753460246461176e-02  0  0  0  0  0  0  0  0  0  0  1  3  0  1  0  0
 -1.3951166386756450e-04  0  0  0  0  0  1  0  2  0  0  0  0  0  0  1  1
 -2.1727694739040029e-04  0  0  0  0  0  0  0  2  0  0  0  0  1  0  2  0
 -5.6456438290359949e-02  0  0  0  0  0  0  0  0  2  0  0  0  3  0  0  0
 -5.8364160295412124e-02  0  0  0  0  0  0  0  0  0  1  1  1  0  0  2  0
  1.3143349039567088e-10  0  0  0  0  0  0  2  0  1  0  0  0  0  0  0  0
  3.5846071891836023e-04  0  0  0  0  0  1  1  1  0  0  0  0  2  0  0  0
  1.8615919208217336e-04  1  0  0  0  0  0  0  0  0  0  0  0  2  2  0  0
  3.9219910095329978e-06  0  3  0  0  0  0  0  0  0  0  0  0  1  1  0  0
 -3.4843381376772307e-02  0  0  0  0  0  0  0  0  0  2  0  0  0  1  1  1
  3.9523254472122464e-08  0  0  0  0  3  0  0  0  0  0  0  0  0  0  0  0
 -3.4760953822467834e-02  0  0  0  0  0  0  0  0  0  2  0  0  1  2  0  0
  3.3345086222566969e-05  0  1  1  0  0  0  0  0  0  0  0  0  0  0  2  1
 -2.1230419848698716e-06  0  0  2  1  0  0  0  0  0  0  0  0  0  1  1  0
  4.8208842901300238e-02  0  0  0  0  0  0  0  0  0  2  0  0  1  0  2  0
 -3.7022946631734471e-02  0  0  0  0  0  0  0  0  0  0  2  2  1  0  0  0
 -5.8364160295412151e-02  0  0  0  0  0  0  0  0  0  1  0  2  0  0  1  1
  1.7398764994904331e-01  0  0  0  0  0  0  0  0  1  1  0  1  1  0  1  0
 -2.4170569616688339e-06  0  0  2  2  0  0  0  0  0  0  0  0  1  0  0  0
  6.8878104057201834e-05  1  0  1  0  0  0  0  0  0  0  0  0  2  0  1  0
  2.6507102029574803e-10  0  0  0  0  1  0  0  0  0  0  1  0  0  0  1  0
  4.5709294646214487e-09  0  0  0  0  0  0  0  0  1  0  0  0  0  0  0  0
  7.1947160139677904e-02  0  0  0  0  0  0  0  0  0  1  2  1  0  0  1  0
  2.3233186074919848e-06  0  0  0  0  0  3  1  0  0  0  0  0  0  0  0  1
  1.0969110166015519e-07  0  0  0  2  0  0  0  0  0  0  0  0  1  0  0  0
  4.6404950372234598e-02  0  0  0  0  0  0  0  0  1  1  0  0  0  1  2  0
  8.7453420051102846e-05  0  0  0  0  1  0  2  0  0  0  0  0  0  0  0  2
  4.8718894827485253e-02  0  0  0  0  0  0  0  0  0  1  0  1  0  0  1  2
 -3.8614580964634527e-05  1  0  0  2  0  0  0  0  0  0  0  0  2  0  0  0
 -1.4278214177863052e-02  0  0  0  0  0  0  0  0  0  0  0  3  0  1  1  0
  3.1026532013695560e-05  1  0  0  0  0  0  0  0  0  0  0  0  0  4  0  0
 -6.9295700819058694e-06  0  2  0  0  0  0  0  0  0  0  0  0  0  1  1  1
  1.1677290530914513e-06  0  0  0  0  3  0  2  0  0  0  0  0  0  0  0  0
 -8.8144861246269954e-05  0  0  0  2  0  0  0  0  0  0  0  0  1  0  0  2
 -1.7993792410077997e-02  0  0  0  0  0  0  0  0  1  0  0  0  0  2  2  0
  1.6192916686596586e-06  1  1  2  0  0  0  0  0  0  0  0  0  0  1  0  0
  1.2209271226700048e-07  0  0  0  0  0  0  0  1  0  0  0  0  0  1  1  0
  8.4184870880072340e-05  0  1  0  0  0  0  0  0  0  0  0  0  0  2  1  1
 -6.9924134141741742e-02  0  0  0  0  0  0  0  0  3  0  0  2  0  0  0  0
 -4.3387852743920883e-05  0  0  0  0  1  2  2  0  0  0  0  0  0  0  0  0
 -1.0937009903534283e-10  1  0  0  1  0  0  0  1  0  0  0  0  0  0  0  0
 -5.7052970911912172e-09  0  0  1  1  0  0  0  0  0  0  0  0  0  1  0  0
  6.0565098058025406e-10  0  0  0  0  1  0  0  0  0  0  0  0  0  0  0  0
  1.8844376849749611e-07  0  1  0  0  0  0  0  0  0  0  0  0  1  1  0  0
  6.5346418594311125e-04  0  0  0  0  1  0  0  1  0  0  0  0  0  2  0  1
  1.2468250142058263e-05  1  1  0  0  0  0  0  0  0  0  0  0  0  1  0  2
 -1.3591333224457803e-07  3  1  0  0  0  0  0  0  0  0  0  0  0  1  0  0
 -2.2316906755810922e-02  0  0  0  0  0  0  0  0  1  2  0  2  0  0  0  0
  1.5202702570630192e-01  0  0  0  0  0  0  0  0  0  1  1  0  1  1  1  0
 -2.1137026345127405e-01  0  0  0  0  0  0  0  0  1  1  1  1  1  0  0  0
  1.1725831648347072e-04  0  0  0  0  0  0  0  2  0  0  0  0  0  1  1  1
 -1.2871893006432804e-10  0  0  0  1  1  0  0  0  0  0  0  0  0  0  0  1
  1.6081399753886012e-02  0  0  0  0  0  0  0  0  0  2  0  2  1  0  0  0
  9.1385825880389279e-02  0  0  0  0  0  0  0  0  0  1  1  1  2  0  0  0
 -5.2031414690720151e-11  1  0  0  0  0  0  0  0  0  0  2  0  0  0  0  0
  3.9440344507469163e-06  1  2  0  0  0  0  0  0  0  0  0  0  0  0  0  2
  6.9757317619128789e-03  0  0  0  0  0  0  0  0  1  0  4  0  0  0  0  0
 -3.9805037703303013e-05  0  0  0  0  0  2  1  1  0  0  0  0  0  1  0  0
 -2.4303895960508483e-05  0  0  0  0  1  0  3  0  0  0  0  0  0  0  1  0
 -9.7703134678706483e-07  2  0  1  1  0  0  0  0  0  0  0  0  0  1  0  0
  7.6805184278809071e-05  0  0  0  0  0  2  1  0  0  0  0  0  0  1  0  1
  9.4415890200222005e-04  0  0  0  0  1  1  1  0  0  0  0  0  1  0  0  1
 -6.6257961523826681e-06  0  0  0  0  0  0  0  0  0  0  1  1  0  1  0  0
 -7.2660403764956000e-02  0  0  0  0  0  0  0  0  1  0  2  1  0  0  0  1
 -5.6975467461170819e-04  0  0  0  0  1  0  0  0  0  0  0  0  2  0  2  0
 -1.3392562734085277e-06  0  0  0  4  0  0  0  0  0  0  0  0  1  0  0  0
  6.1335096671265701e-02  0  0  0  0  0  0  0  0  0  0  1  2  1  0  1  0
 -1.3738837469382970e-05  0  0  0  0  0  0  0  0  0  0  1  0  1  0  1  0
 -6.3880771199765701e-05  1  0  0  1  0  0  0  0  0  0  0  0  1  1  1  0
  2.4774269466214089e-05  0  0  0  0  0  0  0  0  0  1  0  0  1  1  0  0
  8.6544178233595351e-02  0  0  0  0  0  0  0  0  0  1  0  1  1  1  0  1
 -5.9265271745332409e-05  0  0  0  0  0  0  1  2  0  0  0  0  0  1  0  1
  7.8637462421192347e-07  0  3  0  1  0  0  0  0  0  0  0  0  0  0  1  0
 -5.1326904722557316e-08  1  0  0  0  0  0  0  0  0  0  0  0  0  0  2  0
 -3.6955636670271849e-08  1  4  0  0  0  0  0  0  0  0  0  0  0  0  0  0
 -5.2253178287350238e-02  0  0  0  0  0  0  0  0  2  0  1  1  0  1  0  0
 -3.2931482989648958e-06  1  0  1  2  0  0  0  0  0  0  0  0  0  0  1  0
  3.1538786578110823e-06  0  0  0  0  1  0  4  0  0  0  0  0  0  0  0  0
 -9.2036609478589855e-05  0  1  1  0  0  0  0  0  0  0  0  0  2  0  0  1
 -4.1194788977652635e-02  0  0  0  0  0  0  0  0  0  0  1  2  0  1  0  1
 -1.9846617026136006e-11  0  2  0  0  0  0  0  0  1  0  0  0  0  0  0  0
  1.0271024076276641e-02  0  0  0  0  0  0  0  0  3  0  0  0  0  2  0  0
 -8.9865974824289447e-06  1  1  1  0  0  0  0  0  0  0  0  0  0  1  1  0
  1.1032913802438030e-01  0  0  0  0  0  0  0  0  2  1  1  1  0  0  0  0
  1.8871174206627391e-06  0  1  3  0  0  0  0  0  0  0  0  0  0  0  0  1
 -1.3065469354575717e-02  0  0  0  0  0  0  0  0  0  2  0  0  3  0  0  0
  1.2209271226700048e-07  0  0  0  0  0  0  1  0  0  0  0  0  0  1  0  1
 -2.4240314353390453e-07  0  0  0  0  0  1  0  1  0  0  0  0  0  0  1  0
 -4.5904967508772504e-04  0  0  0  0  0  0  2  0  0  0  0  0  1  0  2  0
 -2.3119327139097936e-05  0  0  0  0  0  0  0  3  0  0  0  0  0  1  1  0
  3.3816331123906262e-04  0  0  0  0  0  0  2  0  0  0  0  0  1  2  0  0
 -4.9800737551852489e-05  0  0  0  0  0  0  2  2  0  0  0  0  1  0  0  0
 -1.9217729091697276e-05  0  0  0  0  0  0  4  0  0  0  0  0  1  0  0  0
 -1.9819640159448237e-04  0  0  0  0  0  1  2  0  0  0  0  0  0  0  1  1
  1.8604667268233255e-05  0  0  0  3  0  0  0  0  0  0  0  0  1  0  0  1
  1.0498287289905092e-10  0  1  1  0  0  0  0  1  0  0  0  0  0  0  0  0
 -3.5850738126837501e-11  0  0  0  0  1  0  0  0  0  2  0  0  0  0  0  0
 -8.8588606309819951e-07  0  0  0  3  0  0  0  0  0  0  0  0  0  1  1  0
 -4.6331884177047876e-05  0  2  0  0  0  0  0  0  0  0  0  0  3  0  0  0
 -3.4737234169674601e-05  1  1  1  1  0  0  0  0  0  0  0  0  1  0  0  0
  5.6089679980228187e-02  0  0  0  0  0  0  0  0  2  1  0  0  1  1  0  0
 -7.2740633164746064e-10  0  0  0  0  1  0  0  0  0  0  0  1  0  0  0  1
 -1.7145939812135208e-05  0  0  0  0  0  1  1  3  0  0  0  0  0  0  0  0
  2.4237292204617894e-07  0  0  0  0  1  0  1  0  0  0  0  0  0  0  1  0
  3.0582833634900452e-02  0  0  0  0  0  0  0  0  1  0  2  0  0  0  0  2
  3.8882550052235523e-02  0  0  0  0  0  0  0  0  0  0  0  1  2  1  1  0
 -3.8454947283397237e-04  0  0  1  0  0  0  0  0  0  0  0  0  1  2  1  0
  2.4303895960508483e-05  0  0  0  0  0  1  0  3  0  0  0  0  0  0  1  0
  8.9891525026991784e-02  0  0  0  0  0  0  0  0  0  0  0  3  1  0  0  1
  5.1952214662917058e-06  2  1  0  0  0  0  0  0  0  0  0  0  1  1  0  0
 -3.5863820910068318e-06  1  0  2  1  0  0  0  0  0  0  0  0  0  0  0  1
 -1.3591333224457803e-07  1  3  0  0  0  0  0  0  0  0  0  0  0  1  0  0
 -4.1194788977652622e-02  0  0  0  0  0  0  0  0  0  0  2  1  0  1  1  0
 -1.2918072815097004e-05  0  0  1  1  0  0  0  0  0  0  0  0  2  1  0  0
  3.1985807218093514e-03  0  0  0  0  0  0  0  0  1  0  0  0  0  0  4  0
  1.1433554262261337e-04  0  0  0  0  3  0  0  0  0  0  0  0  2  0  0  0
 -1.3863153067588411e-05  0  1  2  0  0  0  0  0  0  0  0  0  0  0  1  1
  7.6013512853150958e-02  0  0  0  0  0  0  0  0  1  0  0  1  0  2  0  1
 -6.9689023817367797e-07  0  0  0  1  0  0  0  0  0  0  0  0  1  0  0  1
 -1.8589428362776048e-05  0  0  0  0  1  2  0  1  0  0  0  0  0  0  0  1
 -6.5329575272788401e-05  2  0  0  0  0  0  0  0  0  0  0  0  3  0  0  0
  8.2185746581830787e-13  1  0  1  0  0  0  1  0  0  0  0  0  0  0  0  0
  3.9523254472122451e-08  0  0  0  0  1  2  0  0  0  0  0  0  0  0  0  0
  8.8747300025650370e-05  0  0  0  0  2  1  1  1  0  0  0  0  0  0  0  0
  2.7032135192508071e-02  0  0  0  0  0  0  0  0  0  0  0  0  1  2  2  0
  1.3042325492626641e-05  0  0  0  0  0  0  0  0  0  1  1  1  0  0  0  0
 -2.2742562783359020e-10  1  0  0  0  0  0  0  1  0  0  0  0  0  0  0  1
 -6.9075495267485551e-08  0  0  0  0  0  0  1  1  0  0  0  0  0  1  0  0
 -3.4843381376772314e-02  0  0  0  0  0  0  0  0  2  0  0  0  0  1  1  1
 -6.4262743726552489e-10  0  0  0  0  0  1  0  0  0  1  0  0  1  0  0  0
  8.4925000410796469e-05  0  0  0  0  0  1  2  1  0  0  0  0  0  0  1  0
 -1.7145939812135205e-05  0  0  0  0  0  1  3  1  0  0  0  0  0  0  0  0
 -1.2130607167847506e-01  0  0  0  0  0  0  0  0  1  0  0  3  0  0  0  1
 -3.9300201135279331e-04  0  0  0  0  1  1  0  0  0  0  0  0  2  1  0  0
 -3.2467580432427599e-10  0  0  0  0  1  0  0  1  0  0  0  1  0  0  0  0
 -2.3119327139097929e-05  0  0  0  0  0  0  3  0  0  0  0  0  0  1  0  1
  1.1258530624866413e-10  0  1  0  0  0  0  0  0  1  1  0  0  0  0  0  0
  1.2410612805478224e-04  0  1  0  0  0  0  0  0  0  0  0  0  1  3  0  0
 -3.1394868722985209e-01  0  0  0  0  0  0  0  0  2  0  0  1  1  0  0  1
 -3.5900571249321072e-04  0  0  1  0  0  0  0  0  0  0  0  0  3  0  1  0
 -4.3060242716990025e-06  0  0  1  1  0  0  0  0  0  0  0  0  0  3  0  0
  3.0582833634900448e-02  0  0  0  0  0  0  0  0  1  0  0  2  0  0  2  0
  5.6042592581790533e-04  0  0  0  0  0  0  1  0  0  0  0  0  1  0  3  0
 -6.6634705111784064e-09  1  0  2  0  0  0  0  0  0  0  0  0  0  0  0  0
  6.5196017426788495e-06  3  0  0  0  0  0  0  0  0  0  0  0  2  0  0  0
 -8.8588606309819940e-07  0  0  3  0  0  0  0  0  0  0  0  0  0  1  0  1
  8.3429115935125933e-10  0  0  0  0  0  1  0  0  0  0  1  0  0  0  0  1
  9.7514957481731369e-03  0  0  0  0  0  0  0  0  0  2  0  0  1  0  0  2
  2.5457441294620842e-02  0  0  0  0  0  0  0  0  0  1  0  0  1  3  0  0
 -8.1330548776420304e-06  0  0  0  0  3  0  1  0  0  0  0  0  0  0  1  0
  6.2974950227202231e-02  0  0  0  0  0  0  0  0  0  0  2  1  1  0  0  1
 -1.8422612410999979e-02  0  0  0  0  0  0  0  0  0  0  0  0  1  0  2  2
 -2.4219795556271337e-02  0  0  0  0  0  0  0  0  2  2  0  0  1  0  0  0
  5.7736972596119616e-06  1  0  0  2  0  0  0  0  0  0  0  0  0  0  2  0
  3.4760953822467834e-02  0  0  0  0  0  0  0  0  0  0  0  2  1  2  0  0
  1.0991273803516906e-04  0  0  0  0  2  1  0  0  0  0  0  0  1  1  0  0
  4.3509275984067224e-02  0  0  0  0  0  0  0  0  1  0  2  2  0  0  0  0
 -2.9557812460241459e-02  0  0  0  0  0  0  0  0  0  1  1  3  0  0  0  0
  1.7683368889617037e-05  2  0  0  2  0  0  0  0  0  0  0  0  1  0  0  0
  4.8586888142667387e-02  0  0  0  0  0  0  0  0  3  0  0  0  2  0  0  0
  2.6057419312638434e-02  0  0  0  0  0  0  0  0  0  1  3  0  0  0  0  1
 -9.0639679179805616e-02  0  0  0  0  0  0  0  0  0  1  2  0  1  1  0  0
  6.7684823270311074e-11  0  1  0  0  1  1  0  0  0  0  0  0  0  0  0  0
  1.2782368412809310e-04  0  0  0  0  0  1  1  0  0  0  0  0  0  0  0  3
 -1.2279748646531062e-03  0  0  0  0  0  1  0  0  0  0  0  0  1  1  2  0
 -6.5086453403676359e-02  0  0  0  0  0  0  0  0  1  1  0  0  2  1  0  0
  1.1365279368457931e-05  0  0  0  0  0  0  1  3  0  0  0  0  0  1  0  0
 -4.1009323317473402e-04  0  0  0  1  0  0  0  0  0  0  0  0  3  0  0  1
 -1.7347639395990227e-05  0  0  0  0  0  3  0  0  0  0  0  0  0  0  1  1
  1.2771880170380807e-05  0  0  0  1  0  0  0  0  0  0  0  0  0  3  1  0
  1.2468250142058268e-05  1  1  0  0  0  0  0  0  0  0  0  0  0  1  2  0
  1.8811128765852586e-10  0  0  1  0  0  1  0  0  0  0  0  0  0  0  0  1
  3.3763845851385338e-02  0  0  0  0  0  0  0  0  0  0  1  1  0  1  2  0
 -8.6544178233595337e-02  0  0  0  0  0  0  0  0  1  0  1  0  1  1  0  1
 -5.7106224273529964e-04  0  0  0  0  1  0  0  1  0  0  0  0  1  1  1  0
 -5.5073585984453813e-04  0  0  0  0  1  0  0  2  0  0  0  0  2  0  0  0
 -6.0704972890360449e-04  0  0  0  0  0  1  0  1  0  0  0  0  2  0  1  0
 -1.0049285213750240e-07  0  2  0  0  0  0  0  0  0  0  0  0  1  0  0  0
  1.4145947506674030e-11  0  0  0  1  0  0  0  0  1  0  0  0  0  0  0  1
  1.2421079028825978e-04  0  0  0  0  0  0  1  0  0  0  0  0  0  3  0  1
  6.1686299163673741e-02  0  0  0  0  0  0  0  0  0  0  0  1  1  0  0  3
 -2.7614487174311214e-05  1  0  0  1  0  0  0  0  0  0  0  0  0  0  2  1
 -8.4925000410796455e-05  0  0  0  0  1  0  1  2  0  0  0  0  0  0  1  0
 -2.2218571839366739e-12  0  0  1  1  0  0  0  0  0  1  0  0  0  0  0  0
 -4.0201538982981441e-06  1  0  2  0  0  0  0  0  0  0  0  0  0  2  0  0
 -5.5830729724918138e-05  2  0  0  0  0  0  0  0  0  0  0  0  1  2  0  0
 -7.8316289959813139e-06  0  0  0  0  1  3  0  0  0  0  0  0  0  1  0  0
 -2.5356640524418030e-05  1  0  1  0  0  0  0  0  0  0  0  0  0  0  1  2
 -9.7803085519387311e-10  0  0  0  0  0  1  0  0  0  0  1  1  0  0  0  0
 -1.1278528010081104e-01  0  0  0  0  0  0  0  0  1  1  0  1  0  1  0  1
 -3.1321220264409498e-02  0  0  0  0  0  0  0  0  1  0  0  0  2  0  2  0
 -5.9634081706408077e-05  0  0  0  0  0  0  1  0  0  0  0  0  0  1  0  3
 -2.5288429857292952e-05  0  1  2  0  0  0  0  0  0  0  0  0  1  1  0  0
 -1.6745245174156495e-04  0  0  0  0  0  1  0  0  0  0  0  0  0  0  1  3
 -1.0272459575083276e-11  0  0  0  0  1  1  0  0  0  1  0  0  0  0  0  0
 -1.2341730682291281e-10  0  1  0  0  0  0  0  0  0  1  0  0  1  0  0  0
 -3.8454947283397237e-04  0  0  0  1  0  0  0  0  0  0  0  0  1  2  0  1
 -1.2369878597906575e-10  0  0  0  0  0  0  0  1  0  1  1  0  0  0  0  0
 -6.2899811031510849e-02  0  0  0  0  0  0  0  0  0  1  2  0  0  0  1  1
  7.5952313203540964e-05  0  0  0  0  0  1  0  1  0  0  0  0  0  0  3  0
 -4.9453235324498219e-07  0  0  0  0  1  4  0  0  0  0  0  0  0  0  0  0
  4.3699045768596768e-02  0  0  0  0  0  0  0  0  0  2  1  0  0  1  0  1
 -2.4220883792753505e-05  0  1  0  1  0  0  0  0  0  0  0  0  0  2  1  0
  1.1172383669134870e-02  0  0  0  0  0  0  0  0  3  0  1  0  0  0  1  0
  8.3680901117457449e-11  0  0  0  0  0  0  1  0  0  0  0  1  0  1  0  0
 -1.6452514106951297e-05  0  0  0  0  0  0  0  0  0  0  0  0  1  2  0  0
  5.2090836021102007e-12  0  1  0  1  0  0  1  0  0  0  0  0  0  0  0  0
 -3.0343992889965999e-05  0  0  0  0  2  0  1  0  0  0  0  0  1  0  1  0
  2.6113442036196046e-04  0  0  0  0  2  1  0  0  0  0  0  0  0  0  1  1
 -4.9453235324498219e-07  0  0  0  0  5  0  0  0  0  0  0  0  0  0  0  0
 -3.0583008460155206e-05  0  0  0  0  0  0  0  4  0  0  0  0  1  0  0  0
  3.1821801618276052e-02  0  0  0  0  0  0  0  0  1  0  0  0  4  0  0  0
 -1.9974916244603680e-02  0  0  0  0  0  0  0  0  4  0  0  0  1  0  0  0
  1.5315926214657662e-06  0  0  0  0  1  2  0  2  0  0  0  0  0  0  0  0
  1.7644736338495299e-02  0  0  0  0  0  0  0  0  0  1  1  0  0  0  0  3
 -1.4660145705979882e-01  0  0  0  0  0  0  0  0  1  1  0  0  1  0  1  1
 -2.8553112136764987e-04  0  0  0  0  0  1  1  0  0  0  0  0  0  2  0  1
  1.5915571720104767e-02  0  0  0  0  0  0  0  0  0  0  0  0  3  0  2  0
 -1.6198096423840412e-03  0  0  0  0  0  0  0  1  0  0  0  0  3  0  0  1
  6.0912572373068592e-04  0  0  0  0  0  1  0  0  0  0  0  0  1  3  0  0
  5.9379173605028826e-05  0  0  0  0  0  3  0  0  0  0  0  0  1  1  0  0
 -1.1582209277305003e-01  0  0  0  0  0  0  0  0  0  2  1  0  1  0  1  0
 -1.9263612347196348e-11  1  0  0  0  0  2  0  0  0  0  0  0  0  0  0  0
  4.3539582487022745e-07  0  3  1  0  0  0  0  0  0  0  0  0  0  0  0  1
 -8.7655246684658821e-12  0  0  0  1  1  0  0  1  0  0  0  0  0  0  0  0
 -3.1890067009877957e-11  2  0  0  0  0  0  0  0  1  0  0  0  0  0  0  0
  1.0728315301508448e-05  0  0  0  0  3  0  0  0  0  0  0  0  0  0  2  0
  1.2945717465030715e-01  0  0  0  0  0  0  0  0  2  0  0  0  1  0  0  2
  2.3911666432814308e-04  0  0  0  0  1  0  1  0  0  0  0  0  0  2  1  0
  6.2666528795863908e-05  0  0  0  0  1  1  2  0  0  0  0  0  0  1  0  0
  2.9523385398047742e-04  0  0  0  0  1  0  1  1  0  0  0  0  0  0  1  1
 -1.1229664812310021e-03  0  0  0  0  0  0  1  0  0  0  0  0  3  0  1  0
  1.3100794364822510e-05  0  0  0  0  0  0  0  0  0  0  0  0  1  0  0  2
  4.7146563061878667e-11  0  1  0  0  0  0  0  0  0  0  0  1  0  0  1  0
 -4.5319839589902808e-02  0  0  0  0  0  0  0  0  1  0  0  2  0  2  0  0
 -4.4543893045288337e-02  0  0  0  0  0  0  0  0  0  1  1  0  0  2  0  1
 -1.5030822195893368e-06  0  0  0  0  0  0  1  0  0  0  0  0  1  0  1  0
 -2.4641824002757950e-05  0  0  0  0  0  0  0  0  0  0  0  1  1  0  0  1
 -2.8496536643610778e-05  1  1  0  0  0  0  0  0  0  0  0  0  2  1  0  0
  6.0912572373068602e-04  0  0  0  0  0  1  0  0  0  0  0  0  3  1  0  0
 -1.1760267647775713e-06  3  0  0  2  0  0  0  0  0  0  0  0  0  0  0  0
 -1.0942873681349585e-03  0  0  0  0  2  0  0  1  0  0  0  0  1  0  0  1
  9.3059972090434255e-06  0  1  1  1  0  0  0  0  0  0  0  0  0  2  0  0
 -1.5520718759715301e-04  0  0  0  0  2  1  1  0  0  0  0  0  0  0  0  1
  6.7643654976314635e-11  0  0  0  1  0  0  0  0  0  1  0  0  0  0  1  0
  4.1936797387905363e-10  0  0  1  0  0  0  0  0  0  0  1  0  1  0  0  0
 -1.7993614442710692e-05  0  0  1  0  0  0  0  0  0  0  0  0  0  1  2  1
 -3.4024900347103060e-07  0  0  0  0  0  2  0  0  0  0  0  0  1  0  0  0
  2.0706928219101583e-03  0  0  0  0  1  0  0  1  0  0  0  0  2  0  0  1
 -3.5081797562566040e-04  1  0  0  0  0  0  0  0  0  0  0  0  2  0  0  2
  4.1593362171529585e-11  0  1  1  0  0  0  0  0  0  0  0  1  0  0  0  0
  1.4028496232244044e-04  0  0  0  0  0  1  1  1  0  0  0  0  0  2  0  0
 -1.3885096853508973e-10  1  0  0  0  0  0  0  0  1  0  0  0  1  0  0  0
  7.4741708924660311e-02  0  0  0  0  0  0  0  0  1  0  1  0  2  0  1  0
  2.8311509698518555e-01  0  0  0  0  0  0  0  0  1  0  0  1  2  0  0  1
  1.5016190768491803e-10  1  0  0  0  0  0  0  2  0  0  0  0  0  0  0  0
  1.4939745132700301e-04  0  0  0  0  1  2  1  0  0  0  0  0  0  0  1  0
  3.6528887852996503e-02  0  0  0  0  0  0  0  0  0  1  0  0  0  2  1  1
 -6.6847243920162056e-10  0  0  0  0  0  0  1  0  0  1  0  1  0  0  0  0
  2.3453697127757367e-05  0  0  0  0  1  0  2  2  0  0  0  0  0  0  0  0
 -1.0220599469787936e-01  0  0  0  0  0  0  0  0  0  0  1  1  1  0  1  1
 -2.0716264078813145e-04  0  0  0  0  0  2  0  0  0  0  0  0  3  0  0  0
 -6.9138253742122162e-06  2  1  0  1  0  0  0  0  0  0  0  0  0  0  1  0
 -4.6917584271003365e-04  0  0  0  0  1  0  0  1  0  0  0  0  0  0  0  3
 -7.4741708924660283e-02  0  0  0  0  0  0  0  0  0  1  0  1  2  0  1  0
  2.4014668501924345e-04  0  0  0  0  0  0  0  3  0  0  0  0  1  0  0  1
  1.4530459523536362e-05  0  1  1  0  0  0  0  0  0  0  0  0  0  0  0  3
  7.6597605864331170e-05  1  0  0  1  0  0  0  0  0  0  0  0  0  2  0  1
  1.6751717846488452e-02  0  0  0  0  0  0  0  0  1  0  0  0  0  0  0  4
  1.5847168952888445e-08  0  0  0  1  0  0  0  0  0  0  0  0  0  1  1  0
  1.6832895142036857e-05  0  0  1  2  0  0  0  0  0  0  0  0  1  0  1  0
  6.2666528795863894e-05  0  0  0  0  1  1  0  2  0  0  0  0  0  1  0  0
 -7.8557120710132322e-02  0  0  0  0  0  0  0  0  0  1  1  0  2  0  0  1
 -4.7823332865628616e-04  0  0  0  0  1  0  1  0  0  0  0  0  1  1  0  1
  3.6533544222154345e-02  0  0  0  0  0  0  0  0  1  0  0  4  0  0  0  0
 -5.4809450889223066e-02  0  0  0  0  0  0  0  0  1  2  2  0  0  0  0  0
  3.4848461641004007e-11  0  0  1  0  0  0  0  0  0  0  0  1  0  1  0  0
  1.1725831648347072e-04  0  0  0  0  0  0  2  0  0  0  0  0  0  1  1  1
  5.0241470359963340e-02  0  0  0  0  0  0  0  0  0  0  0  2  3  0  0  0
  1.5595739220265182e-05  0  0  3  0  0  0  0  0  0  0  0  0  1  0  1  0
  2.1213200848229111e-06  0  2  0  1  0  0  0  0  0  0  0  0  0  1  1  0
 -3.1862523297250020e-02  0  0  0  0  0  0  0  0  1  0  0  0  0  2  0  2
  1.3366899041070138e-04  0  2  0  0  0  0  0  0  0  0  0  0  1  0  2  0
 -1.5778565087013550e-02  0  0  0  0  0  0  0  0  1  0  1  0  0  0  3  0
  4.3237702376878275e-02  0  0  0  0  0  0  0  0  0  0  1  0  1  0  1  2
  5.7104011031204009e-07  1  0  2  2  0  0  0  0  0  0  0  0  0  0  0  0
 -4.6441549612486518e-02  0  0  0  0  0  0  0  0  0  0  1  1  2  1  0  0
  1.2117120060229970e-07  0  1  0  0  0  0  0  0  0  0  0  0  0  0  1  1
  1.9609955047664989e-06  3  0  0  0  0  0  0  0  0  0  0  0  0  2  0  0
  3.4760953822467841e-02  0  0  0  0  0  0  0  0  0  0  2  0  1  2  0  0
  4.3272089116797668e-02  0  0  0  0  0  0  0  0  1  0  1  0  0  2  1  0
  2.6539984537839954e-04  0  0  0  0  0  1  0  1  0  0  0  0  0  0  1  2
  2.8075954697498680e-05  0  0  0  0  1  2  0  0  0  0  0  0  0  0  0  2
 -1.1278528010081104e-01  0  0  0  0  0  0  0  0  1  1  1  0  0  1  1  0
  3.3855362241677599e-05  1  0  0  0  0  0  0  0  0  0  0  0  0  0  2  2
  1.5306681063466556e-04  2  0  0  0  0  0  0  0  0  0  0  0  1  0  0  2
 -2.1230419848698716e-06  0  0  1  2  0  0  0  0  0  0  0  0  0  1  0  1
  1.6939361800529583e-04  0  0  0  1  0  0  0  0  0  0  0  0  1  0  0  3
  2.6145558514822143e-07  0  0  3  1  0  0  0  0  0  0  0  0  0  1  0  0
  2.6554119269740091e-05  0  1  1  1  0  0  0  0  0  0  0  0  2  0  0  0
  4.3306333844555890e-06  0  1  1  2  0  0  0  0  0  0  0  0  0  0  0  1
 -6.8479531075287195e-08  0  0  0  0  1  0  2  0  0  0  0  0  0  0  0  0
  7.9806732295139786e-07  0  0  0  0  1  0  0  1  0  0  0  0  0  0  0  1
  3.5019883324850421e-09  1  2  0  0  0  0  0  0  0  0  0  0  0  0  0  0
 -7.3911273340543697e-08  3  2  0  0  0  0  0  0  0  0  0  0  0  0  0  0
 -1.0224065894943675e-05  0  0  0  0  0  0  0  0  0  2  0  0  1  0  0  0
  9.8340970294362564e-07  2  2  0  0  0  0  0  0  0  0  0  0  1  0  0  0
  6.0136753996617131e-05  0  0  0  2  0  0  0  0  0  0  0  0  3  0  0  0
 -9.0618318318370922e-05  0  2  1  0  0  0  0  0  0  0  0  0  1  0  1  0
 -4.3430529571245012e-02  0  0  0  0  0  0  0  0  0  0  2  0  1  0  2  0
 -9.2242983933977212e-03  0  0  0  0  0  0  0  0  0  0  1  0  0  1  0  3
  1.5087045874170312e-05  0  2  2  0  0  0  0  0  0  0  0  0  1  0  0  0
  2.7146867163526349e-04  0  0  0  0  0  0  2  0  0  0  0  0  3  0  0  0
  2.3818790115204760e-11  0  0  0  0  0  1  0  0  1  0  0  0  0  1  0  0
 -7.2540678372729282e-06  0  0  0  0  0  0  0  0  1  0  2  0  0  0  0  0
 -3.0379466420239822e-11  2  0  0  0  1  0  0  0  0  0  0  0  0  0  0  0
  5.1524705453219139e-05  0  0  2  0  0  0  0  0  0  0  0  0  3  0  0  0
  5.7736972596119633e-06  1  0  2  0  0  0  0  0  0  0  0  0  0  0  0  2
  4.3496570105729876e-12  0  0  1  0  0  0  0  1  0  0  0  0  0  1  0  0
  2.5356640524418027e-05  0  1  0  1  0  0  0  0  0  0  0  0  0  0  1  2
 -1.1725831648347072e-04  0  0  0  0  2  0  0  0  0  0  0  0  0  1  1  1
 -3.7375738367378070e-05  0  0  2  0  0  0  0  0  0  0  0  0  1  0  0  2
  1.2421079028825978e-04  0  0  0  0  0  0  0  1  0  0  0  0  0  3  1  0
  4.2781369435994445e-12  1  0  1  0  0  0  0  0  0  0  1  0  0  0  0  0
  9.4221884248748110e-08  1  0  0  0  0  0  0  0  0  0  0  0  0  2  0  0
 -2.2156348554205977e-04  0  0  0  0  1  1  1  0  0  0  0  0  0  1  1  0
  1.9762574926645578e-04  0  0  0  0  0  2  2  0  0  0  0  0  1  0  0  0
  3.4843381376772307e-02  0  0  0  0  0  0  0  0  0  0  2  0  0  1  1  1
  1.1790216295765647e-01  0  0  0  0  0  0  0  0  1  0  1  1  0  0  1  1
  9.1368858559602909e-04  0  0  0  0  1  0  0  0  0  0  0  0  2  2  0  0
  2.4220883792753505e-05  1  0  1  0  0  0  0  0  0  0  0  0  0  2  1  0
 -4.9153593542699868e-06  0  0  0  0  0  0  0  0  1  0  0  0  0  0  2  0
 -4.8441767585507009e-05  1  0  1  0  0  0  0  0  0  0  0  0  1  1  0  1
 -6.0298980547996842e-06  1  0  0  3  0  0  0  0  0  0  0  0  0  0  0  1
 -1.1796723342516169e-10  0  0  1  0  0  1  0  1  0  0  0  0  0  0  0  0
  7.3535342281758065e-02  0  0  0  0  0  0  0  0  2  1  0  0  0  0  1  1
 -9.2482314841553985e-06  1  2  0  0  0  0  0  0  0  0  0  0  0  0  2  0
  3.0707778677468594e-03  0  0  0  0  0  0  0  0  5  0  0  0  0  0  0  0
  1.0817270542690044e-12  1  1  0  0  0  1  0  0  0  0  0  0  0  0  0  0
 -7.3602646169270368e-04  0  0  0  0  0  2  1  0  0  0  0  0  1  0  1  0
  1.5904445390158478e-04  0  0  1  0  0  0  0  0  0  0  0  0  1  0  1  2
 -5.8961750579075919e-02  0  0  0  0  0  0  0  0  0  0  1  0  1  2  1  0
 -1.0134743192636653e-02  0  0  0  0  0  0  0  0  0  0  4  0  1  0  0  0
 -6.9295700819058694e-06  2  0  0  0  0  0  0  0  0  0  0  0  0  1  1  1
  2.8056992464488083e-04  0  0  0  0  1  0  1  1  0  0  0  0  1  1  0  0
 -1.0351414702975821e-04  1  0  0  0  0  0  0  0  0  0  0  0  2  0  2  0
  3.0870730528813396e-06  2  0  0  1  0  0  0  0  0  0  0  0  0  1  1  0
 -1.1203775679940266e-01  0  0  0  0  0  0  0  0  0  0  0  2  1  0  0  2
  2.8901929450267195e-02  0  0  0  0  0  0  0  0  1  0  2  0  0  0  2  0
 -8.8695686053765621e-11  0  0  0  0  0  0  0  1  1  0  0  0  0  0  0  1
 -2.2156348554205980e-04  0  0  0  0  1  1  0  1  0  0  0  0  0  1  0  1
 -7.8316289959813139e-06  0  0  0  0  3  1  0  0  0  0  0  0  0  1  0  0
 -1.3863153067588412e-05  0  1  1  1  0  0  0  0  0  0  0  0  0  0  0  2
  4.8441767585507009e-05  0  1  0  1  0  0  0  0  0  0  0  0  1  1  0  1
  6.1415557354937188e-03  0  0  0  0  0  0  0  0  3  2  0  0  0  0  0  0
 -7.2509954049381902e-05  0  1  0  0  0  0  0  0  0  0  0  0  1  1  0  2
 -1.3100067045093114e-04  0  0  0  0  1  1  0  0  0  0  0  0  0  3  0  0
 -3.9805037703303027e-05  0  0  0  0  2  0  1  1  0  0  0  0  0  1  0  0
 -7.2022235032922523e-03  0  0  0  0  0  0  0  0  3  0  2  0  0  0  0  0
  3.5019883324850421e-09  3  0  0  0  0  0  0  0  0  0  0  0  0  0  0  0
 -1.4278214177863053e-02  0  0  0  0  0  0  0  0  0  0  3  0  0  1  0  1
  3.7085082237364194e-06  1  0  2  0  0  0  0  0  0  0  0  0  0  0  2  0
  2.4122851193642061e-02  0  0  0  0  0  0  0  0  0  0  1  0  1  0  3  0
  2.1146941815941873e-07  1  2  0  2  0  0  0  0  0  0  0  0  0  0  0  0
 -3.6254977024690951e-05  1  0  0  0  0  0  0  0  0  0  0  0  0  2  2  0
  4.2571447980437500e-02  0  0  0  0  0  0  0  0  0  0  0  1  1  0  2  1
  8.7453420051102846e-05  0  0  0  0  1  0  0  2  0  0  0  0  0  0  2  0
  5.0585066078967005e-02  0  0  0  0  0  0  0  0  0  1  1  0  0  0  2  1
  1.0298482167562416e-04  0  0  0  0  0  0  1  1  0  0  0  0  0  1  2  0
  3.3401929950708224e-05  0  0  0  0  0  0  0  0  1  0  0  1  0  0  0  1
 -1.2905017524888570e-06  1  2  2  0  0  0  0  0  0  0  0  0  0  0  0  0
  8.3552153611968532e-06  0  0  0  0  0  0  0  0  0  0  0  0  1  0  2  0
 -3.3816331123906262e-04  0  0  0  0  2  0  0  0  0  0  0  0  1  2  0  0
 -4.8718894827485267e-02  0  0  0  0  0  0  0  0  1  0  1  0  0  0  1  2
 -3.4760953822467841e-02  0  0  0  0  0  0  0  0  2  0  0  0  1  2  0  0
 -1.6452514106951300e-05  0  0  0  0  0  0  0  0  0  0  0  0  3  0  0  0
  8.0645156880119929e-06  0  0  0  0  0  0  0  0  0  0  2  0  1  0  0  0
  3.6578044022387333e-10  0  0  0  0  0  1  1  0  0  0  0  1  0  0  0  0
 -1.9909039116716034e-10  0  0  0  1  0  0  0  0  1  0  0  1  0  0  0  0
 -2.3037812772089725e-04  0  1  0  0  0  0  0  0  0  0  0  0  1  1  2  0
 -1.2644214928646479e-05  1  0  0  2  0  0  0  0  0  0  0  0  0  2  0  0
  7.8084581069077473e-03  0  0  0  0  0  0  0  0  0  0  0  0  0  1  3  1
  1.1943319088676320e-05  0  0  0  0  0  0  0  0  1  0  1  0  0  0  1  0
 -6.6519590026790101e-07  0  0  1  0  0  0  0  0  0  0  0  0  1  0  1  0
 -1.7546591110111959e-03  0  0  0  0  1  1  0  0  0  0  0  0  1  0  1  1
 -3.6955636670271855e-08  5  0  0  0  0  0  0  0  0  0  0  0  0  0  0  0
  1.0152326251903315e-04  0  0  0  0  0  1  1  2  0  0  0  0  0  0  0  1
  8.1788674065129126e-04  0  0  0  0  0  0  0  1  0  0  0  0  1  0  0  3
 -7.0466692295216644e-07  0  0  0  0  1  0  0  0  0  0  0  0  0  0  0  2
 -1.5730036932936033e-02  0  0  0  0  0  0  0  0  1  3  0  0  0  1  0  0
  3.6963875528993942e-08  1  0  1  0  0  0  0  0  0  0  0  0  0  0  1  0
  5.9892236621386258e-05  0  0  0  0  2  0  1  0  0  0  0  0  0  1  0  1
  1.5847168952888445e-08  0  0  1  0  0  0  0  0  0  0  0  0  0  1  0  1
  5.8799341788294464e-10  0  0  1  0  0  0  1  0  0  0  0  0  1  0  0  0
 -9.8906470648996416e-07  0  0  0  0  3  2  0  0  0  0  0  0  0  0  0  0
  1.0554268319812934e-01  0  0  0  0  0  0  0  0  1  0  1  1  1  1  0  0
 -7.5472506818403040e-05  0  0  2  0  0  0  0  0  0  0  0  0  1  0  2  0
 -4.2448793116676509e-03  0  0  0  0  0  0  0  0  0  4  0  0  1  0  0  0
  7.6805184278809071e-05  0  0  0  0  2  0  0  1  0  0  0  0  0  1  1  0
 -4.3272089116797662e-02  0  0  0  0  0  0  0  0  0  1  0  1  0  2  1  0
  5.6920549251300653e-06  3  0  0  1  0  0  0  0  0  0  0  0  0  0  0  1
 -7.9577858600523802e-03  0  0  0  0  0  0  0  0  0  0  0  0  5  0  0  0
  3.0813072228829931e-02  0  0  0  0  0  0  0  0  1  2  0  0  2  0  0  0
 -1.3377710980024896e-02  0  0  0  0  0  0  0  0  1  2  0  0  0  0  0  2
 -1.1518906386044864e-04  1  0  0  0  0  0  0  0  0  0  0  0  0  2  0  2
  1.5724673714842204e-07  0  0  0  0  0  1  1  1  0  0  0  0  0  0  0  0
  3.4621345611886359e-02  0  0  0  0  0  0  0  0  1  2  0  1  0  0  0  1
  1.6836974176014465e-04  1  0  0  0  0  0  0  0  0  0  0  0  1  1  1  1
  1.2410612805478224e-04  0  1  0  0  0  0  0  0  0  0  0  0  3  1  0  0
 -1.0481330893850412e-04  2  0  0  1  0  0  0  0  0  0  0  0  1  0  0  1
  4.9033655715422272e-07  0  0  0  0  0  1  0  0  0  0  0  0  0  0  1  1
  5.4956369017584522e-05  0  0  0  0  1  2  0  0  0  0  0  0  0  2  0  0
  8.4243628676839294e-11  0  0  0  0  0  0  0  1  0  1  0  0  0  0  1  0
 -4.4483263254010866e-04  0  0  0  0  0  1  0  0  0  0  0  0  1  1  0  2
  7.4703087226157538e-02  0  0  0  0  0  0  0  0  0  1  1  2  0  0  0  1
  6.7890823634321235e-04  0  0  0  0  0  2  0  0  0  0  0  0  1  0  2  0
  3.4418521871476128e-02  0  0  0  0  0  0  0  0  0  0  3  0  1  0  1  0
 -5.0768266839266775e-06  0  0  0  0  2  2  0  0  0  0  0  0  1  0  0  0
  5.4514932666874843e-06  0  0  0  0  0  0  0  0  0  0  1  0  0  1  0  1
  1.7367511346461584e-05  0  0  2  1  0  0  0  0  0  0  0  0  1  0  0  1
 -1.3553137124679100e-02  0  0  0  0  0  0  0  0  0  1  0  0  0  0  1  3
  5.5830729724918132e-05  0  0  2  0  0  0  0  0  0  0  0  0  1  2  0  0
 -2.7972831053517513e-04  0  0  0  0  1  0  0  1  0  0  0  0  0  0  2  1
 -7.7168308560901363e-12  0  1  0  0  0  0  0  0  1  0  0  0  0  1  0  0
 -8.9979390596307191e-12  0  1  0  0  0  0  0  1  0  0  0  0  0  0  1  0
  2.3357736491405227e-04  1  0  0  1  0  0  0  0  0  0  0  0  2  0  0  1
 -9.0052677065861667e-05  0  0  1  1  0  0  0  0  0  0  0  0  1  0  1  1
 -3.3349690417209921e-02  0  0  0  0  0  0  0  0  0  0  0  0  2  1  1  1
 -5.1745820518555310e-06  0  0  1  0  0  0  0  0  0  0  0  0  0  1  0  3
  4.3496570105729787e-12  0  0  0  1  0  0  1  0  0  0  0  0  0  1  0  0
 -3.1461193474508776e-11  0  2  0  0  1  0  0  0  0  0  0  0  0  0  0  0
  3.4967105059704704e-10  0  0  0  1  0  0  0  0  0  0  0  1  1  0  0  0
 -1.0646633899311917e-11  0  0  0  1  0  1  0  0  0  0  0  0  0  0  1  0
 -8.1054127927646880e-06  0  1  1  1  0  0  0  0  0  0  0  0  0  0  2  0
 -4.6429113873341819e-05  1  0  0  1  0  0  0  0  0  0  0  0  0  0  0  3
  5.2771341599064686e-02  0  0  0  0  0  0  0  0  0  1  1  1  0  2  0  0
  1.5818619259194898e-10  0  0  0  0  0  1  0  0  0  0  0  1  0  0  1  0
 -1.7317959194001922e-04  0  0  0  0  1  0  0  2  0  0  0  0  0  2  0  0
 -5.2253178287350238e-02  0  0  0  0  0  0  0  0  0  2  1  1  0  1  0  0
  2.8266565274624426e-07  1  0  0  0  0  0  0  0  0  0  0  0  2  0  0  0
  3.8186161941931265e-02  0  0  0  0  0  0  0  0  1  0  0  0  2  2  0  0
 -1.1116507518147668e-04  0  0  0  0  3  0  0  0  0  0  0  0  0  0  0  2
 -8.4963233517204644e-07  1  0  3  0  0  0  0  0  0  0  0  0  0  0  1  0
  2.6785980715802649e-10  0  1  0  0  0  0  1  0  0  0  0  0  0  0  0  1
 -2.0081450732940744e-06  1  2  0  1  0  0  0  0  0  0  0  0  0  0  0  1
  2.4749572073385820e-11  0  0  2  0  0  0  0  0  1  0  0  0  0  0  0  0
 -5.3070771520461104e-03  0  0  0  0  0  0  0  0  0  0  0  0  1  0  4  0
 -1.8730113744448842e-10  0  0  0  0  1  0  0  0  0  0  2  0  0  0  0  0
  9.8800003816328563e-06  0  0  0  0  0  0  0  0  1  2  0  0  0  0  0  0
 -4.1427905223659272e-10  0  0  0  0  0  0  0  1  1  0  0  1  0  0  0  0
  1.8611994418086851e-05  1  0  1  1  0  0  0  0  0  0  0  0  1  1  0  0
 -4.3166717712587906e-03  0  0  0  0  0  0  0  0  3  0  0  0  0  0  2  0
  2.0400074041300901e-04  0  0  0  0  0  0  2  1  0  0  0  0  1  0  0  1
 -7.8637462421192347e-07  3  0  1  0  0  0  0  0  0  0  0  0  0  0  1  0
 -2.6888203439097834e-02  0  0  0  0  0  0  0  0  0  0  0  4  1  0  0  0
  3.8315640511142417e-05  0  0  0  1  0  0  0  0  0  0  0  0  2  1  1  0
 -1.4390418790727653e-07  0  0  0  0  1  1  0  0  0  0  0  0  0  1  0  0
 -1.3713880618075219e-03  0  0  0  0  0  0  0  1  0  0  0  0  1  2  0  1
 -1.2064502774172784e-09  0  0  0  0  0  0  1  0  1  0  1  0  0  0  0  0
  7.8084581069077482e-03  0  0  0  0  0  0  0  0  0  0  0  0  0  1  1  3
  3.7955475138776238e-07  0  0  0  0  0  0  2  0  0  0  0  0  1  0  0  0
 -1.7993614442710692e-05  0  0  0  1  0  0  0  0  0  0  0  0  0  1  1  2
  1.0975702597919788e-04  1  1  1  0  0  0  0  0  0  0  0  0  1  0  0  1
  5.5830729724918118e-05  0  0  0  2  0  0  0  0  0  0  0  0  1  2  0  0
  1.5319521172866237e-04  0  1  1  0  0  0  0  0  0  0  0  0  1  1  1  0
  1.5114683252518675e-02  0  0  0  0  0  0  0  0  0  3  1  1  0  0  0  0
 -3.1329125737131428e-07  0  0  0  0  0  1  1  0  0  0  0  0  0  0  0  1
  5.0566817295828642e-07  1  0  0  4  0  0  0  0  0  0  0  0  0  0  0  0
  1.5776208613481308e-04  0  0  0  0  0  0  3  0  0  0  0  0  1  0  1  0
 -2.0296393329899552e-05  0  0  0  0  0  0  0  0  1  0  0  2  0  0  0  0
 -8.9523424593239337e-02  0  0  0  0  0  0  0  0  2  1  0  1  0  0  1  0
  1.1365279368457933e-05  0  0  0  0  0  0  3  1  0  0  0  0  0  1  0  0
 -8.9865974824289447e-06  1  1  0  1  0  0  0  0  0  0  0  0  0  1  0  1
  1.5016590077719014e-01  0  0  0  0  0  0  0  0  1  0  0  2  0  0  0  2
  1.4622542151072963e-04  0  0  1  0  0  0  0  0  0  0  0  0  1  0  3  0
  4.8421210923115023e-11  1  0  0  0  2  0  0  0  0  0  0  0  0  0  0  0
  4.7823332865628611e-04  0  0  0  0  0  1  0  1  0  0  0  0  1  1  0  1
 -3.5987584820156002e-02  0  0  0  0  0  0  0  0  0  1  0  0  1  1  0  2
  6.9861857723847493e-04  0  0  0  0  0  0  1  0  0  0  0  0  1  0  1  2
  1.2960850017411841e-02  0  0  0  0  0  0  0  0  0  0  0  1  0  3  1  0
 -2.8339149576633946e-02  0  0  0  0  0  0  0  0  0  0  0  1  0  1  1  2
  3.3816331123906278e-04  0  0  0  0  0  0  0  2  0  0  0  0  1  2  0  0
  6.5371937353753511e-08  1  0  4  0  0  0  0  0  0  0  0  0  0  0  0  0
  1.7838187788602018e-05  1  0  1  1  0  0  0  0  0  0  0  0  0  0  1  1
  6.8529969892120859e-02  0  0  0  0  0  0  0  0  1  1  0  2  0  1  0  0
 -7.9577858600523837e-03  0  0  0  0  0  0  0  0  0  0  0  0  1  4  0  0
  8.1330548776420304e-06  0  0  0  0  0  3  0  1  0  0  0  0  0  0  1  0
 -8.4883450613899597e-02  0  0  0  0  0  0  0  0  0  0  0  1  3  0  0  1
 -5.2562945743615239e-02  0  0  0  0  0  0  0  0  2  0  1  0  1  0  1  0
 -1.3226748501404851e-10  0  0  1  0  1  0  1  0  0  0  0  0  0  0  0  0
 -1.1116563472403305e-02  0  0  0  0  0  0  0  0  0  0  0  0  0  3  1  1
  7.3059365108507238e-07  0  0  0  0  0  1  0  0  0  0  0  0  1  1  0  0
  2.9689586802514403e-05  0  0  0  0  3  0  0  0  0  0  0  0  0  2  0  0
 -5.9498985703511484e-10  0  0  0  0  1  0  0  0  1  0  0  0  1  0  0  0
 -2.1433036579794356e-07  0  0  0  0  1  0  0  0  0  0  0  0  0  0  2  0
 -5.2025194898481023e-02  0  0  0  0  0  0  0  0  0  1  0  2  1  1  0  0
  3.6529682554253619e-07  0  0  0  0  1  0  0  0  0  0  0  0  0  2  0  0
 -9.2242983933977230e-03  0  0  0  0  0  0  0  0  0  0  0  1  0  1  3  0
 -5.5347269204211595e-12  0  0  0  1  0  1  1  0  0  0  0  0  0  0  0  0
 -1.5969828618509943e-10  0  1  0  0  0  0  1  1  0  0  0  0  0  0  0  0
 -3.1940385599882851e-05  0  1  1  0  0  0  0  0  0  0  0  0  0  2  0  1
 -1.2818342728411865e-04  0  0  0  0  0  1  0  2  0  0  0  0  1  1  0  0
 -1.3553137124679102e-02  0  0  0  0  0  0  0  0  0  1  0  0  0  0  3  1
 -1.1378525516199340e-05  1  0  2  0  0  0  0  0  0  0  0  0  2  0  0  0
  1.0494063081503910e-09  0  0  0  0  0  0  0  1  0  0  0  1  1  0  0  0
 -1.6675642418010329e-11  0  0  0  0  0  1  0  1  0  0  1  0  0  0  0  0
 -1.3045398638799235e-06  0  2  0  2  0  0  0  0  0  0  0  0  1  0  0  0
 -2.6103925592710157e-05  0  1  0  0  0  0  0  0  0  0  0  0  0  0  1  3
  2.7032135192508064e-02  0  0  0  0  0  0  0  0  0  0  0  0  1  2  0  2
  1.2960850017411837e-02  0  0  0  0  0  0  0  0  0  0  1  0  0  3  0  1
 -7.1947160139677890e-02  0  0  0  0  0  0  0  0  1  0  1  2  0  0  1  0
 -9.7703134678706462e-07  0  2  1  1  0  0  0  0  0  0  0  0  0  1  0  0
  3.7263237086477934e-04  0  0  0  0  0  0  1  0  0  0  0  0  2  1  0  1
 -6.4542278399539944e-06  0  0  0  0  4  0  0  0  0  0  0  0  1  0  0  0
  6.8529969892120873e-02  0  0  0  0  0  0  0  0  1  1  2  0  0  1  0  0
  1.2964561555064273e-05  0  2  0  1  0  0  0  0  0  0  0  0  1  0  0  1
  3.3049575002486038e-11  1  0  0  0  0  1  0  0  0  0  0  0  0  1  0  0
 -1.2043449983742024e-11  1  1  0  0  0  0  0  0  0  1  0  0  0  0  0  0
  2.6605173781626955e-06  2  1  1  1  0  0  0  0  0  0  0  0  0  0  0  0
 -4.6916398168999387e-04  0  0  0  0  2  0  0  0  0  0  0  0  3  0  0  0
  1.9825418786874284e-04  0  0  0  0  1  0  0  0  0  0  0  0  0  0  0  4
 -1.6942361822811086e-01  0  0  0  0  0  0  0  0  1  0  0  2  2  0  0  0
  1.0298482167562416e-04  0  0  0  0  0  0  1  1  0  0  0  0  0  1  0  2
 -8.1163002678914648e-05  0  0  0  0  0  2  0  0  0  0  0  0  1  0  0  2
  9.9200625812398131e-04  0  0  0  0  2  0  0  0  0  0  0  0  1  0  0  2
  6.9295700819058703e-06  0  0  2  0  0  0  0  0  0  0  0  0  0  1  1  1
  9.1033300668737433e-04  0  0  0  0  1  1  0  1  0  0  0  0  1  0  1  0
  2.4205304455158767e-04  0  1  0  0  0  0  0  0  0  0  0  0  2  0  1  1
 -4.4029623560453291e-07  0  1  3  1  0  0  0  0  0  0  0  0  0  0  0  0
  8.8265062045727757e-06  0  0  0  0  0  0  0  0  0  1  0  0  0  0  1  1
  7.3057775705993006e-02  0  0  0  0  0  0  0  0  1  0  0  0  1  1  1  1
 -4.5614862516520867e-02  0  0  0  0  0  0  0  0  3  0  0  0  0  0  0  2
  7.6140715466335739e-04  0  0  0  0  1  0  0  0  0  0  0  0  4  0  0  0
 -6.8878104057201834e-05  0  1  0  1  0  0  0  0  0  0  0  0  2  0  1  0
 -7.4710241108680155e-11  0  0  0  1  0  0  0  0  0  1  1  0  0  0  0  0
  1.9390803074104755e-04  0  0  0  0  0  0  1  2  0  0  0  0  1  0  1  0
 -7.2648041735539105e-06  2  1  1  0  0  0  0  0  0  0  0  0  0  0  0  1
 -2.3911666432814311e-04  0  0  0  0  0  1  0  1  0  0  0  0  0  2  1  0
  2.0299818469946284e-05  0  0  0  0  1  0  0  4  0  0  0  0  0  0  0  0
  1.4352357471241412e-06  3  0  0  0  0  0  0  0  0  0  0  0  0  0  2  0
  2.6971429257322482e-11  0  0  0  2  0  0  0  0  1  0  0  0  0  0  0  0
 -2.7546211021017534e-05  0  2  0  0  0  0  0  0  0  0  0  0  1  0  0  2
  5.2790238996644180e-10  0  0  0  0  0  1  0  0  1  1  0  0  0  0  0  0
 -1.2795994439139557e-08  1  1  0  0  0  0  0  0  0  0  0  0  0  1  0  0
  4.8906539025495336e-04  0  0  0  0  0  1  0  0  0  0  0  0  0  2  1  1
 -1.3951166386756450e-04  0  0  0  0  0  1  1  1  0  0  0  0  0  0  2  0
 -1.9755016172788791e-10  0  1  0  0  0  0  0  0  0  0  1  1  0  0  0  0
  6.0704972890360449e-04  0  0  0  0  1  0  1  0  0  0  0  0  2  0  1  0
 -3.3117877813941154e-11  1  0  0  1  0  0  0  0  0  0  0  1  0  0  0  0
 -1.9782673312697776e-04  0  0  0  0  0  0  0  1  0  0  0  0  0  1  1  2
  4.0902158068745182e-05  0  0  0  0  0  1  3  0  0  0  0  0  0  0  0  1
 -8.2142196252994085e-02  0  0  0  0  0  0  0  0  1  0  0  1  0  0  0  3
  4.4863024665524802e-07  0  0  0  0  0  0  0  2  0  0  0  0  1  0  0  0
  5.5966151759410189e-07  0  4  0  0  0  0  0  0  0  0  0  0  1  0  0  0
 -1.4939745132700298e-04  0  0  0  0  2  1  0  1  0  0  0  0  0  0  1  0
 -2.7170913599077640e-02  0  0  0  0  0  0  0  0  0  0  2  0  1  0  0  2
  6.5420138253874276e-06  0  1  0  1  0  0  0  0  0  0  0  0  0  0  3  0
  5.9831397860312247e-12  1  0  0  0  0  0  0  0  0  2  0  0  0  0  0  0
  5.9892236621386258e-05  0  0  0  0  0  2  0  1  0  0  0  0  0  1  1  0
  8.3680901117457319e-11  0  0  0  0  0  0  0  1  0  0  1  0  0  1  0  0
 -5.1745820518555310e-06  0  0  0  1  0  0  0  0  0  0  0  0  0  1  3  0
  4.0392437977236509e-04  0  0  0  0  1  0  0  2  0  0  0  0  0  0  0  2
 -2.6539984537839948e-04  0  0  0  0  1  0  1  0  0  0  0  0  0  0  1  2
 -2.0008391881139751e-04  0  0  0  0  0  0  1  1  0  0  0  0  2  1  0  0
  9.0610392087661085e-03  0  0  0  0  0  0  0  0  0  3  0  0  0  0  1  1
  8.9068760407543242e-05  0  0  0  0  1  2  0  0  0  0  0  0  2  0  0  0
 -3.3040050544252249e-02  0  0  0  0  0  0  0  0  0  0  1  0  3  0  1  0
 -2.3301492226158769e-02  0  0  0  0  0  0  0  0  1  0  3  0  0  0  1  0
 -3.6959422035639655e-08  0  1  0  1  0  0  0  0  0  0  0  0  0  0  1  0
 -9.3990504125152905e-09  0  0  0  0  0  0  0  0  0  0  0  0  1  0  0  0
  2.8044839990114100e-02  0  0  0  0  0  0  0  0  1  2  0  0  0  2  0  0
 -2.9557812460241462e-02  0  0  0  0  0  0  0  0  0  1  3  1  0  0  0  0
  2.1313064743635427e-02  0  0  0  0  0  0  0  0  2  0  0  0  1  0  2  0
  9.8800003816328834e-06  0  0  0  0  0  0  0  0  3  0  0  0  0  0  0  0
  4.8745723694885907e-11  0  0  1  0  1  0  0  0  0  0  0  0  0  0  1  0
 -4.4601642793479093e-10  0  0  1  0  0  0  0  0  1  0  1  0  0  0  0  0
  5.3253252452029366e-10  0  0  0  0  0  0  1  0  0  1  0  0  0  0  0  1
 -6.4091713642059326e-05  0  0  0  0  1  0  2  0  0  0  0  0  0  2  0  0
  3.1727121630295156e-04  0  0  0  0  0  1  1  0  0  0  0  0  0  0  2  1
  1.3774011560273171e-06  0  0  0  0  0  4  0  0  0  0  0  0  1  0  0  0
  3.8882550052235509e-02  0  0  0  0  0  0  0  0  0  0  1  0  2  1  0  1
 -6.6227954200732843e-07  2  0  2  0  0  0  0  0  0  0  0  0  1  0  0  0
  1.4551874703716746e-10  1  0  0  0  0  0  0  0  0  0  0  2  0  0  0  0
  3.4848461641004052e-11  0  0  0  1  0  0  0  0  0  0  1  0  0  1  0  0
 -1.7221579565895160e-10  0  0  1  0  0  0  0  0  0  1  0  1  0  0  0  0
  6.3643603236552123e-03  0  0  0  0  0  0  0  0  1  0  0  0  0  4  0  0
  3.3348852656941145e-11  0  0  2  0  1  0  0  0  0  0  0  0  0  0  0  0
  4.6404950372234598e-02  0  0  0  0  0  0  0  0  1  1  0  0  0  1  0  2
  2.3301492226158779e-02  0  0  0  0  0  0  0  0  0  1  0  3  0  0  1  0
 -2.1695484467892122e-02  0  0  0  0  0  0  0  0  1  1  0  0  0  3  0  0
  1.6192916686596584e-06  1  1  0  2  0  0  0  0  0  0  0  0  0  1  0  0
 -2.5816138650872594e-06  0  0  0  0  2  0  0  0  0  0  0  0  1  0  2  0
  1.0958904766276086e-06  0  0  0  0  1  0  0  0  0  0  0  0  2  0  0  0
 -6.3725046594500054e-02  0  0  0  0  0  0  0  0  0  1  0  0  1  1  2  0
  7.3628766221816986e-12  0  0  1  1  0  1  0  0  0  0  0  0  0  0  0  0
  1.5657458561444071e-04  0  0  0  1  0  0  0  0  0  0  0  0  1  0  2  1
  5.4514932666874860e-06  0  0  0  0  0  0  0  0  0  0  0  1  0  1  1  0
 -4.1973474139889427e-12  0  1  0  1  0  0  0  0  0  0  1  0  0  0  0  0
  1.7810120431144841e-01  0  0  0  0  0  0  0  0  1  1  1  0  1  0  0  1
  8.9523424593239337e-02  0  0  0  0  0  0  0  0  1  2  1  0  0  0  1  0
  3.0870730528813400e-06  0  2  1  0  0  0  0  0  0  0  0  0  0  1  0  1
 -2.2241631627005427e-04  0  0  0  0  1  0  0  0  0  0  0  0  0  2  2  0
  6.9513353192172792e-02  0  0  0  0  0  0  0  0  0  2  2  0  1  0  0  0
 -4.4029623560453302e-07  0  1  1  3  0  0  0  0  0  0  0  0  0  0  0  0
  3.3763845851385338e-02  0  0  0  0  0  0  0  0  0  0  1  1  0  1  0  2
 -6.8951509874589810e-04  0  0  0  0  0  0  1  1  0  0  0  0  1  0  1  1
  1.5778565087013547e-02  0  0  0  0  0  0  0  0  0  1  0  1  0  0  3  0
 -6.5420138253874276e-06  1  0  1  0  0  0  0  0  0  0  0  0  0  0  3  0
 -3.7530282291802466e-10  0  1  0  0  0  1  0  0  0  0  0  0  1  0  0  0
  1.8258579435883263e-10  1  0  0  0  0  0  0  0  0  0  0  0  0  0  0  0
 -7.4629310002212478e-04  0  0  0  0  0  1  1  0  0  0  0  0  2  0  0  1
 -1.5730036932936030e-02  0  0  0  0  0  0  0  0  3  1  0  0  0  1  0  0
 -6.6694639603799173e-05  0  0  0  0  0  0  1  1  0  0  0  0  0  3  0  0
 -8.9509949989762135e-05  0  0  0  0  1  0  2  1  0  0  0  0  0  0  0  1
  1.5228143093267148e-04  0  0  0  0  1  0  0  0  0  0  0  0  0  4  0  0
  1.1856844603469279e-10  1  0  0  0  0  0  0  0  2  0  0  0  0  0  0  0
 -9.4988455478702575e-06  1  1  0  0  0  0  0  0  0  0  0  0  0  3  0  0
  1.2150764342915184e-10  0  0  0  0  0  0  0  2  1  0  0  0  0  0  0  0
 -3.3816331123906273e-04  0  0  0  0  0  2  0  0  0  0  0  0  1  2  0  0
 -4.8756941166422515e-04  0  0  0  0  1  1  1  1  0  0  0  0  1  0  0  0
 -1.1447498771128561e-07  0  3  1  1  0  0  0  0  0  0  0  0  0  0  0  0
  3.0801736127177855e-05  0  0  0  0  1  0  0  0  0  0  0  0  0  0  4  0
 -5.0634005724643787e-08  0  1  1  0  0  0  0  0  0  0  0  0  0  0  0  1
 -1.3115535258953854e-02  0  0  0  0  0  0  0  0  0  0  0  0  1  0  0  4
 -2.3155044219824676e-04  0  0  0  0  0  0  2  0  0  0  0  0  1  0  0  2
 -1.3713880618075216e-03  0  0  0  0  0  0  1  0  0  0  0  0  1  2  1  0
  1.3069283718862225e-03  0  0  0  0  0  1  1  0  0  0  0  0  1  1  1  0
  1.0782552004308103e-04  1  1  0  1  0  0  0  0  0  0  0  0  1  0  1  0
  2.5457441294620853e-02  0  0  0  0  0  0  0  0  0  1  0  0  3  1  0  0
  3.0009731576562267e-04  0  0  0  0  2  0  0  2  0  0  0  0  1  0  0  0
 -1.0778006882603062e-06  0  0  4  0  0  0  0  0  0  0  0  0  1  0  0  0
  2.2966962191888922e-10  0  0  1  0  0  0  0  0  1  0  0  0  0  0  1  0
 -4.7455790036256568e-06  0  0  0  0  0  0  0  0  0  0  0  0  0  1  1  1
  4.2374818534952380e-07  4  0  0  0  0  0  0  0  0  0  0  0  1  0  0  0
 -1.3741865558842763e-05  0  0  0  0  0  0  0  0  1  0  0  0  0  0  0  2
  1.8858135758936300e-05  2  1  0  0  0  0  0  0  0  0  0  0  0  0  1  1
  1.4690311840394669e-05  0  0  0  0  0  0  0  0  0  0  0  2  1  0  0  0
  2.4428993481587629e-11  0  0  0  0  1  0  1  0  0  0  1  0  0  0  0  0
  1.9280437284972335e-02  0  0  0  0  0  0  0  0  0  0  2  0  3  0  0  0
  2.5677074084089522e-05  1  0  0  2  0  0  0  0  0  0  0  0  0  0  0  2
  2.1213200848229111e-06  2  0  1  0  0  0  0  0  0  0  0  0  0  1  0  1
  2.6145558514822138e-07  0  0  1  3  0  0  0  0  0  0  0  0  0  1  0  0
  3.2931482989648958e-06  0  1  2  1  0  0  0  0  0  0  0  0  0  0  1  0
 -1.1725831648347072e-04  0  0  0  0  0  2  0  0  0  0  0  0  0  1  1  1
  1.6507572230207114e-05  0  0  0  0  2  0  2  0  0  0  0  0  1  0  0  0
 -1.2851271457746692e-04  0  0  0  0  1  2  0  0  0  0  0  0  0  0  2  0
 -3.0920367291305098e-10  1  0  0  0  1  0  0  0  0  0  0  0  1  0  0  0
 -8.1054127927646880e-06  0  1  0  2  0  0  0  0  0  0  0  0  0  0  1  1
  2.2905592399592069e-04  0  0  0  0  1  0  0  0  0  0  0  0  0  0  2  2
  5.7427843459610408e-06  0  0  1  1  0  0  0  0  0  0  0  0  0  1  0  2
 -1.3297007845806076e-10  0  0  0  0  2  0  0  0  1  0  0  0  0  0  0  0
  1.5513266006847779e-04  1  0  0  0  0  0  0  0  0  0  0  0  4  0  0  0
  2.5976107331458529e-06  1  2  0  0  0  0  0  0  0  0  0  0  0  2  0  0
 -2.6012597449240504e-02  0  0  0  0  0  0  0  0  1  0  2  0  0  2  0  0
  2.9979643917193880e-05  1  0  0  0  0  0  0  0  0  0  0  0  0  0  0  4
  1.3894107784186897e-04  0  0  0  0  3  0  0  1  0  0  0  0  0  0  0  1
  2.0542048152553286e-02  0  0  0  0  0  0  0  0  0  3  0  0  1  1  0  0
 -5.5830729724918132e-05  0  2  0  0  0  0  0  0  0  0  0  0  1  2  0  0
 -1.1328884657664195e-07  2  0  0  0  0  0  0  0  0  0  0  0  1  0  0  0
 -2.8339149576633950e-02  0  0  0  0  0  0  0  0  0  0  1  0  0  1  2  1
  3.4843381376772314e-02  0  0  0  0  0  0  0  0  0  0  0  2  0  1  1  1
 -2.6103925592710157e-05  0  1  0  0  0  0  0  0  0  0  0  0  0  0  3  1
  6.7969408923072134e-04  0  0  0  0  0  0  0  1  0  0  0  0  1  0  2  1
  5.7427843459610408e-06  0  0  1  1  0  0  0  0  0  0  0  0  0  1  2  0
  5.8829865142994967e-06  1  2  0  0  0  0  0  0  0  0  0  0  2  0  0  0
  3.0707778677468594e-03  0  0  0  0  0  0  0  0  1  4  0  0  0  0  0  0
 -2.5118979998795195e-02  0  0  0  0  0  0  0  0  0  2  0  1  1  0  0  1
  3.8757183244837236e-06  1  0  0  0  0  0  0  0  0  0  0  0  0  0  4  0
  9.1863572103395766e-06  2  0  1  0  0  0  0  0  0  0  0  0  1  0  1  0
 -1.9394565711781143e-03  0  0  0  0  1  0  0  0  0  0  0  0  2  0  0  2
  6.6216314310318147e-05  0  0  0  0  1  0  2  0  0  0  0  0  0  0  2  0
 -2.2546996712799606e-05  0  0  0  0  0  0  0  0  1  1  0  0  0  1  0  0
 -2.6091378073690656e-02  0  0  0  0  0  0  0  0  0  0  0  2  1  0  2  0
 -4.9201866512522376e-02  0  0  0  0  0  0  0  0  1  0  0  1  0  0  2  1
  6.9138253742122162e-06  1  2  1  0  0  0  0  0  0  0  0  0  0  0  1  0
  5.4522071751898413e-05  0  0  0  0  0  2  0  1  0  0  0  0  1  0  0  1
  9.6994430448133077e-08  3  0  2  0  0  0  0  0  0  0  0  0  0  0  0  0
  1.9029650137164394e-01  0  0  0  0  0  0  0  0  2  0  0  2  1  0  0  0
 -1.2276578273616620e-02  0  0  0  0  0  0  0  0  0  3  1  0  0  0  0  1
 -2.5087987036227760e-06  0  3  0  0  0  0  0  0  0  0  0  0  0  0  1  1
  1.2387134733107046e-05  0  0  0  0  0  0  0  0  1  0  0  0  0  2  0  0
  4.0485795084286186e-04  0  0  0  0  0  0  0  2  0  0  0  0  3  0  0  0
 -3.2771062607743244e-05  0  0  0  0  0  0  0  0  2  0  0  0  1  0  0  0
  1.2771880170380807e-05  0  0  1  0  0  0  0  0  0  0  0  0  0  3  0  1
  7.9072971774938756e-10  0  0  0  0  1  0  0  0  0  0  0  2  0  0  0  0
  3.8148698664911385e-02  0  0  0  0  0  0  0  0  0  0  0  0  3  0  0  2
  1.9950298568297803e-02  0  0  0  0  0  0  0  0  1  0  0  0  0  0  2  2
  9.7813078050990694e-04  0  0  0  0  1  0  0  0  0  0  0  0  1  1  1  1
 -1.7249810532485704e-07  1  0  0  0  0  0  0  0  0  0  0  0  0  0  0  2
 -6.2899811031510863e-02  0  0  0  0  0  0  0  0  0  1  1  1  0  0  0  2
  1.2455730328927738e-07  1  0  0  1  0  0  0  0  0  0  0  0  0  0  0  1
 -4.4573692889319137e-02  0  0  0  0  0  0  0  0  1  0  2  0  2  0  0  0
  2.5985976034759424e-11  0  0  0  2  1  0  0  0  0  0  0  0  0  0  0  0
  5.7929410386179954e-10  0  0  0  1  0  0  0  1  0  0  0  0  1  0  0  0
  1.9583970529729808e-04  0  0  0  0  1  1  0  0  0  0  0  0  0  1  2  0
 -1.0155535237264854e-05  0  0  0  0  0  0  0  0  0  1  0  1  0  0  1  0
 -4.8415319137830692e-07  0  0  0  0  2  0  0  0  0  0  0  0  1  0  0  0
 -3.6386356837431461e-07  0  0  0  0  0  3  1  1  0  0  0  0  0  0  0  0
 -1.2269761888297755e-10  0  0  0  0  0  2  0  0  1  0  0  0  0  0  0  0
 -6.7929281324681989e-04  0  0  0  0  0  0  0  2  0  0  0  0  1  0  0  2
  1.2722076223679513e-03  0  0  0  0  0  1  0  0  0  0  0  0  2  0  1  1
 -8.9087786090576632e-02  0  0  0  0  0  0  0  0  1  0  0  1  1  1  1  0
 -1.1303075624767065e-05  0  0  0  0  0  0  0  0  0  1  1  0  0  0  0  1
  8.4963233517204654e-07  0  1  0  3  0  0  0  0  0  0  0  0  0  0  1  0
 -3.4635918388003861e-04  0  0  0  0  0  1  2  0  0  0  0  0  1  1  0  0
  2.3818790115204786e-11  0  0  0  0  1  0  0  0  0  1  0  0  0  1  0  0
 -1.1172383669134868e-02  0  0  0  0  0  0  0  0  0  3  0  1  0  0  1  0
  3.7263237086477923e-04  0  0  0  0  0  0  0  1  0  0  0  0  2  1  1  0
 -5.9265271745332402e-05  0  0  0  0  0  0  2  1  0  0  0  0  0  1  1  0
 -3.3628954302724956e-04  1  1  0  0  0  0  0  0  0  0  0  0  1  0  1  1
  3.2358191358656647e-02  0  0  0  0  0  0  0  0  2  0  2  0  1  0  0  0
  6.4266349627340527e-02  0  0  0  0  0  0  0  0  0  1  0  0  2  0  1  1
  1.5747772127701265e-08  0  1  1  1  0  0  0  0  0  0  0  0  0  0  0  0
